$SPEC_ID:
none
$SPEC_REM:
DET# 1
DETDESC# GRAD-LAB Easy-MCA-2k SN 14163589
AP# Maestro Version 7.01
$DATE_MEA:
09/12/2016 13:34:30
$MEAS_TIM:
373 374
$DATA:
0 2047
       0
       0
       0
       0
       0
       0
       0
       0
       0
       0
       0
       0
       0
       0
       0
       0
       0
       6
      14
      18
      10
      11
      16
       9
      14
       9
      10
      17
      12
       9
       7
       9
       8
      24
      12
       7
      21
      12
      11
      15
      21
      19
      27
      36
      31
      38
      54
      47
      74
     106
     125
     183
     225
     271
     336
     362
     452
     467
     521
     517
     590
     532
     449
     420
     365
     297
     266
     233
     197
     163
     122
      98
      87
      66
      56
      52
      46
      38
      37
      31
      23
      34
      29
      25
      22
      26
      27
      41
      33
      29
      23
      31
      36
      31
      38
      33
      37
      47
      39
      36
      35
      38
      42
      34
      28
      35
      34
      45
      34
      38
      27
      28
      37
      37
      30
      40
      29
      33
      37
      42
      45
      37
      49
      51
      79
      57
      74
      67
      74
      91
      95
     103
     103
     130
     130
     153
     159
     136
     172
     219
     200
     202
     188
     208
     213
     206
     189
     220
     184
     176
     184
     174
     140
     150
     160
     116
     109
      75
      75
      64
      68
      56
      38
      52
      29
      36
      40
      29
      27
      22
      26
      25
      27
      31
      23
      28
      17
      22
      19
      24
      27
      25
      31
      16
      27
      17
      27
      29
      17
      21
      16
      25
      27
      32
      26
      21
      28
      23
      18
      25
      22
      34
      21
      23
      20
      26
      26
      21
      30
      30
      23
      25
      30
      33
      28
      31
      17
      19
      25
      21
      34
      27
      26
      34
      27
      30
      17
      28
      27
      30
      21
      18
      24
      27
      25
      23
      28
      38
      28
      21
      26
      20
      25
      32
      26
      24
      28
      28
      29
      27
      24
      33
      22
      18
      27
      31
      23
      26
      28
      26
      30
      31
      29
      26
      23
      19
      34
      29
      28
      27
      26
      20
      20
      23
      28
      25
      29
      22
      20
      15
      27
      39
      36
      31
      22
      24
      28
      28
      22
      23
      31
      21
      28
      24
      27
      28
      26
      20
      31
      30
      23
      21
      23
      20
      30
      20
      27
      20
      27
      19
      25
      31
      20
      27
      29
      29
      22
      26
      33
      19
      16
      18
      12
      24
      18
      23
      21
      30
      14
      13
      14
      30
      26
      25
      21
      17
      19
      19
      14
      31
      25
      20
      23
      22
      27
      15
      30
      21
      23
      23
      25
      29
      22
      14
      29
      19
      19
      25
      13
      25
      13
      21
      26
      21
      15
      22
      20
      17
      19
      20
      12
      23
      18
      10
      20
      15
      28
      19
      18
      19
      14
      17
      19
      19
      25
      22
      22
      23
      23
      25
      14
      27
      32
      21
      14
      19
      27
      26
      28
      26
      25
      25
      27
      23
      32
      32
      24
      31
      26
      34
      26
      26
      27
      24
      28
      30
      28
      41
      36
      37
      40
      29
      29
      38
      42
      35
      45
      36
      34
      41
      37
      32
      40
      38
      41
      38
      36
      39
      35
      44
      39
      43
      50
      39
      56
      42
      32
      52
      53
      53
      43
      56
      53
      52
      39
      55
      61
      53
      38
      29
      49
      44
      40
      37
      42
      55
      34
      45
      47
      33
      34
      30
      34
      33
      36
      37
      38
      42
      29
      29
      43
      45
      40
      24
      33
      39
      36
      39
      39
      38
      52
      37
      30
      50
      54
      67
      57
      57
      54
      46
      52
      58
      85
      84
      84
      81
      83
      76
      77
      82
     101
      70
      89
      86
     103
      95
      98
      94
      86
     125
     110
      93
      81
      86
      94
      88
     108
      87
     104
      85
      99
     112
      84
      88
      85
      97
      81
      74
      75
      66
      69
      69
      61
      61
      78
      53
      58
      59
      46
      51
      64
      63
      40
      51
      42
      41
      42
      38
      32
      44
      37
      47
      25
      38
      29
      20
      28
      23
      25
      25
      25
      18
      25
      29
      22
      22
      25
      21
      20
      22
      23
      14
      19
      15
      12
      23
      13
      15
      21
      20
      13
      16
       8
      11
      15
      13
      18
      11
      13
      11
      10
       8
      10
       9
      15
      12
       7
       5
      14
      10
       9
      10
       6
       4
      12
       7
       4
      10
       5
      10
      12
      10
       8
       6
       8
       5
      12
      11
      12
       7
       6
      12
       6
       7
       7
      10
       9
       9
      10
       8
       6
       7
       8
       9
       6
       7
       6
       6
       6
      10
      10
       5
       6
       6
       5
      10
       6
       8
       4
       7
       5
      10
       4
       7
       7
       8
       4
      10
       5
       4
      10
       5
       8
       4
       4
       5
       9
       7
      14
       4
      13
       4
       2
       9
       7
       3
       6
      10
       3
      11
       9
      10
       6
       7
       6
       7
       4
       5
       5
      10
       7
       6
       4
       8
       7
       9
       6
       9
       8
       5
       9
       9
       7
       6
       9
       8
       6
      10
       8
       6
       7
       3
       7
       4
       5
       5
      10
       2
       6
       6
      10
       4
       8
       5
       4
       3
       8
       3
       5
      10
       4
       7
       8
       7
       5
      10
       6
       4
      10
       8
       4
       8
       8
       5
       5
       7
       5
       3
       5
       7
       7
       9
      11
       8
       7
       9
       8
       5
       6
       6
       7
      10
       5
       8
       5
       9
       7
       5
       5
       3
       5
       7
       7
       7
       9
       9
       1
       9
       3
       5
       5
       6
       5
       6
       1
       8
       8
       6
       7
       6
       9
       5
       8
       9
       4
       7
       8
       4
       9
       7
       2
       7
       4
       7
       3
       8
       7
       8
       7
      13
       9
       5
       8
       9
       3
       6
      14
       7
       9
       6
       6
       9
       9
       7
      13
       6
       8
      16
      11
      12
      11
      13
      14
       6
      13
      13
      12
      13
      16
      12
      10
       9
       5
      15
      10
      14
      10
      14
       8
      12
       6
      22
      17
      22
      26
      13
      11
      13
      19
      12
      18
      15
      11
      20
      20
      18
      20
       8
      16
      13
      16
      17
      17
      17
      17
      21
      13
      18
      17
      16
      17
      16
      20
      19
      16
      13
      20
      12
       8
      10
      13
      17
      15
      10
      18
      15
      15
      16
      10
      14
      15
      11
      11
      13
      12
      10
       8
       7
       9
       9
       6
       7
      14
      11
      11
       6
       8
       7
       5
       7
      13
       3
       9
      14
       4
       7
      10
       7
      10
       8
       9
       9
       6
       5
       8
       7
       3
      11
       4
       5
       3
       6
       6
       8
       5
       3
       3
       7
       7
       4
       3
       7
       7
       4
       7
       4
       4
       3
       5
       8
       2
       1
       9
       2
       1
       8
       4
       4
       2
       5
       1
       3
       7
       7
       5
       5
       4
       2
       7
       4
       5
       3
       3
       5
       7
       7
       2
       1
       5
       4
       5
       9
       5
       2
       5
       4
       3
       3
       4
       7
       7
       3
       3
       1
       0
       2
       5
       3
       2
       4
       1
       4
       8
       2
       4
       1
       5
       4
       6
       4
       1
       5
       2
       2
       1
       5
       6
       3
       4
       6
       4
       3
       4
       6
       1
       4
       4
       8
       7
       2
       2
       1
       5
       7
       1
       2
       6
       5
       8
       6
       9
       3
       8
       3
       4
       0
       2
       1
       1
       6
       2
       4
       7
       5
       2
       3
       3
       5
       3
       4
       5
       0
       2
       2
       6
       2
       6
       3
       7
       4
       4
       5
       6
       2
       0
       2
       1
       2
       8
       2
       9
       5
       5
       5
       2
       2
       7
       2
       5
       3
       3
       5
       4
       3
       4
       3
       3
       4
       3
       7
       5
       6
       4
       1
       4
       4
       4
       5
       6
       0
       1
       4
       2
       3
       4
       3
       4
       2
       5
       1
       1
       5
       2
       1
       2
       4
       2
       2
       1
       2
       2
       5
       4
       3
       3
       1
       2
       9
       5
       1
       6
       4
       2
       3
       5
       4
       2
       2
       2
       1
       4
       2
       1
       3
       3
       4
       1
       6
       6
       3
       2
       3
       8
       2
       4
       4
       3
       2
       2
       2
       3
       6
       2
       1
       4
       4
       3
       3
       6
       2
       3
       1
       1
       1
       7
       3
       5
       4
       3
       2
       3
       3
       2
       3
       3
       4
       3
       5
       4
       6
       3
       6
       4
       4
       5
       2
       9
       2
       7
       7
       2
       3
       1
       6
       2
       4
       2
       7
       1
       3
       1
       0
       3
       4
       3
       4
       6
       3
       0
       2
       1
       2
       1
       2
       1
       2
       6
       4
       6
       3
       2
       1
       3
       6
       3
       0
       5
       5
       0
       4
       2
       7
       4
       1
       3
       1
       3
       6
       7
       3
       2
       2
       6
       3
       3
       1
       3
       3
       4
       4
       6
       5
       4
       4
       5
       5
       5
       1
       1
       1
       1
       8
       4
       3
       3
       0
       4
       3
       4
       2
       0
       4
       4
       7
       6
       3
       3
       3
       3
       4
       5
       5
       4
       6
       6
       3
       7
       2
       4
       5
       5
       4
       3
       3
       2
       4
       2
       1
       3
       8
       5
       5
       4
       3
       1
       4
       3
       2
       4
       5
       0
       1
       4
       2
       3
       0
       2
       2
       2
       5
       2
       2
       5
       3
       5
       1
       2
       4
       1
       2
       3
       6
       3
       2
       2
       2
       4
       4
       2
       0
       3
       4
       2
       3
       2
       5
       5
       3
       2
       4
       5
       3
       4
       3
       1
       2
       1
       2
       2
       2
       2
       3
       2
       3
       1
       3
       2
       0
       3
       0
       2
       3
       0
       2
       1
       0
       2
       0
       0
       2
       1
       3
       1
       0
       4
       1
       1
       6
       2
       4
       5
       2
       4
       2
       3
       3
       3
       4
       3
       1
       1
       2
       1
       2
       0
       1
       3
       2
       1
       1
       0
       0
       1
       2
       3
       0
       4
       1
       4
       0
       1
       3
       1
       2
       1
       3
       3
       0
       1
       3
       1
       0
       1
       3
       2
       2
       3
       3
       0
       1
       1
       1
       1
       2
       3
       3
       1
       5
       0
       2
       3
       4
       3
       0
       1
       3
       1
       4
       2
       1
       1
       4
       1
       1
       3
       2
       4
       3
       3
       4
       0
       1
       3
       1
       0
       2
       2
       2
       1
       1
       1
       2
       0
       2
       0
       1
       4
       3
       0
       3
       0
       1
       0
       0
       1
       4
       0
       1
       3
       1
       1
       2
       2
       2
       3
       2
       1
       2
       2
       0
       3
       4
       2
       1
       3
       3
       1
       0
       3
       3
       4
       1
       0
       2
       3
       2
       1
       3
       3
       1
       0
       4
       2
       4
       1
       0
       1
       4
       0
       1
       0
       2
       5
       1
       5
       1
       1
       2
       2
       5
       2
       2
       2
       3
       1
       0
       3
       1
       5
       4
       5
       1
       3
       4
       3
       0
       1
       4
       0
       5
       1
       3
       2
       6
       2
       2
       5
       2
       2
       5
       6
       3
       1
       1
       0
       2
       3
       3
       4
       4
       5
       2
       2
       4
       7
       1
       4
       1
       3
       4
       3
       4
       1
       4
       1
       2
       4
       1
       3
       6
       5
       6
       4
       4
       1
       4
       2
       5
       4
       7
       5
       0
       2
       5
       3
       5
       3
       3
       3
       1
       3
       2
       1
       2
       3
       4
       3
       4
       1
       4
       4
       1
       4
       1
       1
       5
       4
       6
       1
       4
       2
       3
       1
       2
       1
       6
       2
       3
       2
       5
       2
       5
       3
       1
       3
       3
       3
       2
       4
       2
       3
       3
       3
       2
       1
       4
       0
       1
       1
       2
       1
       2
       3
       3
       3
       0
       1
       2
       3
       1
       1
       2
       2
       3
       5
       2
       0
       3
       4
       0
       2
       3
       2
       1
       0
       5
       3
       1
       0
       4
       2
       0
       0
       2
       2
       1
       1
       1
       1
       0
       2
       2
       3
       4
       1
       1
       1
       2
       0
       0
       2
       0
       0
       1
       2
       3
       0
       0
       0
       0
       0
       0
       0
       0
       0
       0
       0
       0
       0
       0
       0
       0
       0
       0
       0
       0
       0
       0
       0
       0
       0
       0
       0
       0
       0
       0
       0
       0
       0
       0
       0
       0
       0
       0
       0
       0
       0
       0
       0
       0
       0
       0
       0
       0
       0
       0
       0
       0
       0
       0
       0
       0
       0
       0
       0
       0
       0
       0
       0
       0
       0
       0
       0
       0
       0
       0
       0
       0
       0
       0
       0
       0
       0
       0
       0
       0
       0
       0
       0
       0
       0
       0
       0
       0
       0
       0
       0
       0
       0
       0
       0
       0
       0
       0
       0
       0
       0
       0
       0
       0
       0
       0
       0
       0
       0
       0
       0
       0
       0
       0
       0
       0
       0
       0
       0
       0
       0
       0
       0
       0
       0
       0
       0
       0
       0
       0
       0
       0
       0
       0
       0
       0
       0
       0
       0
       0
       0
       0
       0
       0
       0
       0
       0
       0
       0
       0
       0
       0
       0
       0
       0
       0
       0
       0
       0
       0
       0
       0
       0
       0
       0
       0
       0
       0
       0
       0
       0
       0
       0
       0
       0
       0
       0
       0
       0
       0
       0
       0
       0
       0
       0
       0
       0
       0
       0
       0
       0
       0
       0
       0
       0
       0
       0
       0
       0
       0
       0
       0
       0
       0
       0
       0
       0
       0
       0
       0
       0
       0
       0
       0
       0
       0
       0
       0
       0
       0
       0
       0
       0
       0
       0
       0
       0
       0
       0
       0
       0
       0
       0
       0
       0
       0
       0
       0
       0
       0
       0
       0
       0
       0
       0
       0
       0
       0
       0
       0
       0
       0
       0
       0
       0
       0
       0
       0
       0
       0
       0
       0
       0
       0
       0
       0
       0
       0
       0
       0
       0
       0
$ROI:
0
$PRESETS:
Live Time
999999
0
$ENER_FIT:
0.000000 0.749264
$MCA_CAL:
3
0.000000E+000 7.492638E-001 0.000000E+000 keV
$SHAPE_CAL:
3
0.000000E+000 0.000000E+000 0.000000E+000
