$SPEC_ID:
none
$SPEC_REM:
DET# 1
DETDESC# GRAD-LAB Easy-MCA-2k SN 14163589
AP# Maestro Version 7.01
$DATE_MEA:
09/12/2016 13:23:14
$MEAS_TIM:
318 318
$DATA:
0 2047
       0
       0
       0
       0
       0
       0
       0
       0
       0
       0
       0
       0
       0
       0
       0
       1
       1
       8
      15
      13
      15
       9
       8
       9
      14
       7
       8
      15
      14
      11
      15
      11
       8
      12
       8
       7
      15
      14
       9
      19
      24
      23
      25
      24
      38
      44
      40
      51
      67
      94
     101
     120
     166
     211
     276
     344
     390
     382
     416
     444
     465
     482
     409
     338
     361
     293
     236
     237
     151
     133
     102
      96
      63
      64
      48
      39
      39
      45
      26
      24
      12
      13
      17
      22
      26
      24
      28
      13
      25
      25
      23
      22
      28
      23
      36
      34
      39
      32
      32
      39
      34
      32
      30
      27
      31
      21
      36
      24
      21
      34
      30
      27
      22
      27
      27
      33
      34
      25
      40
      35
      34
      37
      41
      41
      48
      41
      49
      55
      62
      65
      74
      87
      79
     100
      88
      93
     143
     132
     144
     143
     155
     168
     166
     195
     196
     197
     186
     181
     183
     146
     141
     129
     126
     116
     111
     108
      90
      83
      62
      72
      45
      46
      47
      38
      38
      27
      31
      26
      22
      29
      27
      21
      18
      22
      19
      21
      19
      24
      22
      23
      22
      18
      27
      17
      21
      20
      25
      21
      14
      26
      21
      14
      18
      21
      25
      27
      26
      18
      26
      19
      24
      26
      31
      16
      19
      16
      18
      26
      26
      22
      20
      22
      28
      22
      20
      23
      24
      18
      29
      30
      19
      16
      23
      31
      25
      21
      18
      21
      20
      29
      25
      26
      21
      21
      28
      25
      22
      16
      26
      21
      33
      30
      21
      20
      18
      27
      23
      20
      24
      31
      17
      20
      16
      21
      19
      13
      22
      25
      18
      17
      25
      24
      21
      28
      24
      21
      21
      16
      23
      25
      22
      16
      28
      21
      14
      23
      21
      23
      17
      19
      22
      24
      27
      25
      21
      23
      21
      19
      20
      17
      22
      24
      26
      24
      14
      22
      21
      18
      31
      17
      13
      28
      23
      17
      24
      26
      21
      17
      23
      20
      14
      15
      24
      21
      16
      20
      23
      20
      17
      17
      25
      20
      28
      16
      18
      19
      14
      20
      25
      22
      19
      20
      23
      15
      17
      21
      28
      19
      18
      18
      20
      18
      11
      18
      11
      14
      25
      18
      17
      16
      24
      21
      26
      11
      10
      19
      20
      32
      17
      18
      19
      17
      13
       9
      19
      18
       7
      21
      13
      20
      17
      22
      13
      13
      23
      19
      14
      20
      22
      24
      21
      21
      14
      19
      11
      14
      15
      20
      20
      16
      15
      20
      17
      22
      18
      18
      18
      16
      22
      19
      21
      22
      15
      40
      24
      24
      30
      22
      18
      29
      25
      21
      31
      28
      25
      32
      25
      33
      26
      26
      36
      24
      36
      28
      33
      41
      24
      23
      30
      30
      43
      30
      31
      24
      37
      35
      29
      28
      41
      41
      34
      37
      44
      50
      36
      33
      44
      41
      30
      36
      30
      40
      40
      45
      36
      32
      37
      45
      45
      50
      36
      33
      48
      37
      37
      44
      37
      32
      40
      34
      36
      23
      22
      28
      41
      33
      30
      27
      29
      23
      39
      25
      23
      21
      20
      29
      27
      33
      34
      31
      40
      42
      26
      36
      37
      33
      45
      35
      42
      41
      53
      57
      77
      54
      53
      56
      55
      72
      77
      67
      71
      56
      67
      73
      62
      64
      69
      78
      83
      86
      72
      91
      86
      82
      85
      80
      67
      72
      62
      82
      64
      78
      65
      63
      84
      74
      70
      73
      74
      53
      66
      69
      61
      61
      49
      49
      53
      67
      51
      45
      41
      33
      39
      44
      39
      39
      34
      36
      22
      36
      44
      36
      22
      27
      23
      43
      26
      24
      17
      26
      21
      29
      29
      30
      18
      21
      21
      20
      23
      20
      17
      12
      20
      12
       7
      12
      13
      11
      12
      18
      18
       9
      12
       8
      13
       7
      12
       9
       8
      12
       5
      10
      15
       7
       6
       7
      15
      11
       6
       6
       6
       2
      11
       8
       7
       9
       8
       8
       3
       5
      10
       7
       9
      12
       4
      11
       8
       7
      13
       7
       7
       5
       8
       9
       8
      11
       4
       3
       7
       7
       6
       6
      10
       4
      10
       6
       9
       1
       6
      14
       3
       5
       1
       7
       5
       8
       7
      10
       1
       7
       4
       2
       4
       9
       7
       7
       7
       6
       6
       4
       5
       2
       3
       5
       7
       2
       1
       8
       7
       7
       4
       7
       5
      10
       5
       4
       5
       7
       7
       8
       8
       5
       7
      13
       5
       5
       9
       8
       8
       6
       3
       5
      10
       6
       5
       9
       9
       5
       6
       3
       3
       9
       6
       4
       4
       3
       4
       6
       5
       8
      10
       4
       9
       4
       5
       7
       4
       6
       6
       5
       7
       5
       4
       7
       3
       8
      11
       1
       3
       6
       5
       7
       6
       8
       2
       6
       6
       8
       5
       6
       6
       6
       3
       6
      11
       5
       6
       8
       8
       6
       7
       4
       6
      10
       4
       4
       2
       9
       5
       5
       6
      13
       7
      11
       5
       4
       4
      13
       8
       4
       8
       5
      10
       6
       5
       5
       4
      10
       3
       6
       3
       6
       6
       2
       6
       7
       1
       5
       5
       5
       5
       8
       7
       7
       5
       6
       9
       6
       9
       9
       4
       5
       7
       6
       7
       5
       3
       5
       3
       5
       3
       6
       6
       4
       2
       7
       5
       7
       7
       2
       5
      10
       6
       2
       6
      14
       7
       7
       7
      10
       6
      14
       9
      11
      16
       6
       6
      15
      13
      14
      14
      13
       5
      12
      12
       8
       6
      12
      11
       5
      16
      14
      12
      14
      17
      14
      11
      18
       8
      12
      15
      13
      13
      12
      19
      14
      15
       9
      12
       8
      10
      10
      14
      18
      18
      14
      11
      10
      20
      17
      13
      11
      15
      12
      16
       9
      18
      12
      10
       8
      14
      10
       9
       8
      13
       6
      13
      10
      13
       6
      10
      11
       6
      10
      11
       3
       5
       9
      13
       7
       6
      12
       9
       6
       6
      10
       7
       9
      11
      15
       5
       7
       8
       8
       6
       2
       5
       3
       4
       8
       6
       5
       4
       7
       6
       6
       2
      11
       3
       3
       4
       3
      13
      11
       7
       3
       4
       3
       6
       6
       6
       4
       4
       5
       6
       3
       4
       5
       2
       7
       6
       4
       6
       0
       0
       1
       4
       4
       3
       5
       5
       3
       4
       2
       4
       0
       5
       5
       5
       4
       3
       3
       5
       6
       3
       4
       1
       3
       4
       0
       6
       4
       1
       4
       5
       5
       1
       3
       4
       4
       1
       4
       1
       4
       4
       4
       5
       3
       0
       7
       2
       6
       6
       3
       2
       4
       2
       4
       6
       4
       6
       9
       5
       8
       4
       1
       3
       4
       4
       4
       0
       4
       4
       4
       2
       4
       2
       4
       2
       1
       3
       1
       3
       2
       7
       2
       3
       5
       5
       4
       6
       4
       6
       1
       4
       3
       1
       6
       0
       2
       2
       1
       1
       1
       3
       4
       2
       5
       2
       1
       4
       2
       4
       2
       3
       3
       4
       1
       1
       4
       3
       3
       3
       1
       1
       4
       1
       3
       5
       2
       0
       1
       3
       3
       2
       3
       2
       6
       3
       2
       3
       0
       3
       4
       2
       6
       5
       3
       2
       5
       4
       3
       1
       3
       4
       4
       1
       3
       3
       7
       3
       0
       2
       1
       1
       4
       0
       5
       2
       5
       3
       2
       0
       2
       4
       7
       3
       4
       3
       3
       3
       2
       1
       5
       5
       4
       1
       2
       4
       2
       2
       5
       4
       5
       2
       3
       5
       3
       2
       4
       0
       4
       4
       3
       2
       6
       1
       3
       3
       6
       2
       3
       2
       1
       3
       1
       3
       2
       2
       2
       3
       5
       3
       2
       3
       3
       5
       1
       2
       4
       0
       2
       7
       5
       3
       7
       3
       1
       3
       6
       4
       0
       2
       3
       2
       5
       4
       1
       1
       2
       4
       2
       4
       1
       1
       2
       3
       4
       1
       0
       2
       5
       4
       2
       2
       0
       1
       1
       4
       5
       3
       3
       6
       7
       4
       2
       2
       0
       6
       1
       5
       4
       1
       2
       4
       2
       3
       1
       2
       2
       2
       3
       2
       1
       3
       5
       0
       3
       5
       1
       2
       4
       4
       1
       3
       4
       3
       2
       4
       1
       0
       2
       1
       1
       2
       3
       5
       4
       3
       5
       2
       2
       0
       2
       2
       3
       2
       1
       0
       0
       7
       4
       2
       0
       0
       2
       6
       3
       2
       2
       4
       1
       1
       3
       3
       1
       6
       1
       8
       0
       3
       2
       3
       4
       3
       6
       2
       6
       6
       3
       4
       2
       5
       3
       0
       4
       5
       2
       1
       1
       4
       1
       4
       3
       4
       2
       2
       1
       1
       3
       3
       3
       2
       1
       2
       3
       4
       3
       3
       2
       7
       3
       1
       4
       5
       5
       3
       2
       3
       4
       1
       3
       6
       2
       4
       0
       3
       1
       2
       6
       4
       1
       4
       3
       4
       2
       4
       1
       5
       4
       1
       0
       4
       6
       2
       3
       0
       0
       5
       6
       2
       3
       1
       1
       0
       2
       1
       5
       1
       3
       2
       1
       2
       0
       1
       4
       5
       3
       2
       0
       1
       1
       3
       1
       1
       1
       0
       2
       1
       2
       2
       0
       2
       1
       3
       6
       3
       0
       1
       3
       2
       0
       3
       3
       1
       4
       3
       2
       2
       2
       1
       3
       0
       4
       2
       2
       1
       0
       3
       1
       3
       5
       0
       5
       7
       2
       3
       1
       0
       1
       2
       0
       0
       3
       2
       0
       4
       1
       1
       2
       2
       2
       2
       2
       2
       2
       0
       2
       1
       0
       3
       1
       3
       0
       3
       3
       4
       2
       1
       1
       2
       2
       1
       1
       0
       0
       3
       1
       1
       0
       1
       1
       0
       1
       1
       2
       1
       1
       2
       1
       2
       2
       2
       4
       4
       0
       1
       1
       3
       1
       3
       2
       3
       2
       1
       1
       3
       1
       2
       1
       1
       3
       0
       2
       0
       0
       1
       1
       3
       0
       0
       4
       3
       2
       5
       0
       4
       1
       5
       3
       2
       1
       1
       1
       2
       0
       0
       1
       0
       4
       1
       4
       1
       1
       2
       2
       0
       2
       0
       4
       0
       6
       1
       0
       1
       4
       3
       2
       1
       2
       0
       0
       2
       1
       1
       0
       5
       4
       0
       4
       1
       3
       2
       3
       2
       1
       3
       2
       3
       2
       1
       2
       2
       2
       3
       5
       2
       2
       2
       5
       3
       1
       4
       2
       1
       4
       1
       0
       0
       6
       3
       2
       2
       5
       5
       1
       4
       5
       6
       4
       3
       3
       1
       5
       2
       5
       1
       9
       2
       1
       2
       5
       2
       2
       3
       3
       3
       1
       3
       2
       1
       2
       3
       4
       3
       4
       1
       6
       1
       4
       3
       2
       6
       0
       3
       1
       1
       2
       1
       2
       4
       4
       1
       3
       1
       3
       3
       4
       3
       6
       1
       5
       2
       3
       2
       1
       0
       7
       4
       3
       5
       2
       1
       3
       2
       1
       0
       2
       2
       2
       1
       1
       5
       3
       0
       5
       0
       1
       0
       1
       4
       1
       0
       2
       0
       0
       5
       2
       0
       4
       1
       1
       3
       1
       0
       0
       2
       2
       1
       2
       1
       2
       0
       0
       3
       0
       1
       2
       1
       2
       1
       1
       2
       2
       0
       2
       1
       3
       0
       1
       0
       0
       1
       1
       1
       2
       1
       1
       2
       2
       1
       2
       1
       3
       1
       0
       0
       0
       0
       0
       0
       0
       0
       0
       0
       0
       0
       0
       0
       0
       0
       0
       0
       0
       0
       0
       0
       0
       0
       0
       0
       0
       0
       0
       0
       0
       0
       0
       0
       0
       0
       0
       0
       0
       0
       0
       0
       0
       0
       0
       0
       0
       0
       0
       0
       0
       0
       0
       0
       0
       0
       0
       0
       0
       0
       0
       0
       0
       0
       0
       0
       0
       0
       0
       0
       0
       0
       0
       0
       0
       0
       0
       0
       0
       0
       0
       0
       0
       0
       0
       0
       0
       0
       0
       0
       0
       0
       0
       0
       0
       0
       0
       0
       0
       0
       0
       0
       0
       0
       0
       0
       0
       0
       0
       0
       0
       0
       0
       0
       0
       0
       0
       0
       0
       0
       0
       0
       0
       0
       0
       0
       0
       0
       0
       0
       0
       0
       0
       0
       0
       0
       0
       0
       0
       0
       0
       0
       0
       0
       0
       0
       0
       0
       0
       0
       0
       0
       0
       0
       0
       0
       0
       0
       0
       0
       0
       0
       0
       0
       0
       0
       0
       0
       0
       0
       0
       0
       0
       0
       0
       0
       0
       0
       0
       0
       0
       0
       0
       0
       0
       0
       0
       0
       0
       0
       0
       0
       0
       0
       0
       0
       0
       0
       0
       0
       0
       0
       0
       0
       0
       0
       0
       0
       0
       0
       0
       0
       0
       0
       0
       0
       0
       0
       0
       0
       0
       0
       0
       0
       0
       0
       0
       0
       0
       0
       0
       0
       0
       0
       0
       0
       0
       0
       0
       0
       0
       0
       0
       0
       0
       0
       0
       0
       0
       0
       0
       0
       0
       0
       0
       0
       0
       0
       0
       0
       0
       0
       0
       0
       0
       0
       0
       0
       0
       0
       0
       0
       0
$ROI:
0
$PRESETS:
Live Time
999999
0
$ENER_FIT:
0.000000 0.749264
$MCA_CAL:
3
0.000000E+000 7.492638E-001 0.000000E+000 keV
$SHAPE_CAL:
3
0.000000E+000 0.000000E+000 0.000000E+000
