$SPEC_ID:
none
$SPEC_REM:
DET# 1
DETDESC# GRAD-LAB Easy-MCA-2k SN 14163589
AP# Maestro Version 7.01
$DATE_MEA:
09/12/2016 13:42:04
$MEAS_TIM:
275 275
$DATA:
0 2047
       0
       0
       0
       0
       0
       0
       0
       0
       0
       0
       0
       0
       0
       0
       0
       0
       1
       4
       6
       9
       9
      10
       9
       3
       6
      10
      13
      13
       8
       8
       6
       6
      11
       9
       9
       7
       8
      11
      15
      12
      18
      15
      18
      17
      25
      29
      41
      45
      58
      76
      95
     126
     144
     176
     212
     297
     325
     355
     354
     402
     338
     362
     364
     305
     278
     246
     229
     185
     142
     104
      89
      74
      65
      42
      48
      35
      25
      30
      25
      14
      17
      17
      17
      21
      15
      18
      19
      14
      18
      16
      19
      20
      21
      29
      25
      34
      18
      30
      29
      24
      30
      32
      19
      26
      32
      32
      22
      18
      28
      23
      24
      19
      23
      21
      26
      26
      25
      32
      33
      19
      37
      31
      28
      37
      38
      56
      45
      43
      41
      66
      70
      66
      66
      80
      77
      89
     123
     116
     116
     133
     140
     168
     151
     147
     167
     161
     152
     125
     139
     123
     142
     136
     109
      87
      92
      75
      72
      71
      50
      44
      41
      40
      41
      31
      36
      32
      21
      25
      43
      15
      25
      11
      25
      14
      24
      17
      18
      16
      23
      21
      34
      19
      13
      25
      16
      18
      19
      23
      28
      21
      25
      14
      16
      13
      11
      21
      25
      31
      29
      17
      23
      16
      20
      26
      15
      18
      24
      23
      14
      25
      19
      17
      24
      13
      19
      23
      25
      13
      18
      29
      18
      23
      15
      14
      13
      25
      19
      11
      28
      15
      25
      15
      30
      17
      14
      21
      16
      24
      23
      16
      20
      18
      35
      18
      21
      20
      24
      22
      21
      20
      19
      24
      34
      24
      19
      20
      18
      22
      24
      17
      23
      23
      19
      20
      23
      19
      19
      19
      28
      28
      19
      15
      14
      14
      19
      24
      23
      22
      19
      24
      29
      15
      17
      22
      20
      16
      21
      22
      16
      14
      14
      17
      19
      24
      12
      25
      19
      19
      17
      17
      13
      15
      16
      13
      12
      22
      21
      17
      17
      22
      17
      22
      19
      13
      13
      19
      11
      17
      17
      16
      16
      18
      16
      13
      18
      11
      17
      13
      15
      12
      13
      10
      18
      15
       6
      14
      14
      23
      19
      26
      17
      22
      15
      10
      18
      20
      22
      11
      14
      19
      13
      14
      23
      20
      10
      16
       6
      12
      16
      16
      17
      13
      12
      13
      20
      16
      15
      13
      16
      21
      10
      15
      10
      20
       5
      14
       9
      18
      11
      18
      10
      12
      15
      15
       8
      15
      13
      10
      14
      12
      16
      11
      11
      14
      20
      21
      17
      25
      22
      26
      18
      19
      22
      21
      13
      24
      18
      22
      25
      31
      23
      23
      31
      20
      24
      37
      29
      28
      26
      31
      22
      29
      27
      28
      32
      25
      26
      20
      24
      31
      31
      24
      30
      39
      27
      27
      16
      32
      36
      35
      27
      29
      30
      30
      26
      34
      39
      38
      32
      31
      45
      39
      33
      31
      37
      23
      45
      28
      38
      22
      31
      34
      27
      32
      26
      24
      22
      27
      29
      36
      20
      30
      21
      28
      26
      33
      38
      26
      28
      18
      31
      24
      25
      24
      20
      25
      14
      32
      31
      24
      37
      28
      34
      32
      41
      44
      32
      41
      45
      36
      23
      57
      59
      49
      43
      54
      53
      64
      65
      69
      46
      66
      66
      68
      78
      52
      65
      80
      62
      62
      62
      66
      61
      87
      61
      59
      60
      79
      77
      51
      56
      76
      67
      73
      62
      53
      57
      58
      46
      63
      67
      46
      49
      41
      40
      46
      38
      36
      36
      30
      49
      44
      30
      34
      34
      32
      25
      23
      28
      28
      33
      22
      19
      18
      13
      23
      23
      26
      21
      23
      23
      15
      13
      17
      18
      18
      15
      15
      15
      21
      12
      11
      17
      23
      12
      13
      11
      10
      10
      10
      13
       9
       6
       9
      13
      10
       9
       7
       6
       5
      11
       9
       7
      13
       8
       5
       5
       4
       5
      12
      11
       2
       4
       8
       3
       8
       4
       3
       6
       8
       8
       5
       6
       6
       6
       8
       7
       4
       9
       9
       5
       7
       9
       5
       6
       2
       8
       3
       8
       3
      11
       6
       5
       6
       7
       7
       4
       4
       4
       1
       8
       7
       4
       1
       2
       5
       6
       3
       7
      10
       6
       5
       3
       5
       2
       2
      10
       4
       4
       6
       8
       5
       4
       3
       5
       7
       4
      11
       3
       3
       6
       3
       5
       7
       4
      10
       8
       3
       3
       9
       7
       8
       6
       4
       6
       6
       6
       6
       7
      10
       4
       5
       1
       5
       2
       7
       7
       9
       4
       6
       9
       9
       5
       4
       5
       4
       7
       4
       7
       4
       9
       8
       9
       3
       6
       5
       2
       6
       2
       5
      15
       8
       6
       3
       6
       6
       1
       4
       4
       5
       3
       5
       7
       6
       5
       4
       5
       5
       5
       2
       7
       3
       7
       3
       5
       9
       1
       4
       8
       3
       8
       2
       6
      11
       7
       4
       5
       3
       5
       5
       8
       7
       6
       6
       3
       6
       5
      12
       9
       5
       1
       6
       5
       2
       1
       9
      10
       4
       5
       7
       5
       7
       4
       4
       3
       2
       7
       4
       2
       8
       9
       6
       7
       7
       5
       7
       7
      10
       3
       4
       8
       8
       4
       6
       5
       6
       5
       8
       6
       5
       8
       4
       5
       6
       9
       2
       6
       1
      11
       6
       8
       4
       4
       3
       9
       4
       7
      11
      12
       5
       8
       5
       7
       7
       9
      10
       6
       8
       9
      10
       6
       8
       8
      19
      17
      12
      11
      12
      11
       6
      13
       9
       8
      13
      11
       9
      15
      13
      15
       5
       8
      15
      12
      11
      12
      13
      19
      19
      14
      14
      16
       8
      10
      16
      11
      10
      12
       5
      14
      10
      12
       6
      15
       7
      14
      12
      11
       8
      15
       7
       5
      14
       4
      15
       8
      11
       9
       7
      15
      12
       9
       9
       4
       9
       7
       5
       7
       6
       3
       5
       8
      14
       5
       6
       5
       7
       7
       7
       7
       6
       5
       6
       5
       5
       7
       4
       4
       4
       6
       5
       5
       6
       3
       5
       6
      10
       6
       3
       4
       3
       4
       0
       3
       5
       2
       2
       6
       7
       5
       3
       5
       4
       4
       3
       1
       1
       2
       1
       8
       1
       5
       3
       7
       8
       1
       2
       1
       2
       3
       1
       0
       5
       2
       2
       3
       4
       4
       0
       3
       3
       5
       6
       3
       5
       4
       4
       3
       6
       3
       0
       4
       4
       3
       3
       1
       1
       4
       3
       7
       1
       1
       5
       2
       2
       3
       4
       3
       1
       1
       0
       3
       1
       3
       4
       4
       2
       2
       1
       2
       1
       1
       5
       3
       1
       6
       3
       2
       4
       3
       1
       0
       2
       1
       6
       1
       5
       3
       1
       2
       3
       2
       0
       2
       2
       3
       2
       1
       1
       0
       1
       2
       2
       2
       2
       1
       1
       2
       2
       2
       3
       4
       2
       2
       2
       3
       3
       3
       2
       2
       1
       5
       3
       1
       3
       2
       3
       2
       4
       6
       3
       2
       4
       1
       4
       7
       0
       3
       3
       3
       2
       2
       3
       2
       4
       1
       2
       5
       1
       1
       2
       2
       4
       4
       3
       3
       4
       3
       2
       2
       1
       1
       3
       4
       3
       0
       2
       5
       5
       1
       1
       3
       4
       4
       4
       5
       5
       6
       1
       1
       3
       4
       1
       2
       3
       1
       4
       1
       2
       4
       7
       2
       3
       1
       1
       6
       3
       3
       8
       1
       1
       4
       1
       2
       2
       4
       3
       0
       4
       4
       2
       1
       2
       4
       4
       6
       6
       3
       4
       1
      11
       1
       2
       3
       1
       1
       8
       1
       4
       3
       4
       2
       4
       1
       2
       2
       3
       0
       3
       1
       3
       5
       3
       1
       1
       1
       2
       2
       1
       1
       2
       2
       1
       0
       2
       3
       4
       5
       1
       2
       4
       3
       0
       2
       2
       1
       3
       1
       3
       4
       4
       1
       2
       3
       6
       2
       3
       2
       2
       4
       6
       2
       3
       0
       5
       5
       0
       1
       2
       2
       0
       7
       6
       3
       0
       4
       3
       1
       0
       1
       3
       4
       3
       3
       3
       2
       5
       6
       1
       4
       1
       2
       2
       0
       1
       4
       4
       2
       4
       1
       1
       2
       4
       6
       3
       3
       2
       2
       3
       1
       5
       3
       5
       2
       1
       3
       1
       4
       2
       3
       2
       2
       4
       2
       2
       1
       4
       2
       1
       1
       1
       1
       2
       5
       1
       0
       3
       4
       2
       2
       1
       5
       0
       3
       5
       6
       1
       4
       2
       3
       7
       2
       3
       6
       4
       5
       3
       2
       2
       1
       1
       7
       1
       2
       4
       2
       2
       2
       2
       3
       1
       3
       2
       1
       2
       1
       3
       2
       2
       4
       2
       3
       3
       3
       6
       0
       0
       2
       1
       1
       2
       2
       3
       1
       3
       2
       3
       1
       1
       4
       0
       0
       0
       4
       3
       2
       2
       0
       4
       4
       1
       2
       3
       1
       1
       3
       1
       1
       2
       4
       1
       2
       5
       0
       2
       2
       1
       1
       1
       1
       1
       0
       4
       3
       0
       5
       2
       7
       3
       1
       1
       2
       3
       1
       3
       2
       4
       1
       2
       3
       1
       2
       1
       1
       1
       1
       1
       0
       5
       3
       1
       0
       0
       1
       2
       0
       1
       2
       1
       1
       1
       3
       1
       0
       0
       1
       2
       2
       1
       1
       1
       1
       1
       0
       4
       3
       1
       1
       2
       3
       2
       2
       1
       4
       2
       1
       0
       1
       1
       0
       1
       0
       2
       1
       1
       2
       0
       1
       0
       0
       2
       3
       3
       0
       2
       1
       2
       2
       2
       1
       1
       0
       1
       2
       2
       1
       1
       1
       0
       2
       3
       1
       1
       1
       2
       3
       1
       0
       3
       1
       1
       2
       0
       0
       1
       1
       2
       3
       1
       3
       1
       2
       1
       1
       1
       3
       0
       1
       0
       1
       0
       3
       2
       1
       1
       0
       1
       0
       2
       0
       0
       0
       2
       1
       3
       2
       1
       1
       1
       3
       1
       3
       1
       0
       3
       2
       0
       3
       3
       1
       1
       3
       1
       0
       1
       1
       1
       2
       0
       1
       4
       1
       3
       3
       2
       0
       3
       3
       2
       1
       2
       3
       1
       0
       2
       1
       1
       3
       1
       1
       2
       2
       1
       5
       2
       1
       0
       0
       2
       1
       4
       0
       1
       2
       4
       2
       2
       1
       4
       1
       4
       1
       0
       1
       1
       4
       5
       1
       1
       2
       4
       3
       1
       4
       2
       3
       1
       1
       4
       4
       3
       3
       1
       1
       0
       1
       1
       0
       5
       1
       3
       0
       0
       0
       2
       0
       1
       0
       3
       7
       3
       1
       1
       1
       1
       2
       2
       0
       3
       2
       4
       2
       7
       1
       4
       7
       1
       1
       4
       7
       3
       3
       4
       2
       1
       1
       0
       1
       2
       0
       1
       0
       2
       5
       5
       3
       5
       1
       2
       2
       1
       3
       3
       2
       1
       1
       3
       0
       1
       1
       1
       2
       1
       0
       2
       1
       1
       1
       2
       3
       0
       0
       2
       1
       2
       3
       0
       2
       0
       0
       2
       2
       1
       1
       3
       1
       0
       1
       0
       3
       1
       2
       1
       3
       2
       2
       0
       1
       2
       0
       2
       0
       0
       2
       2
       0
       0
       0
       0
       3
       1
       2
       0
       0
       3
       2
       0
       1
       1
       2
       0
       1
       0
       0
       0
       0
       0
       1
       0
       0
       0
       0
       0
       0
       0
       0
       0
       0
       0
       0
       0
       0
       0
       0
       0
       0
       0
       0
       0
       0
       0
       0
       0
       0
       0
       0
       0
       0
       0
       0
       0
       0
       0
       0
       0
       0
       0
       0
       0
       0
       0
       0
       0
       0
       0
       0
       0
       0
       0
       0
       0
       0
       0
       0
       0
       0
       0
       0
       0
       0
       0
       0
       0
       0
       0
       0
       0
       0
       0
       0
       0
       0
       0
       0
       0
       0
       0
       0
       0
       0
       0
       0
       0
       0
       0
       0
       0
       0
       0
       0
       0
       0
       0
       0
       0
       0
       0
       0
       0
       0
       0
       0
       0
       0
       0
       0
       0
       0
       0
       0
       0
       0
       0
       0
       0
       0
       0
       0
       0
       0
       0
       0
       0
       0
       0
       0
       0
       0
       0
       0
       0
       0
       0
       0
       0
       0
       0
       0
       0
       0
       0
       0
       0
       0
       0
       0
       0
       0
       0
       0
       0
       0
       0
       0
       0
       0
       0
       0
       0
       0
       0
       0
       0
       0
       0
       0
       0
       0
       0
       0
       0
       0
       0
       0
       0
       0
       0
       0
       0
       0
       0
       0
       0
       0
       0
       0
       0
       0
       0
       0
       0
       0
       0
       0
       0
       0
       0
       0
       0
       0
       0
       0
       0
       0
       0
       0
       0
       0
       0
       0
       0
       0
       0
       0
       0
       0
       0
       0
       0
       0
       0
       0
       0
       0
       0
       0
       0
       0
       0
       0
       0
       0
       0
       0
       0
       0
       0
       0
       0
       0
       0
       0
       0
       0
       0
       0
       0
       0
       0
       0
       0
       0
       0
       0
       0
       0
       0
       0
       0
       0
       0
       0
       0
       0
       0
       0
       0
       0
       0
$ROI:
0
$PRESETS:
Live Time
999999
0
$ENER_FIT:
0.000000 0.749264
$MCA_CAL:
3
0.000000E+000 7.492638E-001 0.000000E+000 keV
$SHAPE_CAL:
3
0.000000E+000 0.000000E+000 0.000000E+000
