$SPEC_ID:
none
$SPEC_REM:
DET# 1
DETDESC# GRAD-LAB Easy-MCA-2k SN 14163589
AP# Maestro Version 7.01
$DATE_MEA:
09/12/2016 12:04:13
$MEAS_TIM:
300 300
$DATA:
0 2047
       0
       0
       0
       0
       0
       0
       0
       0
       0
       0
       0
       0
       0
       0
       0
       0
       0
       2
       4
       6
       2
       5
       3
       4
       4
       5
       3
       3
      10
       0
       7
       4
       5
       3
       3
       3
       3
       4
       6
       3
       5
       6
       6
       3
       4
       5
       3
       7
       5
       4
       4
       9
       5
       4
       7
       7
       6
       7
      12
       6
       8
       6
       6
       8
       6
       7
       2
      11
       9
       5
       8
       7
       6
      10
      10
       9
       6
      11
       9
       5
      10
       4
      12
       4
       5
       7
       9
       4
       8
      14
       7
       7
       6
      10
       9
      11
       9
       9
      10
      12
      10
       9
       9
       9
       8
       8
       8
      10
      11
       9
       9
      13
      12
      14
      13
      15
       9
      19
      19
      11
      18
      19
      16
      18
      25
      24
      30
      26
      26
      29
      21
      25
      35
      21
      29
      39
      29
      33
      24
      19
      16
      25
      22
      25
      21
      20
      29
      27
      37
      30
      22
      23
      19
      22
      19
      27
      16
      21
      15
      22
      26
      24
      14
      15
      18
      21
      15
       9
      15
      10
      13
      13
      12
      13
      23
      24
      20
      12
      18
      15
      17
      15
      15
      20
      13
      14
      17
      13
      20
      19
      10
      21
      21
      18
      11
      11
      13
      22
      16
      10
      13
      22
      20
      18
      21
      23
       9
      22
      26
      18
      15
      12
      22
      12
      22
      13
      19
      14
      14
      17
      17
      23
      19
      11
      21
       9
      13
      12
      17
      14
      14
      11
      13
      16
      12
      17
      13
       8
      17
      10
      19
       8
      15
      13
      16
      11
      12
      17
      14
      10
       9
      18
      10
       9
      16
       8
       9
      16
       8
      11
      15
      13
      13
      10
       8
       7
      15
      14
       8
      16
      18
       9
      15
      14
      14
      10
      10
       8
      10
      15
      12
      13
      14
      16
      13
      16
      17
      10
       9
       8
      11
      10
       9
      16
      12
      11
      13
       9
      12
      12
      15
      12
       8
      17
      13
      11
      16
      11
      13
      16
      20
       9
       8
       5
       8
      16
      15
      12
      12
      14
      15
      11
      15
      18
      15
      11
       7
      13
      13
       7
       6
      13
      13
       8
       4
       8
      13
       9
       7
      18
       9
       9
       7
      11
      10
       6
      10
      10
      11
       9
       6
       9
      12
      12
       9
       9
      13
       7
       9
       4
      17
       8
      12
       9
      12
      12
       7
       9
      18
      18
       7
       8
      11
      17
       5
      12
      15
      14
      10
       7
      10
      15
       9
       4
       9
       9
       3
       9
      12
      11
      12
       5
      11
       6
       7
       8
       8
       7
       8
       5
       6
      14
      14
       6
       8
       8
       7
      14
       9
      12
       9
      12
       9
       9
       8
      12
       9
       7
       3
      11
      10
       8
       8
       6
      10
       7
       6
       8
       5
      11
      10
       9
       8
       9
      16
      10
      11
       7
      11
      10
       9
      16
      12
       9
       6
      11
       6
      12
       9
      11
       8
       9
       8
       7
       4
      14
       7
      11
       6
      15
      11
      10
       6
       7
      11
      12
       9
       5
      14
      11
       6
      13
       4
       6
       8
       8
       7
       9
       8
       7
       8
       6
       6
       3
       7
       6
       8
       5
       5
      11
       8
      10
       7
       7
       8
       8
       5
      10
       9
       9
      11
       5
       5
      10
       7
       5
       5
       8
       4
       4
       9
       9
       6
       5
      11
       2
       5
      10
       9
       8
       3
       5
       5
      11
       9
       5
      10
       6
       5
       5
       4
       5
       5
       4
       5
       6
       7
      10
       9
       5
       7
       9
       5
       8
       5
       6
      10
       4
       7
       4
       8
       4
       9
       8
       8
       6
       7
       8
       6
       5
       3
       7
      10
       8
       6
      10
       4
      10
      12
       5
       7
      10
      12
      10
       8
       9
       4
       6
       7
       5
       8
      10
       4
       9
       6
       6
       4
       7
       9
       4
       9
       5
       7
       7
       9
       9
       5
       5
       7
       6
       4
       6
       2
       6
       8
       5
      10
      10
       9
       3
       6
       4
       7
       4
      10
       7
       3
       7
       2
       4
       5
       6
       3
      10
       5
       6
       3
       2
       5
       4
       4
       5
       2
       7
       3
       6
       8
       3
       5
       6
       4
       6
       6
       2
       6
       6
       5
       9
       9
       4
       4
       7
       4
      10
       4
       8
       3
       8
       2
       6
       6
       9
       6
       4
       8
       3
       4
       5
       3
       5
       8
       7
       4
       6
      10
       6
       5
       3
       4
       2
       5
       4
       6
       6
       7
       5
       4
       5
       5
      11
       4
       7
       3
       3
       6
      12
       5
       1
       8
       9
       4
       3
       5
       9
       6
       4
       9
       9
       6
       5
       4
       7
       3
       7
       4
       4
       4
       9
       9
       6
       8
       5
       5
       7
       5
       6
       4
       4
       7
       6
       5
       4
       9
       6
       9
       8
      12
       6
       4
       2
       6
       4
       5
       4
       4
       6
       5
       7
       7
       6
       9
       8
       5
       7
      11
       4
       5
       5
       3
       6
       5
       4
       2
       6
       8
       3
       7
       6
      12
       5
       7
       8
       9
       6
       7
       4
      12
       4
       8
       3
       6
       4
       5
       6
       3
       9
       6
       5
       9
       5
       7
       6
       5
       5
       8
       6
       6
       3
       8
       5
       4
       3
       9
       4
       6
      12
       6
       9
       6
       6
       8
       8
      13
      11
      13
      13
       9
       7
       7
      10
      12
       9
      14
      11
       8
      12
      13
      11
       8
      10
      13
       9
       6
      10
      11
       9
      13
      12
      13
      12
      14
       8
       9
      14
      13
      13
      17
      18
      13
      13
      12
      12
      18
      10
      16
      12
      19
      13
      19
      16
      15
      13
      17
      10
      13
       9
      12
      13
      10
      12
       7
       9
       8
      10
      21
      15
       8
       8
      14
      10
       5
       3
       5
       6
      12
       7
       5
       9
       8
       4
      12
       6
       8
       8
       9
       7
       5
       5
       2
       3
       2
       5
       5
       8
       7
       8
       6
       4
       6
       7
       9
       6
       4
       8
       5
       5
       9
       4
       7
       5
      10
       6
       1
       1
       5
       2
       3
       3
       5
       7
       1
       3
       4
       6
       2
       2
       4
       1
       6
       7
       1
       3
       2
       5
       5
       7
       1
       3
       4
       3
       5
       3
       1
       3
       2
       3
       1
       4
       4
       3
       5
       0
       3
       2
       3
       4
       8
       4
       2
       5
       2
       0
       4
       4
       2
       1
       4
       4
       1
       3
       1
       3
       3
       2
       3
       2
       1
       3
       4
       3
       1
       3
       2
       3
       3
       1
       1
       3
       1
       3
       3
       2
       4
       2
       4
       2
       7
       4
       1
       1
       4
       2
       4
       0
       1
       1
       4
       3
       4
       9
       3
       4
       4
       3
       1
       3
       4
       7
       3
       1
       2
       3
       4
       3
       6
       2
       3
       5
       3
       5
       3
       4
       4
       5
       5
       3
       5
       0
       1
       3
       2
       3
       5
       2
       3
       5
       4
       5
       3
       8
       1
       1
       3
       2
       3
       1
       5
       2
       3
       5
       2
       6
       5
       3
       2
       1
       5
       2
       1
       3
       2
       5
       2
       3
       7
       1
       2
       3
       2
       2
       1
       4
       1
       4
       4
       5
       2
       3
       1
       3
       2
       3
       7
       8
       2
       7
       4
       4
       3
       2
       2
       4
       3
       4
       6
       4
       1
       2
       6
       5
       5
       3
       3
       2
       4
       1
       3
       4
       3
       3
       4
       1
       2
       2
       8
       4
       0
       3
       2
       2
       3
       3
       1
       2
       5
       4
       3
       3
       5
       3
       3
       4
       2
       0
       5
       3
       2
       5
       3
       2
       2
       2
       3
       2
       1
       1
       6
       2
       5
       3
       5
       5
       0
       2
       2
       3
       3
       5
       5
       3
       4
       3
       4
       2
       1
       4
       1
       4
       1
       2
       2
       5
       4
       5
       2
       1
       5
       1
       2
       3
       1
       0
       1
       2
       2
       5
       4
       5
       2
       4
       2
       3
       3
       2
       4
       6
       2
       0
       3
       1
       3
       6
       5
       4
       1
       2
       5
       3
       3
       3
       5
       4
       3
       5
       1
       5
       5
       5
       1
       2
       3
       3
       2
       6
       3
       2
       4
       3
       2
       6
       1
       4
       4
       5
       3
       3
       3
       5
       2
       1
       4
       2
       3
       3
       3
       2
       4
       4
       4
       4
       2
       1
       1
       2
       1
       2
       3
       2
       6
       5
       2
       6
       3
       3
       5
       1
       1
       5
       5
       2
       4
       2
       4
       3
       4
       2
       2
       2
       4
       2
       4
       1
       3
       7
       6
       5
       4
       4
       3
       3
       1
       3
       7
       2
       1
       2
       1
       3
       4
       4
       5
       3
       4
       2
       2
       2
       1
       4
       0
       2
       2
       0
       0
       0
       2
       2
       3
       2
       2
       1
       1
       1
       4
       1
       1
       3
       3
       2
       1
       3
       3
       2
       4
       3
       1
       2
       2
       1
       1
       3
       3
       4
       2
       0
       2
       2
       1
       3
       1
       3
       4
       1
       1
       0
       1
       1
       2
       3
       3
       2
       4
       2
       4
       3
       2
       4
       1
       4
       1
       4
       0
       2
       2
       2
       0
       2
       3
       4
       1
       3
       2
       1
       2
       2
       2
       3
       0
       5
       0
       2
       1
       2
       0
       2
       3
       2
       3
       1
       1
       3
       4
       3
       3
       4
       4
       0
       0
       2
       1
       2
       0
       1
       1
       0
       2
       3
       0
       2
       2
       3
       2
       0
       0
       2
       4
       3
       1
       1
       2
       1
       3
       4
       3
       2
       1
       0
       2
       2
       0
       2
       1
       2
       1
       1
       2
       1
       1
       1
       0
       3
       0
       4
       4
       2
       1
       2
       3
       1
       3
       0
       1
       0
       2
       0
       1
       1
       2
       0
       4
       1
       1
       1
       0
       0
       0
       1
       2
       3
       1
       1
       2
       1
       2
       4
       1
       1
       0
       0
       4
       1
       3
       3
       1
       1
       0
       3
       2
       0
       2
       2
       3
       1
       0
       1
       3
       0
       1
       1
       0
       0
       0
       1
       1
       0
       2
       1
       0
       1
       4
       2
       2
       2
       1
       1
       2
       7
       6
       2
       0
       0
       2
       1
       0
       2
       3
       6
       5
       2
       3
       3
       4
       3
       0
       0
       2
       2
       1
       1
       4
       2
       3
       9
       1
       1
       4
       4
       3
       5
       2
       4
       1
       1
       1
       3
       3
       4
       3
       2
       3
       0
       2
       8
       3
       4
       2
       2
       3
       2
       0
       2
       3
       6
       2
       3
       3
       6
       3
       5
       5
       3
       1
       6
       9
       4
       4
       3
       2
       5
       2
       3
       3
       7
       2
       3
       3
       0
       3
       2
       1
       2
       4
       1
       3
       2
       2
       5
       2
       1
       3
       1
       1
       2
       2
       2
       4
       4
       1
       0
       5
       1
       3
       5
       2
       1
       2
       2
       0
       0
       0
       1
       0
       2
       0
       2
       1
       1
       1
       1
       1
       2
       1
       1
       0
       0
       1
       2
       2
       1
       2
       2
       0
       1
       2
       2
       1
       3
       1
       0
       2
       4
       1
       1
       1
       4
       6
       4
       1
       1
       0
       0
       3
       0
       1
       1
       2
       1
       2
       0
       1
       1
       1
       2
       0
       1
       1
       1
       0
       2
       1
       1
       0
       0
       1
       0
       0
       2
       1
       0
       0
       1
       3
       0
       1
       0
       0
       0
       3
       0
       1
       1
       0
       3
       1
       1
       0
       0
       1
       0
       0
       0
       2
       2
       0
       0
       4
       0
       1
       0
       1
       0
       1
       0
       0
       0
       0
       1
       0
       1
       0
       0
       0
       0
       3
       0
       0
       0
       1
       0
       0
       0
       0
       0
       0
       0
       0
       0
       0
       0
       0
       0
       0
       0
       0
       0
       0
       0
       0
       0
       0
       0
       0
       0
       0
       0
       0
       0
       0
       0
       0
       0
       0
       0
       0
       0
       0
       0
       0
       0
       0
       0
       0
       0
       0
       0
       0
       0
       0
       0
       0
       0
       0
       0
       0
       0
       0
       0
       0
       0
       0
       0
       0
       0
       0
       0
       0
       0
       0
       0
       0
       0
       0
       0
       0
       0
       0
       0
       0
       0
       0
       0
       0
       0
       0
       0
       0
       0
       0
       0
       0
       0
       0
       0
       0
       0
       0
       0
       0
       0
       0
       0
       0
       0
       0
       0
       0
       0
       0
       0
       0
       0
       0
       0
       0
       0
       0
       0
       0
       0
       0
       0
       0
       0
       0
       0
       0
       0
       0
       0
       0
       0
       0
       0
       0
       0
       0
       0
       0
       0
       0
       0
       0
       0
       0
       0
       0
       0
       0
       0
       0
       0
       0
       0
       0
       0
       0
       0
       0
       0
       0
       0
       0
       0
       0
       0
       0
       0
       0
       0
       0
       0
       0
       0
       0
       0
       0
       0
       0
       0
       0
       0
       0
       0
       0
       0
       0
       0
       0
       0
       0
       0
       0
       0
       0
       0
       0
       0
       0
       0
       0
       0
       0
       0
       0
       0
       0
       0
       0
       0
       0
       0
       0
       0
       0
       0
       0
       0
       0
       0
       0
       0
       0
       0
       0
       0
       0
       0
       0
       0
       0
       0
       0
       0
       0
       0
       0
       0
       0
       0
       0
       0
       0
       0
       0
       0
       0
       0
       0
       0
       0
       0
       0
       0
       0
       0
       0
       0
       0
       0
       0
       0
       0
       0
       0
       0
       0
       0
       0
       0
$ROI:
4
311 315
930 944
1180 1190
1511 1517
$PRESETS:
Live Time
999999
0
$ENER_FIT:
0.000000 0.749264
$MCA_CAL:
3
0.000000E+000 7.492638E-001 0.000000E+000 keV
$SHAPE_CAL:
3
0.000000E+000 0.000000E+000 0.000000E+000
