$SPEC_ID:
none
$SPEC_REM:
DET# 1
DETDESC# GRAD-LAB Easy-MCA-2k SN 14163589
AP# Maestro Version 7.01
$DATE_MEA:
09/12/2016 12:09:51
$MEAS_TIM:
301 301
$DATA:
0 2047
       0
       0
       0
       0
       0
       0
       0
       0
       0
       0
       0
       0
       0
       0
       0
       0
       1
       1
       4
       4
       2
       4
       8
       3
       8
       6
       2
       2
       2
       3
       2
       5
       2
       2
       7
       5
       8
       6
       6
       3
       5
       7
       5
       7
       2
       3
       4
       2
       5
       9
       6
       8
       7
       7
       3
       6
       8
       3
       1
      13
      10
       9
      10
       8
       6
       6
       3
       4
       5
       4
       8
       7
       9
       8
       7
       6
       7
       4
      14
       4
       4
       9
       8
      11
       6
       3
       6
      11
      13
       9
      10
       6
      12
       4
      11
       9
       2
      12
       7
      12
       3
      10
      15
       9
       9
      14
       9
       5
       7
       7
      13
      15
      11
      11
      12
      20
      10
      13
      15
      19
      21
      25
      22
      26
      26
      13
      24
      28
      23
      21
      27
      28
      22
      22
      23
      25
      29
      33
      35
      18
      21
      29
      24
      21
      22
      22
      19
      20
      29
      12
      25
      29
      24
      23
      22
      22
      19
      18
      22
      24
      23
      14
      18
      10
      16
      21
      16
      11
      22
      17
      15
      17
      18
      20
      16
      16
      16
      11
      16
      15
      16
      12
      15
      20
      16
      23
      20
       6
      14
       9
      25
      20
      13
      14
      17
      16
      17
      19
      14
      19
      15
      12
      18
      21
      22
      18
      16
      18
      17
      14
      13
      13
       9
      10
      22
      16
      13
      17
      20
      19
      11
      19
      20
      18
      15
      23
      11
      22
      11
       7
      22
      12
       9
      16
      18
      13
      17
      15
      15
      10
      22
       7
      13
      15
      10
      13
      12
      15
      14
      16
      13
      16
      13
       7
      14
      12
      10
      11
      13
      11
      12
      14
      15
      17
      15
      15
      11
       9
      10
      16
       6
      14
      12
       8
      14
      12
       8
      10
      12
      17
      13
      16
       5
      14
      14
       9
       6
      14
      13
       9
      12
      12
      14
      11
      21
      11
      16
      11
       9
       8
      15
       8
      12
      13
      15
      10
      11
      13
      13
      12
      16
      12
      13
      20
      12
      13
      10
       7
       9
       8
      11
      10
      15
      12
      12
      12
      21
      16
      16
       9
      16
      16
      10
      17
      13
      13
      12
      12
      10
       9
       7
      15
       9
       4
      10
      14
      10
      13
       9
      10
      15
      10
      14
       9
      10
      10
      14
      13
      10
      10
       9
      12
      14
      10
       9
       9
      11
      15
       9
       8
      11
      16
      14
       9
      12
      11
       6
      10
       9
       8
       9
      13
      12
      10
       5
       8
      12
       4
      14
       7
      11
       5
      13
      10
      14
      14
       9
       7
      12
      13
      13
       8
      11
       6
      13
       6
       8
       8
      11
       5
       4
      12
      11
      10
       7
      12
       2
      13
      10
      14
       6
      13
       5
      11
      10
      10
       6
       4
       9
      14
      13
       6
      12
       7
      10
       9
       7
      10
      11
       5
      10
      11
      11
       9
      10
       9
      11
      13
       7
      14
       9
       8
       8
       6
       5
       6
       4
       7
       8
       8
      15
      10
       4
       6
      10
       6
       5
      11
       7
       6
      10
      12
       8
       7
       8
       5
       7
       6
      11
       7
       8
      12
       6
      12
      10
      10
       6
       9
       3
       5
       9
       8
       7
       7
      10
      11
       6
       4
      11
      12
      11
      12
       8
       4
       4
       6
       8
       5
       8
       9
       8
      10
       9
      10
       8
       6
      11
       4
       6
      13
       8
       8
       7
       8
       2
       7
       6
      10
      12
       5
       7
       4
       7
       8
      10
       3
       3
      10
       6
       5
       5
       6
       4
      10
       8
       8
       5
       9
       7
       9
       9
       7
       4
       4
       8
       5
       5
       7
      11
       7
       7
       4
       7
       7
       5
       7
       9
       8
       6
      11
      10
       7
       7
       6
       5
       9
       8
       9
       9
       6
       3
       5
       5
       6
       5
       8
       3
       6
       3
       9
       5
      10
      10
      11
       3
       6
       5
       9
       6
       6
       5
       7
       7
       9
       5
       6
      11
       5
       8
       4
       6
       7
      12
       4
       8
       8
       7
       6
       9
       5
       7
       6
       6
       5
       9
      14
       8
       7
       3
       5
       5
       4
       3
       5
       4
       6
       8
      10
       3
       1
       3
       5
      12
       4
       5
       4
      11
       6
       3
       4
       5
       5
       3
       5
       8
       6
       8
       5
       4
       8
       9
       3
       5
       9
       6
       3
       6
       8
       2
       3
       5
       5
       6
       7
       5
       4
       3
      10
       8
       8
       2
       5
       9
       5
       5
       5
       5
       9
       4
       9
       7
       4
       8
       5
       7
       5
       9
       7
       4
       8
       3
       8
       9
       3
       6
       8
       5
       3
       8
       4
       6
       6
       4
       8
       5
       7
       2
       6
       4
       7
      12
       4
       9
       4
       7
       6
       6
       7
       9
       3
       6
       5
       4
       2
       5
       3
       8
       6
       5
       5
       8
      10
       3
       6
       5
       7
       7
       4
       5
       8
       8
       7
       6
       8
       2
       6
       7
       7
       7
      12
       8
       5
       1
       6
       7
       5
       9
       6
       3
       5
       5
       5
       8
       1
      10
       2
       6
       5
       6
       3
       6
      11
       3
       9
       6
       8
       9
       5
       7
       4
       6
       1
       5
       7
       5
       5
       7
       5
      10
       6
       7
      10
       7
       4
       4
       4
       9
       5
       8
       6
       6
       5
      11
       8
      12
       7
      10
      12
      11
      10
       7
       7
       8
      10
       9
      18
      14
      13
      13
      16
      14
      10
      15
      18
      15
      10
       9
       9
      14
       9
      10
      15
      11
      11
       8
      25
      14
      13
      16
      18
      16
      16
      20
      11
      17
      10
      14
      17
      15
       7
      12
      19
      14
      12
      18
       9
      12
       7
      13
      15
       8
       9
      15
       9
       8
      12
      10
      16
       6
      10
      15
      11
      10
      11
      10
       3
       9
      10
      11
      10
       9
       4
       9
       7
       8
       8
       6
       6
      11
       9
       7
      12
       8
       5
       4
       4
       6
       2
       5
       2
       8
       5
       9
       4
       2
       7
       4
       6
       5
       6
       7
      10
       4
       5
       3
       4
       5
       4
      10
       5
       5
       7
       3
       3
       7
       2
       4
       2
       1
       5
       1
       3
       5
       2
       2
       2
       6
       1
       1
       3
       4
       2
       3
       3
       1
       3
       6
       3
       3
       3
       2
       1
       3
       7
       4
       3
       3
       2
       2
       3
       2
       3
       3
       4
       2
       4
       4
       3
       1
       3
       5
       4
       0
       4
       3
       4
       4
       3
       6
       3
       5
       4
       2
       3
       1
       0
       1
       4
       2
       6
       3
       3
       4
       3
       1
       2
       0
       3
       4
       4
       1
       2
       3
       7
       1
       5
       2
       5
       1
       1
       2
       7
       3
       3
       3
       3
       4
       3
       4
       3
       5
       2
       3
       3
       2
       5
       3
       3
       3
       4
       7
       2
       1
       1
       2
       3
       5
       2
       4
       2
       3
       2
       4
       3
       2
       3
       4
       3
       3
       1
       4
       4
       2
       3
       5
       4
       4
       4
       2
       3
       2
       3
       2
       1
       5
       3
       3
       0
       6
       1
       5
       3
       2
       2
       5
       6
       5
       4
       2
       2
       3
       2
       1
       1
       2
       4
       3
       2
       3
       8
       5
       6
       5
       4
       3
       2
       3
       3
       4
       1
       3
       6
       1
       1
       0
       3
       2
       0
       3
       3
       1
       7
       2
       4
       1
       4
       3
       1
       4
       1
       3
       6
       3
       4
       4
       4
       2
       4
       2
       3
       3
       4
       4
       6
       2
       3
       1
       1
       2
       3
       1
       3
       4
       4
       5
       4
       3
       3
       3
       5
       3
       6
       1
       1
       5
       3
       5
       2
       2
       4
       3
       2
       6
       5
       2
       4
       3
       2
       2
       4
       3
       2
       0
       1
       2
       1
       4
       2
       2
       3
       3
       4
       3
       1
       3
       3
       4
       2
       3
       2
       3
       1
       3
       1
       2
       4
       2
       2
       6
       3
       4
       2
       1
       4
       4
       6
       0
       1
       3
       1
       4
       0
       2
       1
       4
       4
       2
       2
       3
       3
       4
       1
       0
       3
       1
       6
       2
       2
       2
       4
       2
       3
       5
       4
       1
       1
       2
       3
       2
       0
       3
       2
       3
       5
       4
       1
       2
       2
       6
       2
       4
       4
       5
       5
       0
       2
       5
       5
       2
       1
       4
       5
       3
       3
       3
       1
       3
       4
       1
       5
       3
       3
       2
       2
       1
       4
       3
       2
       6
       2
       1
       4
       3
       1
       2
       3
       3
       3
       4
       1
       4
       4
       2
       3
       1
       1
       6
       0
       1
       4
       3
       5
       4
       1
       1
       3
       1
       3
       0
       0
       0
       0
       5
       3
       3
       1
       2
       2
       1
       0
       3
       4
       1
       3
       6
       2
       0
       1
       3
       1
       3
       2
       2
       4
       2
       2
       1
       2
       5
       0
       1
       1
       0
       4
       2
       1
       1
       2
       1
       2
       1
       0
       1
       3
       0
       2
       5
       0
       1
       3
       1
       1
       4
       3
       2
       0
       1
       4
       3
       3
       3
       3
       4
       2
       3
       1
       1
       2
       2
       2
       3
       1
       3
       0
       2
       1
       4
       0
       1
       0
       1
       3
       1
       1
       3
       3
       1
       1
       2
       0
       2
       1
       1
       1
       3
       4
       3
       0
       1
       2
       2
       1
       1
       1
       3
       1
       4
       1
       1
       2
       2
       1
       2
       2
       2
       3
       0
       1
       0
       0
       0
       3
       1
       1
       2
       0
       2
       3
       2
       2
       3
       2
       2
       3
       0
       0
       1
       2
       2
       0
       0
       0
       2
       1
       4
       1
       2
       0
       2
       0
       2
       2
       0
       1
       1
       4
       0
       1
       0
       2
       2
       0
       1
       2
       1
       1
       2
       1
       1
       5
       2
       3
       1
       1
       2
       0
       1
       0
       0
       2
       3
       3
       0
       2
       1
       2
       0
       2
       2
       1
       2
       1
       1
       1
       0
       1
       1
       0
       2
       0
       0
       3
       3
       1
       0
       2
       2
       2
       2
       3
       0
       1
       6
       0
       2
       1
       2
       4
       1
       2
       0
       0
       0
       1
       2
       1
       1
       0
       2
       1
       1
       1
       3
       2
       1
       3
       0
       2
       2
       1
       4
       4
       2
       0
       3
       2
       1
       1
       3
       3
       4
       0
       1
       0
       2
       1
       2
       4
       3
       1
       4
       3
       2
       3
       2
       4
       1
       2
       7
       4
       4
       2
       4
       2
       2
       4
       1
       2
       4
       5
       2
       3
       0
       6
       3
       1
       1
       2
       6
       3
       2
       2
       1
       5
       5
       4
       0
       5
       2
       2
       4
       2
       4
       2
       4
       3
       2
       6
       3
       3
       1
       4
       2
       5
       2
       3
       0
       0
       2
       3
       1
       2
       1
       3
       4
       0
       3
       4
       2
       1
       3
       3
       0
       1
       0
       2
       2
       1
       3
       4
       2
       1
       3
       2
       0
       3
       4
       1
       2
       0
       0
       0
       1
       4
       1
       1
       1
       0
       0
       1
       1
       3
       3
       0
       0
       1
       1
       4
       2
       0
       0
       0
       0
       2
       1
       1
       1
       2
       2
       0
       1
       0
       0
       1
       1
       0
       1
       0
       0
       1
       0
       0
       0
       2
       4
       1
       2
       4
       0
       1
       0
       0
       0
       0
       0
       0
       1
       0
       0
       1
       2
       1
       0
       2
       1
       1
       1
       1
       2
       0
       2
       1
       0
       0
       2
       0
       2
       0
       2
       0
       1
       1
       1
       0
       1
       0
       0
       1
       1
       2
       1
       0
       2
       0
       2
       1
       2
       0
       1
       1
       0
       2
       0
       0
       0
       0
       1
       2
       0
       0
       0
       0
       0
       0
       0
       0
       0
       0
       0
       0
       0
       0
       0
       0
       0
       0
       0
       0
       0
       0
       0
       0
       0
       0
       0
       0
       0
       0
       0
       0
       0
       0
       0
       0
       0
       0
       0
       0
       0
       0
       0
       0
       0
       0
       0
       0
       0
       0
       0
       0
       0
       0
       0
       0
       0
       0
       0
       0
       0
       0
       0
       0
       0
       0
       0
       0
       0
       0
       0
       0
       0
       0
       0
       0
       0
       0
       0
       0
       0
       0
       0
       0
       0
       0
       0
       0
       0
       0
       0
       0
       0
       0
       0
       0
       0
       0
       0
       0
       0
       0
       0
       0
       0
       0
       0
       0
       0
       0
       0
       0
       0
       0
       0
       0
       0
       0
       0
       0
       0
       0
       0
       0
       0
       0
       0
       0
       0
       0
       0
       0
       0
       0
       0
       0
       0
       0
       0
       0
       0
       0
       0
       0
       0
       0
       0
       0
       0
       0
       0
       0
       0
       0
       0
       0
       0
       0
       0
       0
       0
       0
       0
       0
       0
       0
       0
       0
       0
       0
       0
       0
       0
       0
       0
       0
       0
       0
       0
       0
       0
       0
       0
       0
       0
       0
       0
       0
       0
       0
       0
       0
       0
       0
       0
       0
       0
       0
       0
       0
       0
       0
       0
       0
       0
       0
       0
       0
       0
       0
       0
       0
       0
       0
       0
       0
       0
       0
       0
       0
       0
       0
       0
       0
       0
       0
       0
       0
       0
       0
       0
       0
       0
       0
       0
       0
       0
       0
       0
       0
       0
       0
       0
       0
       0
       0
       0
       0
       0
       0
       0
       0
       0
       0
       0
       0
       0
       0
       0
       0
       0
       0
       0
       0
       0
       0
       0
       0
       0
       0
$ROI:
0
$PRESETS:
Live Time
999999
0
$ENER_FIT:
0.000000 0.749264
$MCA_CAL:
3
0.000000E+000 7.492638E-001 0.000000E+000 keV
$SHAPE_CAL:
3
0.000000E+000 0.000000E+000 0.000000E+000
