$SPEC_ID:
none
$SPEC_REM:
DET# 1
DETDESC# GRAD-LAB Easy-MCA-2k SN 14163589
AP# Maestro Version 7.01
$DATE_MEA:
09/07/2016 14:08:19
$MEAS_TIM:
29 30
$DATA:
0 2047
       0
       0
       0
       0
       0
       0
       0
       0
       0
       0
       0
       0
       0
       0
       0
       0
       0
       7
      18
      23
      16
      26
      21
      31
      28
      23
      28
      21
      25
      25
      23
      25
      22
      35
      29
      21
      25
      29
      30
      44
      31
      36
      28
      32
      33
      33
      25
      35
      51
      42
      59
      67
      77
     111
      97
      99
     122
     110
     118
     133
     119
     135
     117
     126
     114
     103
     105
     100
      84
     104
      95
      91
      90
      85
     128
     121
     124
     105
      89
     119
     117
     122
     130
     134
     125
     125
     138
     156
     156
     156
     146
     136
     161
     138
     137
     130
     111
     127
     110
      87
      84
      97
      68
      79
      93
      71
     107
      84
      86
      93
     107
     108
     119
     113
     125
     124
     132
     149
     155
     170
     196
     241
     252
     262
     321
     329
     383
     448
     496
     525
     581
     652
     749
     831
     848
     918
     968
    1080
    1122
    1157
    1152
    1262
    1225
    1220
    1212
    1221
    1207
    1151
    1081
    1072
    1082
    1008
     963
     938
     928
     867
     881
     838
     776
     791
     764
     721
     764
     740
     737
     743
     735
     667
     658
     619
     637
     663
     571
     606
     617
     646
     593
     586
     606
     599
     610
     626
     661
     625
     657
     643
     689
     776
     792
     828
     854
     895
     950
    1013
    1136
    1221
    1272
    1404
    1543
    1654
    1783
    1971
    2179
    2391
    2456
    2719
    2852
    3172
    3331
    3532
    3586
    3748
    3986
    4123
    4035
    4053
    4013
    4149
    4029
    3946
    3801
    3724
    3725
    3432
    3202
    3048
    2857
    2585
    2569
    2270
    2082
    1859
    1720
    1599
    1426
    1326
    1151
    1113
    1005
     900
     798
     753
     671
     624
     549
     494
     450
     439
     383
     336
     321
     285
     235
     220
     206
     153
     138
     127
     105
      88
      78
      71
      52
      50
      38
      43
      33
      27
      21
      25
       8
      10
      16
      13
      13
       3
       7
      11
       8
       8
       6
       4
       8
      10
       6
       6
       7
       3
       5
       5
       6
       7
       8
      10
       8
       4
       3
       7
       3
       8
       3
       7
       8
       2
       4
      10
       7
       6
       6
      12
       3
       7
       3
       5
       7
       5
       6
       6
      11
       2
       9
       4
       3
       7
       6
      10
       6
       6
       7
       4
      10
      10
       4
       6
       4
       2
       4
      12
      15
       6
       5
       9
       6
       8
       4
       6
       8
       9
       4
       4
       5
       7
       6
       7
       5
       8
       7
       5
       6
       8
       6
       7
       6
       6
       5
       4
       5
       7
       5
       7
       6
       2
       3
       6
       4
       4
       7
       3
       6
       8
       5
       9
       6
       5
       6
       7
       7
       5
       2
       5
       5
       6
       3
       7
       5
       6
       8
       5
      11
       3
       9
       6
       6
       6
       4
       6
       5
       6
       3
       3
       7
       6
       3
       9
       6
       5
       9
       3
       4
       4
       8
       6
       3
       4
       2
       1
       2
       4
       5
       3
       3
       3
       2
       2
       2
       2
       1
       0
       2
       1
       2
       5
       1
       2
       1
       0
       1
       0
       2
       1
       2
       1
       1
       2
       3
       0
       6
       1
       1
       3
       3
       2
       1
       2
       2
       4
       2
       2
       0
       2
       2
       2
       3
       2
       0
       0
       1
       2
       1
       1
       0
       0
       0
       0
       1
       0
       3
       1
       0
       4
       0
       1
       5
       2
       0
       0
       2
       2
       1
       2
       0
       3
       0
       2
       3
       2
       2
       0
       2
       0
       4
       0
       1
       1
       2
       2
       0
       2
       4
       0
       2
       0
       3
       2
       1
       0
       1
       2
       0
       0
       3
       2
       1
       3
       4
       1
       0
       1
       3
       0
       2
       3
       1
       1
       0
       2
       1
       0
       0
       2
       1
       1
       2
       3
       2
       2
       2
       2
       2
       1
       2
       1
       1
       2
       2
       2
       2
       5
       1
       0
       1
       2
       0
       0
       0
       1
       2
       3
       1
       2
       1
       3
       0
       1
       2
       3
       3
       1
       1
       1
       0
       0
       4
       0
       2
       0
       1
       0
       3
       2
       0
       3
       0
       0
       1
       1
       1
       0
       0
       1
       2
       1
       1
       0
       0
       0
       1
       2
       1
       1
       2
       3
       1
       1
       3
       0
       0
       0
       3
       4
       1
       2
       0
       0
       0
       0
       0
       1
       0
       4
       0
       0
       0
       0
       0
       0
       1
       1
       3
       1
       0
       2
       0
       1
       1
       2
       0
       0
       0
       1
       4
       3
       0
       0
       1
       1
       2
       2
       1
       1
       0
       3
       1
       3
       0
       3
       0
       2
       1
       0
       3
       0
       1
       0
       2
       1
       2
       0
       0
       3
       1
       0
       2
       0
       0
       0
       0
       0
       1
       2
       1
       1
       1
       0
       0
       1
       2
       0
       0
       1
       2
       1
       1
       0
       1
       1
       1
       1
       0
       0
       0
       1
       0
       0
       1
       1
       0
       0
       0
       2
       2
       1
       3
       1
       1
       2
       1
       2
       1
       2
       0
       0
       1
       0
       0
       3
       1
       0
       2
       0
       1
       1
       1
       1
       0
       0
       1
       2
       0
       2
       0
       2
       0
       1
       2
       1
       0
       0
       0
       2
       1
       0
       0
       0
       0
       0
       1
       0
       1
       1
       0
       2
       0
       1
       1
       2
       0
       0
       0
       1
       1
       0
       3
       2
       1
       2
       3
       0
       0
       2
       2
       1
       0
       1
       3
       0
       0
       2
       0
       1
       1
       0
       0
       2
       1
       0
       1
       0
       1
       0
       1
       0
       0
       2
       1
       1
       0
       0
       1
       1
       2
       0
       3
       4
       1
       2
       1
       0
       1
       1
       0
       1
       1
       0
       2
       2
       0
       2
       1
       3
       1
       0
       1
       1
       0
       1
       1
       0
       0
       1
       2
       2
       0
       0
       0
       1
       1
       0
       0
       0
       2
       0
       1
       0
       2
       0
       1
       1
       3
       1
       2
       1
       1
       0
       0
       1
       0
       0
       1
       3
       0
       2
       1
       0
       2
       1
       1
       3
       0
       2
       2
       5
       1
       1
       0
       2
       2
       3
       3
       1
       1
       3
       3
       1
       1
       4
       0
       1
       3
       2
       4
       5
       4
       5
       3
       3
       4
       0
       2
       4
       2
       1
       2
       4
       2
       0
       4
       2
       1
       6
       7
       2
       3
       0
       4
       3
       4
       1
       3
       1
       0
       3
       4
       3
       6
       2
       2
       5
       3
       6
       2
       4
       2
       2
       1
       2
       1
       1
       1
       0
       3
       5
       5
       3
       2
       0
       2
       4
       3
       2
       1
       6
       5
       3
       4
       0
       0
       2
       0
       1
       3
       1
       0
       1
       2
       1
       1
       0
       0
       1
       2
       1
       1
       2
       0
       0
       0
       2
       1
       1
       2
       1
       0
       2
       1
       1
       0
       1
       0
       1
       0
       0
       0
       0
       1
       0
       0
       0
       0
       1
       0
       0
       0
       1
       0
       0
       0
       0
       0
       0
       0
       0
       0
       0
       0
       0
       0
       0
       0
       0
       1
       1
       0
       2
       0
       0
       0
       1
       3
       0
       0
       1
       0
       0
       0
       0
       0
       1
       0
       0
       0
       0
       0
       0
       0
       0
       0
       0
       0
       0
       0
       0
       1
       0
       0
       0
       1
       0
       0
       1
       0
       1
       0
       0
       0
       0
       2
       0
       0
       0
       0
       0
       0
       1
       0
       0
       1
       1
       1
       0
       0
       0
       0
       0
       0
       0
       0
       0
       0
       2
       0
       0
       0
       0
       0
       1
       1
       1
       0
       0
       0
       0
       0
       0
       1
       0
       0
       1
       0
       0
       0
       0
       0
       0
       0
       1
       1
       0
       1
       0
       0
       0
       0
       0
       0
       1
       1
       1
       0
       2
       0
       0
       0
       0
       1
       0
       1
       0
       0
       0
       0
       0
       0
       0
       0
       0
       1
       0
       0
       0
       0
       0
       1
       0
       0
       0
       0
       1
       0
       1
       0
       0
       0
       0
       0
       0
       0
       0
       0
       0
       1
       0
       0
       0
       0
       2
       0
       0
       0
       0
       0
       1
       0
       0
       0
       0
       0
       0
       0
       0
       0
       0
       0
       0
       1
       0
       1
       0
       0
       0
       0
       0
       0
       0
       0
       1
       0
       0
       0
       0
       0
       0
       0
       0
       0
       0
       1
       0
       0
       0
       0
       0
       0
       0
       1
       0
       0
       1
       0
       0
       0
       0
       1
       0
       1
       0
       0
       0
       0
       0
       0
       0
       0
       0
       0
       0
       0
       0
       0
       1
       0
       0
       0
       0
       0
       0
       0
       1
       0
       0
       0
       0
       0
       0
       0
       0
       1
       0
       1
       0
       0
       0
       0
       0
       0
       0
       0
       1
       1
       0
       0
       0
       0
       0
       1
       1
       0
       0
       1
       1
       0
       0
       0
       1
       1
       1
       0
       0
       0
       0
       0
       1
       2
       0
       1
       0
       0
       2
       1
       0
       0
       0
       0
       1
       1
       1
       0
       0
       0
       0
       0
       0
       2
       0
       2
       1
       0
       0
       0
       2
       0
       0
       0
       0
       0
       1
       0
       0
       1
       1
       0
       0
       0
       0
       0
       0
       0
       0
       0
       0
       0
       1
       1
       1
       0
       0
       0
       0
       0
       0
       0
       0
       0
       0
       0
       1
       0
       0
       0
       0
       0
       0
       0
       0
       0
       0
       1
       0
       1
       0
       0
       0
       0
       0
       0
       0
       0
       1
       0
       1
       1
       1
       0
       0
       0
       0
       0
       0
       0
       0
       0
       0
       0
       0
       0
       0
       0
       2
       0
       0
       0
       0
       0
       0
       0
       0
       0
       0
       0
       0
       0
       0
       0
       0
       1
       0
       0
       0
       0
       0
       2
       0
       0
       2
       0
       1
       0
       1
       0
       0
       1
       1
       0
       0
       0
       0
       0
       0
       0
       0
       1
       0
       1
       0
       0
       0
       0
       0
       1
       0
       0
       0
       0
       0
       0
       0
       0
       0
       1
       0
       0
       0
       0
       0
       0
       1
       0
       0
       0
       1
       0
       0
       0
       0
       1
       0
       0
       0
       0
       0
       0
       0
       0
       0
       0
       0
       1
       0
       0
       0
       0
       0
       0
       0
       0
       0
       0
       0
       0
       0
       0
       0
       0
       0
       0
       0
       0
       0
       0
       0
       1
       0
       0
       0
       1
       0
       0
       1
       0
       0
       0
       0
       0
       0
       0
       2
       0
       1
       0
       0
       0
       0
       0
       0
       0
       0
       0
       0
       0
       0
       1
       0
       0
       1
       0
       0
       0
       0
       0
       0
       0
       0
       0
       1
       0
       2
       1
       0
       1
       0
       0
       0
       1
       0
       0
       0
       0
       0
       1
       0
       0
       0
       0
       0
       0
       0
       0
       0
       0
       0
       0
       0
       0
       0
       0
       0
       0
       0
       0
       0
       0
       0
       0
       0
       0
       0
       1
       0
       0
       0
       0
       0
       1
       0
       0
       0
       0
       1
       0
       0
       0
       0
       0
       0
       0
       0
       0
       0
       0
       2
       0
       0
       0
       0
       1
       0
       0
       0
       0
       0
       0
       0
       0
       0
       0
       0
       0
       0
       0
       0
       0
       0
       0
       0
       1
       0
       0
       0
       0
       1
       1
       0
       0
       0
       0
       0
       0
       0
       0
       1
       0
       0
       0
       1
       1
       0
       0
       0
       1
       0
       1
       0
       0
       0
       0
       0
       0
       0
       0
       2
       0
       1
       0
       0
       1
       0
       1
       0
       0
       1
       0
       1
       1
       0
       1
       0
       0
       0
       0
       1
       0
       0
       1
       0
       0
       0
       0
       0
       0
       0
       0
       0
       0
       0
       0
       0
       0
       1
       2
       0
       0
       0
       0
       0
       0
       0
       0
       0
       0
       0
       0
       0
       1
       0
       0
       0
       0
       0
       0
       0
       0
       0
       0
       0
       0
       0
       0
       0
       0
       0
       0
       0
       0
       0
       0
       0
       0
       0
       0
       0
       0
       0
       0
       0
       0
       0
       0
       0
       0
       0
       0
       0
       0
       0
       0
       0
       0
       0
       0
       0
       0
       0
       0
       0
       0
       0
       0
       0
       0
       0
       0
       0
       0
       0
       0
       0
       0
       0
       0
       0
       0
       0
       0
       0
       0
       0
       0
       0
       0
       0
       0
       0
       0
       0
       0
       0
       0
       0
       0
       0
       0
       0
       0
       0
       0
       0
       0
       0
       0
       0
       0
       0
       0
       0
       0
       0
       0
       0
       0
       0
       0
       0
       0
       0
       0
       0
       0
       0
       0
       0
       0
       0
       0
       0
       0
       0
       0
       0
       0
       0
       0
       0
       0
       0
       0
       0
       0
       0
       0
       0
       0
       0
       0
       0
       0
       0
       0
       0
       0
       0
       0
       0
       0
       0
       0
       0
       0
       0
       0
       0
       0
       0
       0
       0
       0
       0
       0
       0
       0
       0
       0
       0
       0
       0
       0
       0
       0
       0
       0
       0
       0
       0
       0
       0
       0
       0
       0
       0
       0
       0
       0
       0
       0
       0
       0
       0
       0
       0
       0
       0
       0
       0
       0
       0
       0
       0
       0
       0
       0
       0
       0
       0
       0
       0
       0
       0
       0
       0
       0
       0
       0
       0
       0
       0
       0
       0
       0
       0
       0
       0
       0
       0
       0
       0
       0
       0
       0
       0
       0
       0
       0
       0
       0
       0
       0
       0
       0
       0
       0
       0
       0
       0
       0
       0
       0
       0
       0
       0
       0
       0
       0
       0
       0
       0
       0
       0
       0
       0
       0
       0
       0
       0
       0
       0
       0
       0
       0
       0
$ROI:
0
$PRESETS:
Live Time
999999
0
$ENER_FIT:
0.000000 0.000000
$MCA_CAL:
3
0.000000E+000 0.000000E+000 0.000000E+000 
$SHAPE_CAL:
3
0.000000E+000 0.000000E+000 0.000000E+000
