$SPEC_ID:
none
$SPEC_REM:
DET# 1
DETDESC# GRAD-LAB Easy-MCA-2k SN 14163589
AP# Maestro Version 7.01
$DATE_MEA:
09/12/2016 13:49:53
$MEAS_TIM:
360 381
$DATA:
0 2047
       0
       0
       1
       0
       0
       0
       1
       1
       1
       2
       1
       1
       1
       2
       4
       7
      13
      97
     507
     576
     610
     608
     579
     670
     738
     726
     830
     910
     980
     989
    1040
    1118
    1000
    1104
    1090
    1105
    1189
    1230
    1290
    1341
    1462
    1438
    1485
    1608
    1585
    1648
    1652
    1663
    1753
    1897
    1973
    2164
    2400
    2685
    2740
    2936
    3118
    3137
    3214
    3080
    2981
    2918
    2825
    2779
    2698
    2576
    2541
    2371
    2303
    2221
    2316
    2352
    2312
    2482
    2471
    2520
    2607
    2619
    2698
    2845
    2978
    3152
    3096
    3184
    3153
    3286
    3187
    3088
    3098
    2982
    2845
    2769
    2700
    2564
    2462
    2422
    2376
    2314
    2248
    2342
    2400
    2210
    2281
    2442
    2447
    2571
    2683
    2822
    2856
    2956
    3140
    3298
    3462
    3717
    3941
    4321
    4558
    5171
    5626
    6082
    6837
    7685
    8584
    9721
   10689
   12153
   13496
   14721
   16254
   17442
   19046
   20688
   21703
   22411
   23637
   24287
   24687
   24964
   25306
   25352
   25048
   24610
   24615
   23843
   23521
   23314
   22915
   22592
   22646
   22552
   22625
   22288
   22288
   22415
   22417
   22058
   21779
   21755
   21164
   20802
   20509
   19948
   19416
   18865
   18414
   17768
   17133
   16428
   16058
   15454
   15080
   14756
   14251
   14024
   13640
   13689
   13453
   13558
   13398
   14093
   14273
   15116
   15790
   16789
   18138
   19782
   21869
   24365
   26964
   30265
   33908
   37775
   42021
   47762
   52975
   58294
   64701
   71672
   77721
   83840
   90260
   95546
  100909
  105945
  109871
  113263
  114653
  116236
  116388
  114951
  114510
  111858
  108108
  104013
   99111
   93521
   88285
   82611
   75843
   70755
   64882
   59552
   54330
   49244
   44615
   40197
   36617
   33249
   30142
   26976
   24436
   22104
   20333
   18212
   16665
   14909
   13657
   12059
   10902
    9772
    8800
    7846
    6962
    6119
    5477
    4638
    4080
    3626
    3078
    2608
    2252
    1932
    1586
    1412
    1257
    1025
     880
     750
     620
     568
     500
     451
     379
     326
     332
     287
     296
     269
     274
     227
     253
     237
     261
     246
     240
     240
     220
     239
     229
     244
     234
     215
     228
     241
     238
     243
     241
     229
     207
     230
     238
     236
     251
     238
     251
     220
     247
     248
     238
     252
     253
     259
     243
     241
     250
     249
     255
     254
     281
     222
     240
     259
     273
     266
     280
     262
     277
     276
     279
     296
     262
     285
     278
     303
     267
     275
     287
     272
     265
     287
     281
     314
     295
     296
     300
     272
     281
     251
     310
     278
     269
     287
     283
     212
     275
     260
     274
     234
     262
     244
     272
     245
     259
     264
     249
     257
     216
     235
     216
     221
     234
     240
     234
     230
     253
     232
     234
     259
     213
     255
     277
     261
     270
     232
     251
     249
     265
     260
     270
     267
     246
     312
     286
     271
     272
     257
     273
     253
     263
     240
     265
     261
     278
     245
     240
     238
     269
     214
     214
     224
     212
     220
     166
     149
     166
     188
     139
     140
     140
     129
     130
     102
      98
      97
     104
      74
      79
      87
      97
      74
      69
      72
      60
      55
      53
      60
      50
      42
      36
      43
      37
      31
      33
      22
      31
      26
      30
      34
      22
      17
      33
      15
      19
      26
      26
      18
      16
      18
      18
      15
      14
      18
      12
      19
      20
      17
      22
      23
      29
      22
      24
      17
      15
      22
      17
      17
      19
      19
      24
      16
      15
      23
      12
      20
      24
      21
      17
      14
      25
      22
      16
      16
      17
      27
      23
      21
      19
      18
      16
      25
      15
      19
      17
      32
      28
      20
      26
      22
      26
      19
      22
      26
      24
      21
      21
      24
      19
      23
      24
      26
      28
      26
      24
      22
      27
      16
      18
      28
      27
      22
      19
      15
      31
      22
      22
      22
      23
      18
      18
      14
      22
      28
      20
      19
      33
      26
      21
      17
      17
      20
      30
      26
      14
      21
      26
      14
      15
      13
      23
      18
      17
      25
      14
      13
      17
      20
      17
      25
      16
      20
      10
      17
      16
      17
      18
      19
      15
      13
      17
       6
      18
      10
      17
      12
      10
      13
      15
      16
      21
      14
      16
       9
      24
      16
      19
      13
      16
      13
      11
      12
      11
      16
      14
      14
      10
       9
       5
      17
      12
      16
       9
       9
      14
      11
      13
      11
      12
       9
      19
      14
      17
      23
      17
      21
      19
       8
      14
       9
      10
      13
      11
       9
      12
      17
      19
      18
      10
      13
      12
      13
      15
      17
      10
      17
      14
      11
      19
      14
      18
      13
      15
      17
      14
      18
      12
      15
       9
       8
       8
      18
      16
      12
      15
       8
      16
      11
      12
      14
       8
      16
      12
      16
       9
      15
       9
       9
       8
      10
      11
      17
      15
      14
      15
      11
      14
       9
      14
      19
      12
      13
      13
      15
      14
      14
      18
      12
      17
       8
       5
       9
       8
       6
      10
      18
       7
       8
      14
      17
      14
      18
       9
      13
      17
      12
      11
       6
       9
      10
      18
      13
       9
       7
      13
       9
      11
       6
      13
       6
      11
      12
      12
       7
       8
      14
       8
      14
      10
       8
       7
       6
       7
      12
      13
      14
      15
      19
       8
      16
       8
      11
      10
      11
      16
      13
       9
      13
       9
      10
      12
      11
      10
      11
       7
       9
      16
      15
      16
      17
      21
      11
      15
      11
      19
      16
      13
      16
       7
      12
      17
       9
       9
      11
       9
      12
      12
      14
       7
       9
      14
       8
      16
      12
      20
      13
       8
      12
      14
      14
      10
      15
      10
      13
      10
      17
      13
      13
       9
      13
      10
      19
      10
      13
      11
      15
      13
       9
       6
      11
      17
       9
      14
      10
      18
      11
      14
       6
       7
       8
      12
      10
       4
       8
      13
       9
      10
       9
       9
      11
      12
      14
       8
       8
      12
       6
       4
      11
      12
       6
       7
       9
      14
      13
      15
       8
      15
      13
      14
      22
      16
       6
      11
      20
      20
      10
      12
      18
      20
      12
      21
      23
      26
      16
      21
      22
      30
      25
      23
      28
      15
      22
      20
      25
      38
      24
      34
      36
      29
      47
      31
      30
      29
      37
      37
      32
      40
      38
      50
      31
      42
      35
      48
      40
      55
      40
      43
      45
      43
      45
      43
      50
      57
      46
      55
      36
      54
      42
      50
      44
      43
      49
      56
      60
      41
      50
      56
      49
      45
      49
      51
      46
      39
      50
      37
      40
      41
      37
      34
      48
      46
      46
      45
      46
      49
      46
      40
      30
      28
      31
      31
      35
      27
      38
      39
      30
      35
      26
      27
      37
      33
      27
      32
      20
      24
      30
      22
      19
      28
      34
      21
      32
      22
      17
      13
      22
      17
      16
      26
      18
      14
      17
      16
      10
       8
       8
      15
      15
       8
      11
      14
      17
       8
      13
       7
      10
      10
      15
      11
       9
      10
      13
      14
       6
      12
       6
       8
      11
       4
       7
       5
       6
       9
       4
       7
      11
       2
       6
      11
       9
       8
       2
       4
      11
       7
       5
       6
       4
       6
       4
       9
      10
       6
       9
       5
       6
       3
       7
       3
       6
       9
       2
       1
       5
       6
       5
       7
       2
       4
       6
       4
       4
       2
       7
       4
       2
       4
       4
       3
       1
       4
       7
       5
       7
       8
       4
       3
       1
       3
       4
       4
       5
       5
       3
       9
       1
       2
       2
       6
       5
       1
       3
       7
       2
       6
       1
       2
       5
       6
       1
       2
       2
       5
       2
       2
       3
       4
       5
       2
       4
       5
       3
       2
       4
       0
       2
       4
       3
       4
       4
       7
       1
       2
       7
       3
       5
       3
       3
       1
       5
       3
       2
       4
       3
       2
       4
       5
       4
       2
       4
       1
       3
       3
       3
       6
       4
       3
       3
       3
       3
       2
       3
       2
       5
       1
       3
       9
       6
       3
       4
       1
       1
       5
       4
       4
       2
       2
       6
       6
       2
       3
       4
       5
       1
       4
       0
       0
       5
       2
       3
       4
       5
       3
       2
       5
       4
       3
       1
       3
       3
       2
       5
       5
       4
       2
       1
       3
       1
       3
       4
       6
       4
       5
       4
       0
       1
       2
       6
       5
       4
       5
       4
       3
       3
       3
       4
       2
       7
       2
       4
       5
       6
       2
       5
       3
       6
       4
       5
       4
       3
       2
       0
       3
       2
       3
       0
       2
       2
       3
       4
       1
       1
       3
       3
       1
       2
       4
       2
       0
       2
       3
       2
       3
       3
       2
       3
       4
       5
       4
       2
       4
       5
       4
       4
       0
       6
       2
       3
       5
       4
       2
       4
       2
       4
       2
       0
       3
       4
       4
       4
       1
       2
       4
       3
       3
       3
       4
       5
       2
       3
       5
       2
       0
       3
       2
       6
       1
       9
       4
       6
       6
       1
       4
       7
       2
       5
       4
       1
       7
       4
       6
       3
       6
       1
       4
       7
       7
       0
       3
       5
       4
       6
       6
       2
       5
       4
       1
       5
       5
       3
       4
       2
       8
       5
       3
       4
       3
       3
       3
       4
       4
       3
       2
       4
       6
       5
       2
       5
       4
       3
       2
       1
       5
       4
       4
       0
       7
       4
       5
       3
       2
       3
       5
       2
       1
       4
       2
       8
       4
       4
       2
       2
       1
       5
       3
       3
       5
       2
       5
       2
       1
       3
       2
       3
       4
       3
       4
       3
       2
       3
       4
       3
       2
       2
       0
       0
       2
       4
       8
       4
       4
       2
       3
       2
       2
       2
       1
       2
       4
       4
       2
       3
       5
       1
       4
       0
       1
       1
       2
       4
       1
       4
       2
       6
       1
       4
       3
       4
       4
       4
       3
       3
       3
       3
       3
       3
       6
       1
       4
       5
       1
       5
       0
       6
       2
       7
       1
       1
       4
       4
       2
       2
       2
       2
       2
       1
       0
       1
       1
       2
       2
       2
       3
       0
       1
       1
       2
       4
       2
       2
       3
       6
       3
       3
       2
       1
       2
       0
       3
       4
       2
       3
       3
       2
       1
       2
       2
       2
       2
       0
       4
       0
       1
       4
       0
       4
       2
       2
       2
       0
       1
       4
       2
       1
       4
       6
       2
       3
       0
       5
       0
       1
       3
       3
       0
       1
       1
       6
       1
       5
       2
       3
       1
       0
       2
       3
       3
       4
       1
       5
       0
       2
       4
       1
       1
       0
       5
       1
       2
       0
       4
       2
       2
       0
       0
       2
       2
       4
       0
       2
       1
       2
       2
       3
       6
       4
       0
       1
       4
       1
       2
       0
       4
       3
       1
       1
       0
       1
       1
       1
       0
       2
       3
       0
       2
       1
       3
       2
       1
       0
       1
       1
       2
       0
       1
       5
       2
       0
       5
       2
       2
       1
       0
       0
       5
       1
       3
       3
       1
       1
       1
       2
       1
       0
       1
       0
       1
       1
       7
       2
       1
       1
       3
       2
       1
       0
       3
       3
       2
       4
       3
       2
       3
       0
       5
       2
       4
       3
       3
       4
       5
       2
       0
       4
       4
       1
       1
       3
       1
       2
       4
       4
       1
       4
       2
       3
       6
       5
       3
       2
       3
       3
       2
       3
       4
       3
       2
       1
       3
       5
       5
       2
       3
       7
       4
       1
       3
       1
       4
       6
       2
       1
       7
       1
       4
       4
       5
       2
       4
       3
       0
       3
       8
       4
       4
       2
       3
       1
       2
       5
       3
       3
       4
       3
       0
       4
       3
       2
       2
       4
       2
       3
       4
       6
       7
       3
       2
       2
       3
       0
       3
       1
       1
       3
       1
       1
       5
       4
       5
       2
       4
       1
       2
       2
       3
       4
       2
       0
       1
       3
       3
       1
       3
       2
       0
       1
       1
       3
       5
       0
       2
       3
       4
       2
       2
       2
       3
       0
       1
       1
       0
       3
       2
       0
       2
       2
       3
       2
       2
       0
       3
       1
       3
       0
       1
       2
       1
       1
       1
       0
       1
       2
       2
       2
       2
       2
       2
       1
       1
       2
       3
       2
       2
       0
       1
       0
       2
       0
       3
       0
       1
       1
       1
       0
       2
       0
       1
       0
       0
       1
       0
       0
       0
       0
       0
       0
       0
       0
       0
       0
       0
       0
       0
       0
       0
       0
       0
       0
       0
       0
       0
       0
       0
       0
       0
       0
       0
       0
       0
       0
       0
       0
       0
       0
       0
       0
       0
       0
       0
       0
       0
       0
       0
       0
       0
       0
       0
       0
       0
       0
       0
       0
       0
       0
       0
       0
       0
       0
       0
       0
       0
       0
       0
       0
       0
       0
       0
       0
       0
       0
       0
       0
       0
       0
       0
       0
       0
       0
       0
       0
       0
       0
       0
       0
       0
       0
       0
       0
       0
       0
       0
       0
       0
       0
       0
       0
       0
       0
       0
       0
       0
       0
       0
       0
       0
       0
       0
       0
       0
       0
       0
       0
       0
       0
       0
       0
       0
       0
       0
       0
       0
       0
       0
       0
       0
       0
       0
       0
       0
       0
       0
       0
       0
       0
       0
       0
       0
       0
       0
       0
       0
       0
       0
       0
       0
       0
       0
       0
       0
       0
       0
       0
       0
       0
       0
       0
       0
       0
       0
       0
       0
       0
       0
       0
       0
       0
       0
       0
       0
       0
       0
       0
       0
       0
       0
       0
       0
       0
       0
       0
       0
       0
       0
       0
       0
       0
       0
       0
       0
       0
       0
       0
       0
       0
       0
       0
       0
       0
       0
       0
       0
       0
       0
       0
       0
       0
       0
       0
       0
       0
       0
       0
       0
       0
       0
       0
       0
       0
       0
       0
       0
       0
       0
       0
       0
       0
       0
       0
       0
       0
       0
       0
       0
       0
       0
       0
       0
       0
       0
       0
       0
       0
       0
       0
       0
       0
       0
       0
       0
       0
       0
       0
       0
       0
       0
       0
       0
       0
       0
       0
       0
       0
       0
       0
       0
       0
       0
       0
       0
       0
$ROI:
0
$PRESETS:
Live Time
999999
0
$ENER_FIT:
0.000000 0.749264
$MCA_CAL:
3
0.000000E+000 7.492638E-001 0.000000E+000 keV
$SHAPE_CAL:
3
0.000000E+000 0.000000E+000 0.000000E+000
