$SPEC_ID:
none
$SPEC_REM:
DET# 1
DETDESC# GRAD-LAB Easy-MCA-2k SN 14163589
AP# Maestro Version 7.01
$DATE_MEA:
09/12/2016 14:02:28
$MEAS_TIM:
123 130
$DATA:
0 2047
       0
       0
       0
       0
       0
       0
       1
       0
       0
       1
       0
       0
       1
       0
       0
       1
       4
      30
     164
     153
     193
     185
     207
     218
     210
     230
     246
     248
     268
     336
     367
     352
     347
     330
     329
     337
     344
     396
     388
     422
     456
     479
     531
     498
     527
     515
     542
     494
     552
     601
     604
     647
     713
     792
     834
     887
     966
    1040
     996
    1047
     990
     975
     934
     918
     906
     887
     850
     786
     801
     758
     685
     758
     732
     728
     793
     757
     799
     817
     927
     894
     940
     967
    1012
    1016
    1026
    1049
    1044
    1021
    1010
    1040
     975
     922
     899
     865
     847
     808
     803
     755
     808
     770
     737
     728
     732
     754
     766
     790
     859
     832
     914
     977
     865
    1021
    1048
    1050
    1181
    1236
    1268
    1357
    1518
    1763
    1829
    2018
    2270
    2476
    2879
    3130
    3646
    3929
    4441
    4783
    5350
    5740
    6234
    6598
    7176
    7537
    7808
    7997
    8134
    8429
    8198
    8370
    8225
    8053
    8012
    7962
    7725
    7731
    7502
    7408
    7474
    7283
    7443
    7476
    7263
    7164
    7208
    7245
    7158
    7022
    6893
    6956
    6948
    6610
    6298
    6381
    6064
    5781
    5590
    5367
    5199
    5243
    4973
    4859
    4686
    4535
    4510
    4383
    4351
    4302
    4360
    4417
    4524
    4667
    4835
    5110
    5374
    5950
    6475
    6889
    7677
    8641
    9530
   10624
   12233
   13384
   15161
   16934
   18632
   20414
   22563
   24530
   26352
   28916
   30641
   32009
   33627
   34940
   35989
   36851
   37321
   37480
   37032
   36549
   36184
   34846
   33665
   32384
   30866
   28946
   26829
   24971
   23312
   21309
   19798
   17884
   16323
   14976
   13719
   12329
   11195
   10071
    9134
    8179
    7570
    6841
    6105
    5585
    5099
    4598
    4136
    3681
    3361
    3015
    2695
    2407
    2141
    1951
    1662
    1423
    1262
    1101
     948
     811
     699
     636
     474
     400
     397
     318
     254
     263
     247
     187
     170
     134
     114
     113
     105
     113
      93
      85
      90
      86
      91
      94
      78
      60
      73
      75
      84
      64
      73
      86
      76
      74
      67
      65
      60
      67
      98
      78
      70
      61
      71
      73
      71
      77
      70
      68
      71
      74
      74
      59
      87
      85
      73
      66
      63
      79
      90
      77
      79
      77
      84
      67
      96
      94
      81
      85
      86
      78
      86
      70
      92
      87
      87
     101
      70
      84
      95
      72
      79
      72
      86
      87
      88
      80
      63
      81
      82
      87
      81
      78
      70
      86
      84
      68
      94
      72
      84
      88
      82
      71
      77
      70
      67
      64
      78
      61
      74
      67
      67
      61
      56
      62
      67
      68
      75
      81
      77
      67
      59
      73
      57
      61
      66
      93
      59
      81
      79
      63
      75
      75
      82
      93
      81
      76
      92
      76
      74
      85
      91
      63
      71
      88
      68
      79
      74
      66
      69
      69
      62
      59
      57
      71
      58
      43
      52
      53
      56
      47
      47
      39
      41
      44
      30
      35
      36
      25
      30
      33
      22
      26
      32
      18
      15
      20
      34
      20
      24
      12
      18
      10
      14
      15
      11
      11
      16
       4
      14
      11
       8
      15
      10
       7
      11
      13
       7
       8
       7
      13
       9
       5
       7
       7
       6
       6
       3
       6
       5
       8
       8
      11
       8
       6
       9
       6
       7
       6
       6
       7
       6
       6
       6
       4
       7
       7
      11
       3
       9
      10
       7
       6
      10
       5
       8
       8
       3
       0
      11
       6
       4
       8
       7
       2
      11
       5
       4
       6
       7
       6
       7
       5
      11
       8
       4
       3
       7
       2
       8
       7
      10
       6
       5
       8
       9
       5
       6
       6
      11
       3
       5
       7
       6
       8
       6
       6
       9
       8
      11
      10
       3
       8
      10
       4
       8
       6
      10
       3
       8
       2
      10
       1
       5
       4
       9
       6
       4
       6
       3
       4
       6
       2
       5
       4
       5
       9
       9
       7
       7
      11
       5
       6
       8
       6
       3
       3
       5
       4
       1
       3
       5
       3
       5
       5
       7
      12
       2
       5
      11
       3
       5
       1
       8
       5
       3
       6
       4
       3
       9
       6
       2
       6
       5
       9
       7
       2
       6
       6
       2
       3
       4
       5
      13
       4
       4
       5
       7
       2
       6
       4
       2
       8
       7
       5
       2
       4
       8
      10
       5
       5
       4
       3
       3
       5
       8
       5
       5
       5
       3
       9
      10
       3
       5
       7
       7
       3
       2
       4
       5
       6
       6
       1
       6
       4
       4
       4
       7
       4
       4
       7
       2
       2
       5
       1
       7
       2
       9
       2
       6
       2
       3
       6
       2
       5
       5
       9
      10
       4
       6
       6
       5
       5
       5
       2
       5
       1
       4
       6
       5
       2
       4
       4
       6
       1
       3
       6
       4
       6
       0
       7
       6
       5
       4
       3
       3
       3
       3
       8
       4
       3
       5
       4
       0
       4
       4
       2
       5
       3
       5
       5
       2
      12
       1
       2
       5
       4
       3
       2
       2
       8
       7
       1
       4
       4
       1
       5
       4
       3
       1
       3
       1
       7
       2
       1
       7
       2
       4
       3
       2
       3
       5
       8
       4
       5
       1
       8
       7
       0
       3
       5
       2
       2
       5
       2
       5
       4
       2
       4
       5
       2
       3
       4
       6
       3
       8
       3
       3
       2
       1
       4
       3
       7
       3
       5
       4
       5
       5
       3
       4
       6
       4
       6
       2
       5
       6
       5
       4
       8
       5
       1
       3
       2
       3
       7
       3
       4
       6
       6
       5
       6
       2
       3
       0
       5
       4
       3
       4
       4
       4
       9
       3
       2
       1
       1
       3
       2
       6
       3
       3
       4
       4
       5
       6
       5
       2
       3
       2
       5
       2
       4
       5
       2
       4
       4
       2
       2
       2
       2
       2
       4
       5
       5
       6
       5
       7
       3
       2
       3
       4
       0
       2
       5
       4
       4
       7
       7
       5
      12
       5
       6
       4
       4
       6
       5
      10
       2
       5
      14
       3
       5
       8
      11
       3
       5
       8
       6
       7
       9
       8
       9
      10
       9
       7
      11
       8
       7
       8
       7
      18
      11
      16
       7
      18
      13
       8
      10
       5
      20
      21
      10
      12
      12
      19
      16
      16
      12
      15
      15
      13
      13
      16
      15
      20
      16
      20
      11
      21
      11
      18
      17
      15
      17
      19
      23
      14
      16
       8
      15
      16
      15
      11
      19
      17
      16
      10
      14
      17
      21
      11
      18
       9
      15
      12
      13
      20
      13
      10
      14
      12
      11
       6
      13
       5
      10
      10
       9
       8
       4
      11
       7
       6
       5
      10
       7
      14
       6
       9
       3
       7
       1
       8
       6
      11
       4
       6
       5
       5
       7
       3
       5
       6
       6
       5
       5
       5
       5
       6
       4
       5
       5
       2
       4
       4
       7
       2
       5
       1
       4
       5
       3
       5
       0
       2
       3
       2
       3
       5
       2
       1
       3
       3
       2
       2
       3
       3
       2
       1
       1
       3
       1
       4
       1
       0
       2
       5
       2
       1
       1
       3
       0
       0
       1
       1
       2
       2
       0
       1
       0
       0
       2
       1
       2
       4
       4
       1
       4
       3
       1
       2
       0
       1
       1
       1
       0
       2
       1
       0
       1
       2
       2
       3
       0
       0
       0
       3
       2
       0
       1
       0
       2
       1
       4
       1
       2
       3
       1
       0
       0
       1
       2
       0
       1
       1
       2
       2
       2
       0
       1
       1
       0
       1
       2
       1
       1
       3
       1
       2
       2
       0
       2
       2
       0
       2
       0
       0
       1
       3
       0
       2
       2
       3
       1
       2
       0
       0
       1
       1
       1
       1
       1
       1
       1
       1
       3
       3
       1
       1
       0
       0
       1
       0
       1
       1
       0
       1
       1
       2
       0
       2
       3
       1
       3
       0
       0
       1
       2
       0
       1
       0
       2
       1
       1
       2
       1
       1
       3
       2
       3
       1
       2
       0
       1
       2
       0
       1
       1
       0
       2
       1
       0
       3
       1
       4
       1
       2
       2
       1
       0
       2
       1
       1
       0
       0
       3
       3
       2
       0
       2
       2
       3
       1
       2
       1
       2
       3
       1
       2
       0
       2
       1
       0
       1
       2
       3
       0
       4
       2
       0
       5
       1
       0
       1
       1
       1
       1
       0
       3
       0
       1
       1
       2
       1
       1
       3
       0
       2
       1
       0
       3
       3
       1
       0
       0
       2
       0
       1
       2
       0
       0
       1
       0
       1
       1
       1
       2
       1
       1
       5
       1
       1
       0
       1
       1
       3
       0
       1
       0
       0
       0
       1
       0
       2
       0
       1
       1
       1
       2
       2
       2
       3
       1
       0
       0
       1
       1
       2
       2
       3
       1
       1
       4
       2
       3
       1
       2
       2
       0
       4
       2
       2
       3
       1
       0
       1
       1
       4
       0
       1
       3
       0
       0
       3
       2
       1
       1
       1
       0
       1
       0
       2
       0
       2
       0
       3
       0
       1
       1
       0
       2
       0
       1
       1
       1
       0
       3
       1
       1
       1
       0
       0
       0
       3
       2
       2
       1
       1
       1
       2
       1
       2
       2
       2
       0
       1
       0
       0
       2
       0
       1
       2
       2
       1
       2
       1
       0
       3
       1
       2
       2
       1
       1
       3
       3
       0
       2
       1
       0
       5
       2
       0
       0
       2
       0
       0
       0
       1
       0
       1
       2
       3
       1
       1
       0
       2
       1
       1
       0
       1
       0
       2
       3
       0
       2
       3
       2
       2
       0
       1
       1
       1
       1
       1
       0
       0
       1
       2
       3
       3
       1
       0
       1
       2
       0
       0
       5
       0
       3
       0
       0
       0
       0
       1
       0
       0
       0
       0
       1
       0
       1
       0
       1
       0
       1
       0
       1
       0
       1
       0
       1
       1
       4
       1
       0
       2
       0
       2
       0
       0
       0
       0
       0
       0
       1
       0
       1
       0
       0
       2
       1
       1
       0
       0
       1
       2
       1
       0
       1
       1
       1
       2
       0
       2
       1
       1
       2
       1
       1
       0
       2
       1
       1
       0
       1
       1
       0
       1
       0
       0
       0
       1
       2
       1
       0
       0
       1
       0
       3
       0
       2
       0
       0
       0
       0
       1
       2
       0
       0
       0
       0
       0
       1
       0
       1
       2
       0
       0
       0
       0
       0
       0
       2
       0
       1
       3
       0
       0
       1
       0
       1
       1
       1
       1
       1
       0
       0
       1
       2
       0
       0
       3
       0
       1
       0
       1
       0
       1
       0
       1
       1
       1
       0
       1
       0
       0
       0
       1
       0
       1
       1
       1
       2
       1
       1
       2
       0
       2
       0
       0
       1
       2
       1
       0
       1
       2
       0
       0
       2
       1
       0
       0
       0
       1
       0
       1
       1
       1
       1
       1
       0
       1
       1
       2
       2
       0
       0
       2
       1
       0
       0
       1
       1
       1
       1
       0
       3
       0
       1
       1
       1
       0
       1
       0
       1
       1
       0
       1
       0
       0
       2
       1
       2
       1
       1
       1
       0
       0
       0
       4
       1
       0
       1
       1
       0
       1
       0
       2
       2
       3
       2
       2
       0
       0
       0
       1
       1
       1
       2
       1
       1
       0
       4
       0
       0
       1
       1
       2
       2
       1
       0
       1
       0
       0
       1
       1
       1
       1
       1
       3
       1
       1
       1
       1
       2
       1
       0
       2
       1
       0
       0
       1
       3
       0
       0
       1
       0
       2
       2
       0
       2
       2
       1
       1
       1
       0
       1
       0
       0
       2
       0
       0
       1
       1
       0
       0
       1
       0
       2
       2
       0
       1
       1
       0
       0
       1
       3
       1
       0
       0
       0
       0
       0
       1
       1
       0
       0
       1
       1
       1
       0
       1
       0
       0
       0
       0
       2
       0
       0
       0
       2
       1
       0
       1
       0
       1
       2
       0
       4
       0
       0
       0
       0
       0
       0
       0
       1
       1
       1
       0
       0
       1
       0
       0
       0
       3
       0
       0
       1
       0
       0
       0
       3
       0
       0
       0
       0
       0
       0
       0
       0
       0
       0
       0
       0
       0
       0
       0
       0
       0
       0
       0
       0
       0
       0
       0
       0
       0
       0
       0
       0
       0
       0
       0
       0
       0
       0
       0
       0
       0
       0
       0
       0
       0
       0
       0
       0
       0
       0
       0
       0
       0
       0
       0
       0
       0
       0
       0
       0
       0
       0
       0
       0
       0
       0
       0
       0
       0
       0
       0
       0
       0
       0
       0
       0
       0
       0
       0
       0
       0
       0
       0
       0
       0
       0
       0
       0
       0
       0
       0
       0
       0
       0
       0
       0
       0
       0
       0
       0
       0
       0
       0
       0
       0
       0
       0
       0
       0
       0
       0
       0
       0
       0
       0
       0
       0
       0
       0
       0
       0
       0
       0
       0
       0
       0
       0
       0
       0
       0
       0
       0
       0
       0
       0
       0
       0
       0
       0
       0
       0
       0
       0
       0
       0
       0
       0
       0
       0
       0
       0
       0
       0
       0
       0
       0
       0
       0
       0
       0
       0
       0
       0
       0
       0
       0
       0
       0
       0
       0
       0
       0
       0
       0
       0
       0
       0
       0
       0
       0
       0
       0
       0
       0
       0
       0
       0
       0
       0
       0
       0
       0
       0
       0
       0
       0
       0
       0
       0
       0
       0
       0
       0
       0
       0
       0
       0
       0
       0
       0
       0
       0
       0
       0
       0
       0
       0
       0
       0
       0
       0
       0
       0
       0
       0
       0
       0
       0
       0
       0
       0
       0
       0
       0
       0
       0
       0
       0
       0
       0
       0
       0
       0
       0
       0
       0
       0
       0
       0
       0
       0
       0
       0
       0
       0
       0
       0
       0
       0
       0
       0
       0
       0
       0
       0
       0
       0
       0
       0
       0
       0
       0
       0
       0
       0
       0
       0
       0
       0
$ROI:
0
$PRESETS:
Live Time
999999
0
$ENER_FIT:
0.000000 0.749264
$MCA_CAL:
3
0.000000E+000 7.492638E-001 0.000000E+000 keV
$SHAPE_CAL:
3
0.000000E+000 0.000000E+000 0.000000E+000
