$SPEC_ID:
none
$SPEC_REM:
DET# 1
DETDESC# GRAD-LAB Easy-MCA-2k SN 14163589
AP# Maestro Version 7.01
$DATE_MEA:
09/12/2016 13:56:50
$MEAS_TIM:
285 300
$DATA:
0 2047
       0
       0
       0
       0
       0
       0
       0
       0
       0
       0
       1
       0
       4
       1
       2
       4
       7
      89
     415
     457
     434
     469
     461
     473
     530
     607
     604
     652
     714
     735
     787
     738
     766
     796
     795
     867
     845
     915
     974
    1007
    1014
    1044
    1165
    1197
    1256
    1163
    1192
    1306
    1343
    1371
    1470
    1569
    1719
    1963
    2010
    2111
    2264
    2318
    2340
    2423
    2384
    2338
    2160
    2086
    2110
    1904
    1913
    1864
    1714
    1762
    1721
    1776
    1795
    1801
    1856
    1917
    1931
    1983
    2048
    2112
    2177
    2314
    2348
    2448
    2514
    2454
    2388
    2538
    2370
    2416
    2267
    2230
    2153
    1983
    2009
    1946
    1885
    1791
    1802
    1716
    1723
    1771
    1811
    1811
    1861
    1889
    2013
    2029
    2092
    2197
    2209
    2364
    2519
    2634
    2770
    3013
    3265
    3520
    3842
    4112
    4716
    5234
    5857
    6547
    7183
    8103
    9125
   10023
   11193
   12276
   13385
   14304
   15543
   16289
   17235
   17949
   18554
   18955
   19433
   19261
   19428
   19354
   19284
   18925
   18615
   18445
   18071
   17803
   17544
   17470
   17195
   17362
   17204
   17062
   16934
   17061
   16784
   16740
   16507
   16587
   16236
   15772
   15365
   14980
   14488
   13894
   13818
   13385
   12945
   12410
   12132
   11704
   11246
   11131
   10667
   10714
   10509
   10486
   10290
   10403
   10456
   10735
   10991
   11472
   12170
   12864
   13838
   15423
   16672
   18493
   20469
   22999
   25736
   28997
   32458
   36069
   40133
   44147
   49025
   54059
   59101
   63074
   68046
   72124
   76407
   79237
   82413
   85383
   87066
   87787
   88004
   87157
   86462
   84525
   81244
   78883
   74927
   71246
   66702
   62294
   58660
   53983
   49363
   45584
   41188
   37527
   34205
   30943
   28083
   25226
   22970
   20722
   18849
   17052
   15290
   13962
   12862
   11401
   10712
    9515
    8401
    7660
    6695
    6098
    5391
    4794
    4117
    3604
    3233
    2731
    2436
    2185
    1847
    1588
    1297
    1132
     978
     806
     676
     596
     528
     461
     390
     345
     293
     275
     236
     233
     206
     193
     194
     202
     209
     170
     194
     175
     207
     156
     198
     189
     195
     176
     171
     189
     159
     166
     185
     189
     157
     206
     185
     214
     168
     150
     164
     179
     197
     182
     167
     177
     197
     167
     186
     179
     165
     201
     176
     196
     202
     183
     190
     204
     188
     190
     210
     200
     224
     183
     165
     192
     206
     200
     200
     238
     216
     186
     222
     199
     213
     198
     228
     240
     212
     217
     188
     210
     192
     217
     183
     194
     199
     216
     206
     196
     183
     183
     192
     172
     173
     191
     194
     167
     185
     189
     164
     172
     200
     190
     155
     152
     183
     164
     149
     186
     188
     183
     178
     172
     178
     162
     152
     152
     196
     160
     191
     171
     169
     181
     194
     187
     209
     161
     186
     191
     187
     183
     204
     181
     223
     183
     179
     172
     195
     190
     188
     175
     192
     169
     176
     168
     171
     161
     137
     156
     154
     123
     122
     116
     148
     119
     113
      82
      91
      83
      83
      97
      70
      76
      64
      82
      62
      51
      43
      55
      52
      41
      30
      35
      42
      45
      36
      33
      30
      31
      26
      29
      20
      22
      19
      23
      33
      16
      23
      16
      17
      19
      28
      19
      19
      14
      14
      13
      13
      14
      17
      16
      25
      17
      14
      23
      23
      20
      13
      20
      17
      17
      11
      15
      12
      16
      11
      19
      17
      15
      30
      10
      14
      18
      11
      18
      19
      19
      16
      14
      24
      23
      16
      15
      20
      15
      16
      24
      19
      19
      14
      16
      26
      21
      16
      15
      14
      18
      14
      18
      11
      17
      17
       8
      24
      14
      16
      13
      19
      26
      18
      19
      21
      21
      15
      12
       8
      16
      18
      21
      18
      12
      13
      16
      18
      18
      11
      23
      13
      13
      23
      12
      18
      26
      14
      13
      18
       9
      14
      11
      18
       5
      14
      21
      20
      19
      11
      16
       9
      10
      14
       9
      11
      16
      17
      11
      11
      16
      10
      19
       8
      20
       6
      13
      10
      18
       7
      11
      11
      13
      12
      12
      17
      11
      16
      12
      11
       6
      11
       9
       9
      10
       7
      13
       9
      10
       6
      14
       9
      19
      13
      11
      10
      13
       9
      11
       9
      10
       9
       7
       5
      10
       9
      13
       4
      12
      15
      16
       7
       8
      12
       8
      17
      10
      11
      13
      13
      16
       9
       8
      12
      17
       9
      10
      10
       8
      12
      10
      11
       7
      13
      12
      13
       7
      10
      13
      14
      12
       7
       9
      16
      18
      13
      12
      11
       9
      12
      16
       7
      14
      12
       9
      11
       8
      10
       9
      22
      12
       5
       8
      10
      10
       6
       6
       4
      16
       9
      12
      12
      10
      14
       7
       7
      10
      10
      12
       8
       9
       2
      10
       9
      11
       5
      15
       9
       5
       6
       6
      15
      11
      10
      10
       5
       5
       8
       6
       9
       8
       8
       8
      10
       9
       4
      11
      12
       6
       7
      11
      10
       6
       7
       5
       9
       8
       6
       7
      11
      10
      12
      11
       7
       6
       6
       5
       3
       5
       8
       7
       6
       8
      13
       5
       8
      10
       4
       5
       8
       8
       6
       6
       6
       9
      14
       5
      12
       9
      11
       8
       5
       9
      10
       7
       9
      11
      10
       8
       8
      12
      10
       7
       9
       8
      10
       7
      15
       9
      12
      12
       9
      17
      11
      10
      17
       6
       7
       7
       5
       5
      12
      11
       5
      10
       5
       9
       3
      11
      17
      13
      15
      11
       4
      10
       7
       4
      13
       7
      14
       7
      10
      13
      10
      10
       8
       7
       8
      12
      13
       6
       9
      11
      12
      12
       3
       7
       9
       2
       7
      10
       8
       9
       8
       9
      13
       5
       4
       6
       9
       5
       7
       7
      10
       6
       9
      14
       9
       5
       7
       7
       7
       9
      10
      12
      13
      10
      11
       8
       9
      11
      11
      13
      11
      16
      16
       9
      12
      17
      11
      10
      12
      17
      10
      23
       8
      16
      16
      14
      15
      14
      20
      24
      14
      15
      21
      16
      23
      19
      26
      26
      23
      26
      29
      26
      37
      14
      26
      24
      17
      22
      22
      29
      27
      33
      49
      36
      29
      33
      27
      25
      40
      38
      33
      35
      39
      34
      40
      38
      30
      46
      35
      41
      46
      33
      40
      38
      33
      31
      39
      41
      44
      54
      34
      39
      36
      41
      39
      28
      32
      30
      33
      34
      30
      37
      37
      29
      22
      43
      27
      38
      26
      30
      24
      30
      26
      26
      28
      26
      17
      38
      25
      31
      31
      22
      21
      20
      25
      18
      22
      12
      17
      26
      13
      13
      14
       9
      22
      17
      11
      17
      13
      10
      12
      12
      15
      14
       5
       9
      12
      10
       9
      14
      12
      10
      10
      12
       4
       7
       7
       6
      10
       5
       2
      15
       6
       5
       7
       4
       7
       6
       3
       7
       2
       7
       6
       3
       7
       4
       5
       8
       8
       7
       5
       4
       3
       5
       5
       6
       5
       5
       1
       4
       2
       3
       2
       6
       4
       4
       6
       5
       9
       4
       4
       2
       7
       2
       6
       4
       7
       4
       4
       4
       5
       4
       4
       1
       7
       2
       5
       2
       1
       3
       3
       3
       1
       5
       3
       5
       3
       3
       3
       3
       0
       4
       3
       3
       2
       6
       4
       3
       1
       2
       7
       2
       3
       4
       2
       3
       4
       4
       5
       1
       3
       3
       4
       5
       2
       0
       2
       4
       2
       3
       1
       3
       6
       6
       4
       6
       1
       2
       3
       4
       1
       4
       4
       6
       4
       4
       2
       2
       7
       3
       2
       1
       3
       2
       2
       3
       1
       4
       7
       3
       4
       1
       1
       3
       4
       3
       5
       3
       2
       2
       1
       3
       2
       2
       1
       2
       1
       3
       4
       1
       3
       0
       0
       4
       3
       2
       3
       3
       4
       2
       1
       1
       3
       3
       5
       0
       3
       6
       2
       5
       6
       5
       0
       3
       3
       7
       1
       2
       3
       3
       1
       5
       2
       0
       2
       6
       3
       4
       2
       1
       3
       3
       0
       2
       3
       0
       1
       1
       2
       2
       2
       3
       2
       2
       4
       5
       2
       5
       2
       2
       0
       0
       1
       0
       2
       3
       2
       1
       2
       3
       2
       1
       6
       4
       2
       2
       1
       2
       3
       3
       2
       4
       4
       2
       5
       1
       3
       1
       2
       4
       2
       1
       3
       2
       6
       2
       1
       2
       3
       1
       3
       1
       3
       2
       4
       1
       0
       1
       2
       1
       3
       1
       5
       2
       1
       0
       0
       5
       8
       3
       1
       4
       0
       4
       2
       4
       1
       6
       2
       1
       0
       4
       1
       3
       2
       3
       1
       6
       4
       0
       3
       3
       4
       5
       0
       1
       1
       2
       1
       4
       2
       0
       4
       0
       0
       5
       4
       2
       3
       1
       3
       2
       2
       1
       4
       0
       2
       5
       2
       6
       6
       0
       2
       3
       3
       4
       3
       2
       3
       4
       1
       1
       0
       3
       2
       2
       3
       3
       3
       3
       3
       0
       1
       3
       2
       3
       2
       2
       2
       3
       2
       5
       4
       2
       3
       0
       2
       3
       2
       5
       2
       1
       1
       3
       3
       1
       2
       5
       6
       3
       2
       2
       1
       1
       2
       3
       3
       1
       2
       5
       3
       2
       4
       1
       2
       1
       3
       3
       3
       5
       3
       2
       1
       3
       3
       2
       7
       0
       3
       5
       4
       3
       4
       4
       2
       1
       3
       5
       1
       2
       2
       0
       2
       0
       1
       5
       3
       0
       3
       2
       2
       4
       2
       3
       1
       2
       3
       2
       3
       2
       2
       2
       3
       1
       3
       2
       2
       3
       1
       1
       2
       1
       1
       4
       2
       2
       0
       0
       4
       1
       1
       1
       2
       3
       2
       1
       5
       2
       2
       2
       1
       0
       5
       0
       4
       1
       0
       2
       2
       1
       1
       2
       1
       2
       1
       1
       4
       1
       1
       2
       0
       4
       2
       3
       2
       1
       3
       0
       4
       3
       1
       1
       0
       3
       2
       1
       3
       1
       1
       1
       0
       6
       2
       0
       1
       1
       0
       1
       1
       3
       2
       0
       1
       4
       1
       3
       3
       4
       2
       1
       0
       0
       3
       2
       1
       2
       3
       4
       4
       1
       1
       4
       1
       2
       5
       1
       1
       1
       0
       2
       2
       0
       0
       2
       0
       1
       2
       1
       3
       2
       0
       5
       3
       4
       1
       3
       1
       0
       1
       1
       1
       1
       2
       1
       2
       2
       1
       1
       0
       0
       6
       1
       1
       0
       0
       0
       4
       4
       0
       1
       1
       1
       2
       1
       0
       2
       0
       2
       4
       2
       2
       2
       3
       1
       0
       1
       0
       0
       0
       4
       3
       0
       3
       2
       4
       2
       1
       0
       3
       5
       5
       4
       1
       0
       1
       0
       1
       3
       3
       4
       2
       2
       2
       1
       1
       1
       4
       2
       2
       3
       0
       1
       3
       2
       0
       3
       1
       3
       5
       2
       4
       0
       5
       1
       4
       2
       2
       1
       3
       0
       2
       5
       2
       2
       7
       2
       2
       4
       1
       2
       2
       5
       2
       0
       6
       3
       5
       1
       5
       3
       5
       0
       5
       2
       0
       7
       2
       6
       3
       3
       4
       5
       1
       0
       2
       3
       2
       3
       3
       4
       1
       2
       1
       2
       1
       1
       1
       3
       3
       0
       2
       2
       2
       4
       3
       1
       4
       1
       2
       0
       1
       1
       3
       1
       4
       3
       0
       3
       1
       0
       2
       2
       1
       2
       3
       2
       2
       3
       1
       1
       4
       3
       1
       2
       3
       0
       5
       0
       1
       2
       2
       2
       0
       5
       2
       2
       0
       0
       2
       1
       3
       1
       1
       0
       0
       2
       3
       1
       0
       1
       0
       1
       0
       2
       0
       1
       1
       0
       1
       0
       0
       1
       2
       1
       0
       5
       1
       1
       0
       0
       0
       0
       0
       0
       0
       0
       1
       0
       0
       0
       0
       0
       0
       1
       0
       0
       0
       0
       0
       0
       0
       1
       0
       0
       0
       0
       0
       0
       0
       0
       0
       0
       0
       0
       0
       0
       0
       0
       0
       0
       0
       0
       0
       0
       0
       0
       0
       0
       0
       0
       0
       0
       0
       0
       0
       0
       0
       0
       0
       0
       0
       0
       0
       0
       0
       0
       0
       0
       0
       0
       0
       0
       0
       0
       0
       0
       0
       0
       0
       0
       0
       0
       0
       0
       0
       0
       0
       0
       0
       0
       0
       0
       0
       0
       0
       0
       0
       0
       0
       0
       0
       0
       0
       0
       0
       0
       0
       0
       0
       0
       0
       0
       0
       0
       0
       0
       0
       0
       0
       0
       0
       0
       0
       0
       0
       0
       0
       0
       0
       0
       0
       0
       0
       0
       0
       0
       0
       0
       0
       0
       0
       0
       0
       0
       0
       0
       0
       0
       0
       0
       0
       0
       0
       0
       0
       0
       0
       0
       0
       0
       0
       0
       0
       0
       0
       0
       0
       0
       0
       0
       0
       0
       0
       0
       0
       0
       0
       0
       0
       0
       0
       0
       0
       0
       0
       0
       0
       0
       0
       0
       0
       0
       0
       0
       0
       0
       0
       0
       0
       0
       0
       0
       0
       0
       0
       0
       0
       0
       0
       0
       0
       0
       0
       0
       0
       0
       0
       0
       0
       0
       0
       0
       0
       0
       0
       0
       0
       0
       0
       0
       0
       0
       0
       0
       0
       0
       0
       0
       0
       0
       0
       0
       0
       0
       0
       0
       0
       0
       0
       0
       0
       0
       0
       0
       0
       0
       0
       0
       0
       0
       0
       0
       0
       0
       0
       0
       0
       0
       0
       0
       0
       0
       0
       0
$ROI:
0
$PRESETS:
Live Time
999999
0
$ENER_FIT:
0.000000 0.749264
$MCA_CAL:
3
0.000000E+000 7.492638E-001 0.000000E+000 keV
$SHAPE_CAL:
3
0.000000E+000 0.000000E+000 0.000000E+000
