$SPEC_ID:
none
$SPEC_REM:
DET# 1
DETDESC# GRAD-LAB Easy-MCA-2k SN 14163589
AP# Maestro Version 7.01
$DATE_MEA:
09/07/2016 14:01:10
$MEAS_TIM:
150 150
$DATA:
0 2047
       0
       0
       0
       0
       0
       0
       0
       0
       0
       0
       0
       0
       0
       0
       0
       0
       0
       3
      19
      30
      33
      20
      27
      14
      18
      22
      24
      20
      17
      20
      12
      30
      16
      23
      15
      27
      17
      25
      29
      33
      22
      30
      25
      27
      23
      27
      32
      38
      26
      22
      33
      16
      27
      33
      19
      27
      33
      39
      32
      36
      35
      34
      40
      46
      30
      37
      27
      40
      23
      23
      31
      37
      34
      25
      24
      36
      29
      33
      31
      27
      35
      28
      31
      29
      39
      31
      33
      40
      30
      36
      39
      31
      41
      46
      36
      33
      37
      26
      35
      31
      46
      37
      40
      40
      32
      28
      46
      34
      43
      32
      29
      30
      29
      33
      42
      43
      35
      44
      39
      39
      41
      50
      42
      34
      51
      37
      39
      53
      48
      47
      57
      47
      57
      42
      64
      62
      60
      63
      75
      87
      87
      77
      65
      90
      83
      88
      81
      85
      89
      92
      99
      77
      68
      71
      74
      63
      61
      84
      54
      76
      62
      54
      82
      69
      55
      68
      62
      55
      58
      47
      60
      59
      61
      59
      35
      49
      42
      49
      43
      51
      58
      54
      37
      33
      54
      42
      35
      38
      61
      65
      39
      31
      37
      56
      40
      35
      41
      36
      45
      49
      47
      46
      41
      42
      45
      33
      45
      43
      40
      32
      37
      35
      41
      34
      37
      33
      44
      38
      39
      38
      39
      47
      40
      50
      47
      47
      38
      41
      34
      45
      40
      38
      39
      50
      57
      54
      30
      40
      35
      41
      44
      51
      45
      45
      40
      47
      44
      41
      52
      40
      32
      45
      44
      41
      34
      43
      36
      34
      52
      50
      33
      41
      31
      36
      44
      43
      47
      54
      33
      37
      39
      32
      34
      55
      40
      46
      38
      47
      52
      38
      36
      49
      44
      46
      42
      37
      43
      49
      52
      39
      39
      49
      37
      40
      30
      34
      39
      57
      37
      50
      53
      47
      49
      42
      40
      55
      52
      50
      40
      47
      52
      53
      43
      51
      48
      34
      42
      39
      50
      48
      48
      47
      44
      58
      36
      46
      51
      39
      50
      44
      54
      48
      49
      46
      58
      60
      71
      55
      45
      42
      55
      44
      53
      53
      56
      50
      45
      54
      66
      56
      54
      56
      41
      54
      67
      50
      48
      55
      51
      59
      56
      58
      58
      57
      60
      48
      62
      59
      56
      54
      58
      68
      58
      58
      43
      62
      50
      56
      44
      55
      59
      64
      66
      55
      67
      63
      67
      63
      63
      48
      51
      57
      51
      61
      54
      51
      58
      50
      53
      56
      58
      59
      47
      55
      49
      53
      44
      56
      67
      52
      52
      50
      57
      55
      57
      53
      66
      56
      57
      55
      65
      52
      51
      61
      50
      64
      58
      69
      60
      70
      65
      49
      43
      54
      50
      62
      52
      65
      48
      60
      57
      52
      62
      49
      65
      56
      63
      61
      54
      51
      63
      42
      46
      53
      45
      56
      69
      54
      49
      50
      56
      46
      52
      59
      53
      48
      65
      53
      63
      58
      54
      60
      56
      66
      63
      57
      47
      56
      59
      51
      54
      66
      54
      60
      56
      57
      38
      53
      49
      58
      55
      46
      51
      60
      65
      58
      70
      51
      44
      39
      59
      44
      63
      63
      70
      55
      61
      57
      62
      64
      53
      49
      52
      63
      64
      58
      52
      51
      47
      51
      43
      55
      36
      46
      49
      63
      53
      59
      53
      47
      57
      53
      54
      52
      61
      51
      52
      55
      60
      57
      55
      59
      57
      49
      41
      57
      63
      53
      51
      48
      51
      53
      57
      60
      51
      67
      51
      55
      55
      49
      64
      68
      46
      54
      53
      55
      47
      48
      44
      43
      54
      53
      66
      55
      65
      54
      48
      51
      48
      44
      58
      46
      55
      61
      43
      48
      49
      51
      58
      49
      58
      53
      56
      45
      61
      48
      57
      49
      62
      49
      49
      58
      49
      56
      53
      55
      48
      59
      54
      46
      56
      61
      44
      40
      48
      57
      44
      50
      51
      47
      52
      43
      45
      43
      57
      57
      54
      47
      40
      48
      53
      47
      42
      53
      52
      60
      41
      52
      57
      42
      56
      60
      45
      50
      48
      62
      48
      53
      51
      41
      49
      54
      61
      45
      36
      51
      42
      53
      52
      49
      49
      43
      42
      66
      59
      37
      48
      55
      44
      46
      44
      55
      44
      58
      51
      45
      44
      60
      62
      49
      44
      51
      38
      46
      51
      56
      51
      54
      42
      55
      56
      50
      49
      45
      51
      42
      49
      53
      56
      56
      46
      48
      55
      49
      46
      41
      53
      59
      48
      47
      52
      54
      34
      56
      38
      55
      44
      49
      48
      51
      54
      47
      61
      47
      49
      51
      53
      53
      45
      43
      66
      52
      51
      44
      37
      46
      47
      48
      52
      40
      53
      46
      41
      60
      62
      53
      51
      46
      51
      50
      64
      54
      55
      42
      42
      62
      49
      64
      49
      39
      47
      43
      46
      66
      49
      54
      42
      46
      61
      55
      55
      51
      48
      37
      37
      48
      55
      42
      47
      59
      53
      59
      55
      41
      52
      42
      53
      46
      41
      45
      58
      45
      60
      53
      50
      50
      47
      54
      52
      46
      46
      49
      46
      39
      42
      48
      55
      42
      40
      41
      42
      50
      54
      42
      56
      32
      55
      40
      58
      44
      40
      46
      40
      47
      41
      41
      50
      57
      52
      49
      41
      59
      48
      43
      38
      49
      50
      56
      43
      49
      41
      38
      45
      39
      48
      43
      40
      37
      34
      40
      37
      42
      56
      37
      49
      45
      61
      58
      40
      50
      47
      41
      39
      51
      33
      40
      42
      42
      51
      43
      59
      45
      51
      45
      49
      52
      51
      49
      36
      49
      47
      52
      41
      57
      50
      38
      52
      42
      45
      49
      39
      44
      56
      41
      44
      64
      61
      50
      52
      54
      54
      57
      47
      43
      52
      64
      40
      52
      60
      44
      52
      53
      50
      59
      46
      48
      44
      39
      49
      52
      45
      70
      45
      45
      54
      55
      59
      46
      52
      53
      49
      51
      65
      57
      55
      46
      57
      45
      56
      50
      53
      57
      54
      62
      38
      57
      51
      44
      58
      50
      45
      44
      60
      42
      42
      40
      50
      47
      47
      41
      54
      49
      54
      52
      53
      56
      43
      70
      51
      57
      48
      53
      55
      55
      42
      46
      50
      50
      43
      54
      57
      40
      44
      58
      49
      39
      46
      46
      46
      40
      53
      51
      50
      42
      50
      57
      45
      51
      40
      45
      63
      50
      46
      50
      47
      40
      42
      49
      40
      63
      52
      49
      49
      37
      42
      63
      40
      46
      38
      55
      57
      43
      47
      46
      49
      47
      48
      51
      62
      51
      45
      42
      50
      62
      54
      43
      54
      63
      40
      44
      43
      48
      56
      56
      36
      43
      48
      50
      40
      47
      44
      55
      52
      43
      43
      46
      52
      38
      46
      44
      50
      56
      53
      56
      47
      52
      46
      44
      45
      58
      52
      52
      62
      44
      46
      48
      45
      56
      49
      59
      50
      51
      43
      58
      45
      61
      49
      53
      55
      59
      54
      64
      58
      46
      57
      62
      47
      47
      63
      51
      54
      61
      59
      50
      45
      70
      48
      51
      49
      59
      47
      50
      52
      49
      59
      74
      69
      41
      51
      47
      51
      48
      51
      61
      48
      53
      68
      51
      63
      63
      51
      60
      62
      64
      58
      49
      53
      52
      54
      53
      51
      50
      54
      57
      50
      54
      54
      46
      44
      46
      57
      56
      49
      61
      42
      52
      51
      55
      53
      53
      46
      61
      55
      43
      61
      52
      52
      66
      54
      52
      66
      71
      55
      69
      49
      52
      61
      55
      58
      57
      53
      51
      62
      51
      55
      53
      56
      61
      43
      63
      56
      51
      63
      53
      56
      59
      46
      57
      61
      65
      74
      51
      60
      65
      60
      60
      63
      45
      74
      60
      58
      51
      51
      51
      62
      46
      64
      53
      54
      67
      57
      31
      52
      49
      66
      52
      53
      57
      44
      53
      54
      54
      59
      40
      53
      41
      43
      47
      56
      44
      42
      44
      50
      52
      47
      49
      38
      44
      45
      48
      62
      41
      46
      46
      36
      33
      46
      45
      41
      39
      52
      45
      47
      56
      41
      44
      36
      37
      37
      37
      44
      42
      45
      43
      53
      39
      51
      45
      34
      34
      39
      37
      33
      39
      47
      44
      39
      33
      34
      45
      32
      49
      30
      40
      35
      37
      40
      48
      40
      45
      41
      43
      49
      38
      46
      44
      33
      32
      35
      36
      52
      35
      54
      43
      36
      47
      43
      45
      37
      38
      37
      39
      33
      35
      50
      50
      41
      50
      39
      47
      28
      44
      36
      36
      32
      38
      46
      31
      30
      36
      50
      38
      38
      44
      33
      42
      52
      41
      30
      32
      37
      31
      40
      31
      32
      37
      35
      42
      40
      28
      41
      45
      45
      42
      30
      34
      35
      34
      26
      33
      33
      34
      37
      27
      27
      31
      31
      25
      40
      37
      24
      40
      29
      46
      32
      32
      29
      30
      36
      28
      32
      37
      35
      34
      42
      40
      40
      52
      36
      46
      39
      47
      33
      45
      38
      46
      45
      38
      41
      54
      44
      63
      47
      57
      51
      54
      49
      69
      62
      66
      58
      64
      59
      61
      70
      57
      82
      81
      81
      77
      87
      77
      93
      87
      77
      79
     105
     102
     125
      92
      94
      96
     109
     111
     100
     112
     103
     124
     108
     119
     111
     114
     132
     123
     111
     107
     145
     132
     131
     147
     119
     130
     116
     128
     126
      99
     127
     117
     144
     135
     120
     146
     126
     124
     120
     117
     138
     137
     138
     117
     153
     129
     140
     130
     114
     130
     111
     148
     132
     128
     128
     113
     102
     112
     111
     120
      92
      92
     109
     111
     111
      85
     103
     109
      98
      92
      96
      89
     108
     101
      87
      75
      86
      85
      75
      77
      72
      79
      79
      81
      77
      80
      89
      78
      79
      75
      58
      62
      51
      61
      63
      71
      70
      59
      62
      69
      57
      62
      61
      53
      53
      55
      62
      47
      59
      41
      52
      43
      59
      59
      39
      43
      63
      50
      50
      62
      47
      60
      52
      55
      59
      49
      57
      56
      52
      56
      55
      61
      60
      51
      54
      64
      85
      69
      68
      50
      84
      75
      78
      75
      68
      90
      88
      80
      83
      70
      98
      76
      91
      97
      88
      82
      81
      68
      85
      95
     103
      87
     100
     114
     116
     115
     102
      97
     103
     104
     110
      83
      97
     104
     104
     107
      98
     118
      96
     120
     105
     103
     132
     122
     108
     110
      99
     117
     112
     103
     118
      98
     111
     105
      89
      98
     101
     128
      93
     101
     101
     118
      92
     104
     109
     115
     102
     101
     108
      96
      99
      94
      94
      76
      83
      80
      87
      89
      81
      67
      85
      89
      94
      82
      67
      97
      76
      60
      64
      75
      74
      65
      73
      55
      62
      70
      66
      50
      64
      50
      52
      55
      54
      58
      53
      49
      55
      52
      37
      46
      44
      47
      57
      49
      38
      47
      36
      29
      48
      42
      38
      47
      35
      25
      35
      40
      38
      27
      41
      24
      37
      28
      18
      20
      24
      31
      29
      24
      29
      23
      29
      19
      22
      26
      18
      26
      23
      21
      23
      20
      19
      17
      21
      18
      24
      20
      12
      14
      12
      10
      18
      15
      19
      16
      15
      13
      13
      12
      19
      16
      10
       8
      10
       9
      13
      12
       7
       5
       9
      12
       3
      11
      12
       5
       6
      10
       7
       8
      11
       9
      11
       6
       3
       1
       2
       1
       2
       3
       0
       0
       1
       0
       0
       0
       0
       0
       0
       0
       0
       0
       0
       0
       0
       0
       0
       0
       0
       0
       0
       0
       0
       0
       0
       0
       0
       0
       0
       0
       0
       0
       0
       0
       0
       0
       0
       0
       0
       0
       0
       0
       0
       0
       0
       0
       0
       0
       0
       0
       0
       0
       0
       0
       0
       0
       0
       0
       0
       0
       0
       0
       0
       0
       0
       0
       0
       0
       0
       0
       0
       0
       0
       0
       0
       0
       0
       0
       0
       0
       0
       0
       0
       0
       0
       0
       0
       0
       0
       0
       0
       0
       0
       0
       0
       0
       0
       0
       0
       0
       0
       0
       0
       0
       0
       0
       0
       0
       0
       0
       0
       0
       0
       0
       0
       0
       0
       0
       0
       0
       0
       0
       0
       0
       0
       0
       0
       0
       0
       0
       0
       0
       0
       1
       0
       0
       0
       0
       0
       0
       0
       0
       0
       0
       0
       0
       0
       0
       0
       0
       0
       0
       0
       0
       0
       0
       0
       0
       0
       0
       0
       0
       0
       0
       0
       0
       0
       0
       0
       0
       0
       0
       0
       0
       0
       0
       0
       0
       0
       0
       0
       0
       0
       0
       0
       0
       0
       0
       0
       0
       0
       0
       0
       0
       0
       0
       0
       0
       0
       0
       0
       0
       0
       0
       0
       0
       0
       0
       0
       0
       0
       0
       0
       0
       0
       0
       0
       0
       0
       0
       0
       0
       0
       0
       0
       0
       0
       0
       0
       0
       0
       0
       0
       0
       0
       0
       0
       0
       0
       0
       0
       0
       0
       0
       0
       0
       0
       0
       0
       0
       0
       0
       0
       0
       0
       0
       0
       0
       0
       0
       0
       0
       0
       0
       0
       0
       0
       0
       0
       0
       0
       0
       0
       0
$ROI:
0
$PRESETS:
Live Time
999999
0
$ENER_FIT:
0.000000 0.000000
$MCA_CAL:
3
0.000000E+000 0.000000E+000 0.000000E+000 
$SHAPE_CAL:
3
0.000000E+000 0.000000E+000 0.000000E+000
