$SPEC_ID:
none
$SPEC_REM:
DET# 1
DETDESC# GRAD-LAB Easy-MCA-2k SN 14163589
AP# Maestro Version 7.01
$DATE_MEA:
09/07/2016 13:47:48
$MEAS_TIM:
371 371
$DATA:
0 2047
       0
       0
       0
       0
       0
       0
       0
       0
       0
       0
       0
       0
       0
       0
       0
       0
       0
      16
      55
      66
      51
      66
      64
      76
      62
      75
      74
      71
      56
      72
      66
      71
      66
      76
      80
      86
      84
      89
      65
      68
      71
      79
      91
     104
     107
      89
      72
      73
     105
      89
      80
      77
      80
      82
      84
      89
     106
      89
      88
      77
      87
     111
      72
     100
     101
      92
      82
      88
      85
      87
      99
      93
      88
      85
     102
     113
     109
     100
      93
     110
     131
     119
     125
     115
     136
     143
     146
     161
     182
     173
     186
     204
     182
     208
     169
     195
     206
     194
     186
     190
     212
     184
     196
     151
     171
     182
     133
     155
     138
     150
     141
     136
     110
     156
     136
     137
     114
      98
      96
     125
     116
     103
      92
      80
     102
     115
     100
      95
     107
     106
      90
     111
     103
     123
     105
     110
      98
     100
     120
     105
     113
     100
     117
     126
     114
      92
     100
     104
      94
     113
      97
     112
      93
     111
     117
     135
     123
     139
     130
      98
     116
     115
     114
     131
     102
     116
     121
     122
      92
     119
     116
     105
     121
     116
     115
     114
     106
     131
      99
     119
     133
     125
     125
     120
     121
     112
     103
     103
     116
     120
     111
     119
     129
     108
     120
     149
     133
     111
     121
     122
     118
     116
     123
     139
     114
     105
     116
     120
     138
     125
     129
     130
     124
     119
     126
     131
     134
     134
     123
     116
     136
     114
     138
     151
     144
     144
     129
     144
     131
     136
     144
     149
     149
     155
     143
     144
     153
     125
     136
     154
     163
     157
     159
     135
     163
     158
     166
     148
     150
     152
     152
     171
     146
     145
     165
     145
     144
     150
     140
     137
     148
     132
     128
     156
     137
     156
     151
     156
     116
     158
     144
     146
     129
     132
     128
     137
     153
     170
     132
     145
     128
     155
     160
     137
     143
     169
     152
     136
     123
     125
     134
     123
     153
     140
     128
     128
     143
     164
     140
     131
     146
     153
     146
     144
     111
     126
     149
     145
     149
     134
     142
     138
     133
     138
     160
     141
     140
     159
     148
     123
     131
     123
     148
     126
     155
     135
     131
     142
     141
     133
     140
     147
     116
     146
     120
     136
     143
     144
     132
     116
     121
     145
     113
     134
     123
     127
     121
     115
     162
     130
     122
     131
     139
     128
     152
     110
     143
     135
     158
     154
     121
     125
     124
     125
     117
     114
     112
     149
     120
     117
     153
     123
     135
     120
     147
     161
     122
     144
     126
     123
     126
     132
     130
     140
     114
     126
     112
     116
     118
     149
     138
     127
     102
     117
     124
     137
     140
     122
     109
     130
     133
     132
     116
     123
     131
     121
     148
     144
     122
     127
     116
     115
     109
     123
     133
     111
     125
     128
     110
     142
     143
     127
     134
     121
     117
     122
     125
     140
     112
     130
     107
     123
     122
     112
     116
     122
     119
     116
     114
     127
     131
     129
     131
     143
     137
     110
     128
     115
     129
     140
     129
     119
     109
     120
     134
     143
     118
     143
     138
     102
     121
     111
     122
     104
     103
     138
     106
     122
     122
     144
     116
     135
     112
     112
     127
     133
     138
     127
     140
     109
     117
     146
     132
     118
     134
     127
     127
     134
     119
     140
     136
     115
     133
     130
     136
     138
     115
     127
     100
     128
     121
     121
     155
     144
     111
     134
     106
     110
     106
     117
     118
     117
     129
     116
     120
     108
     116
     127
     122
     130
     120
     113
     113
     113
     103
     117
     133
     125
     114
     125
     115
      89
     121
     113
     126
     106
     124
     102
     123
     114
     110
     128
     120
      92
     134
     104
     124
     114
     114
     130
     111
     115
     140
     120
     119
     124
     115
     138
     124
     115
     116
      98
     113
     131
     135
     109
     125
     133
     124
     125
     133
     116
     110
     113
     129
     133
     130
     133
     123
     118
     125
     139
     125
     130
     125
     129
     116
     130
     123
     127
     118
     125
     137
     131
     139
     115
     129
     130
     136
     135
     125
     131
     136
     137
     142
     123
     135
     133
     131
     147
     126
     132
     123
     129
     142
     126
     113
     126
     128
     115
     134
     127
     123
     114
     111
     147
     130
      95
     126
     126
     158
     121
     123
     110
     130
     112
     132
     139
     121
     115
     106
     132
     130
     128
     128
     136
     115
     129
     122
     107
     122
     106
     118
     127
     107
     113
     126
     110
     114
     119
     132
     135
     131
     135
     139
     135
     147
     114
     100
     124
     129
     122
     108
      98
     124
     135
     105
     119
     123
     128
     115
     121
     115
     112
     132
     131
     128
     109
     121
     124
     111
     121
     137
     141
     128
     122
     117
     114
     122
     141
      97
     115
     120
     150
     116
     130
     148
     110
     128
     131
     145
     123
     118
     134
     138
     120
     129
     119
     137
     127
     136
     130
     142
     138
     154
     136
     127
     143
     134
     133
     139
     138
     142
     155
     133
     131
     138
     138
     130
     142
     125
     145
     131
     120
     124
     120
     130
     133
     127
     123
     146
     135
     139
     135
     132
     134
     143
     151
     128
     137
     142
     117
     127
     116
     135
     131
     126
     149
     143
     142
     134
     121
     124
     135
     138
     128
     112
     148
     140
     122
     116
     115
     123
     128
     108
     137
     149
     129
     132
     101
     120
     126
     118
     140
     125
     107
     123
     121
     128
     119
     130
     128
     116
     123
     121
     121
     110
     112
     129
     103
     108
     100
     112
     109
     103
     104
     117
     105
     122
     115
     100
     117
      82
     101
     102
     122
     117
     107
     124
      97
     103
     102
      93
     101
      96
     118
      95
     107
      88
     102
     103
     104
     100
     115
      93
      99
      87
     103
     115
      93
     106
     105
     107
     101
     104
      90
      84
     100
     109
      93
     104
     109
     100
      89
      92
      92
      80
      91
      70
      90
      95
      94
      95
      97
      88
     104
      91
      98
      90
     126
      76
      94
      90
      92
     111
     115
     119
     109
     109
     107
     113
     108
     110
     116
     112
     100
     121
     137
     104
     115
     115
     125
     157
     126
     140
     157
     143
     153
     180
     168
     173
     172
     176
     192
     190
     190
     182
     199
     177
     204
     188
     200
     197
     175
     206
     206
     200
     238
     221
     210
     231
     203
     227
     217
     206
     233
     208
     225
     206
     234
     215
     251
     197
     248
     226
     275
     244
     195
     234
     234
     213
     235
     250
     243
     220
     215
     240
     243
     223
     202
     207
     194
     222
     219
     205
     206
     216
     219
     195
     187
     190
     214
     181
     196
     194
     204
     228
     196
     196
     194
     212
     217
     177
     200
     198
     192
     174
     184
     182
     189
     194
     190
     200
     194
     179
     196
     206
     194
     182
     184
     196
     200
     204
     206
     174
     193
     170
     190
     168
     175
     201
     192
     206
     214
     186
     201
     193
     197
     209
     184
     220
     188
     200
     178
     202
     220
     212
     189
     194
     198
     190
     200
     215
     184
     178
     220
     205
     201
     208
     214
     228
     196
     175
     219
     189
     188
     181
     203
     202
     188
     174
     198
     185
     193
     201
     189
     189
     182
     185
     159
     170
     161
     166
     167
     159
     179
     143
     181
     162
     160
     149
     144
     136
     133
     171
     163
     142
     129
     125
     126
     129
     139
     107
     115
     123
     140
     111
     119
     106
     131
     101
     117
      92
      95
      97
      85
      82
      81
     106
      76
      78
      94
      82
     103
      60
      69
      76
      78
      75
      77
      69
      72
      59
      62
      66
      81
      59
      62
      56
      59
      37
      46
      57
      40
      46
      44
      56
      37
      39
      48
      36
      51
      46
      35
      41
      46
      35
      36
      37
      28
      25
      23
      25
      30
      26
      20
      32
      36
      15
      29
      19
      23
      28
      18
      31
      21
      17
      18
      22
      12
      19
      15
      21
      16
      15
      16
      24
      15
       7
      17
      18
      10
      12
      14
       7
       8
       5
      14
       4
      12
       8
       3
       8
       8
      11
       5
       6
       7
       7
       8
       4
       4
      10
       7
       7
       8
       7
       2
       6
       8
       5
       4
       5
       5
       6
       4
       2
       7
       5
       3
       4
       1
       6
       3
       4
       4
       4
       5
       1
       4
       8
       4
       4
       3
       4
       7
       5
       7
       5
       1
       2
       0
       2
       5
       3
       4
       8
       5
       2
       1
       3
       2
       6
       4
       6
       4
       1
       2
       2
       0
       3
       1
       0
       3
       0
       2
       3
       1
       4
       1
       5
       2
       1
       2
       4
       1
       3
       3
       2
       3
       3
       4
       3
       1
       3
       5
       0
       2
       5
       1
       2
       3
       2
       6
       2
       2
       3
       2
       1
       4
       3
       4
       1
       3
       1
       4
       2
       1
       4
       0
       3
       2
       2
       0
       0
       6
       4
       1
       4
       2
       4
       3
       2
       1
       2
       2
       1
       1
       3
       3
       3
       3
       2
       3
       1
       1
       4
       4
       1
       1
       0
       2
       2
       1
       1
       1
       4
       5
       2
       1
       2
       0
       2
       4
       4
       0
       3
       4
       1
       2
       1
       2
       2
       0
       1
       3
       6
       2
       1
       0
       3
       1
       3
       2
       0
       3
       0
       4
       1
       2
       0
       4
       3
       2
       1
       2
       1
       3
       1
       2
       2
       0
       0
       2
       0
       4
       2
       3
       0
       2
       3
       1
       5
       1
       2
       3
       3
       3
       2
       2
       2
       2
       1
       0
       0
       1
       1
       2
       1
       3
       1
       1
       2
       2
       2
       3
       2
       0
       0
       0
       4
       0
       2
       0
       1
       3
       1
       1
       1
       1
       3
       2
       1
       3
       0
       1
       1
       5
       3
       2
       2
       3
       2
       4
       0
       2
       1
       2
       0
       2
       0
       3
       1
       3
       1
       2
       0
       1
       1
       1
       1
       1
       2
       2
       1
       1
       1
       2
       4
       1
       2
       1
       1
       1
       0
       1
       1
       2
       0
       2
       2
       2
       2
       2
       2
       1
       1
       2
       0
       0
       1
       1
       2
       0
       1
       1
       1
       0
       4
       0
       0
       1
       1
       2
       5
       1
       1
       0
       3
       0
       0
       2
       0
       1
       0
       1
       0
       2
       3
       2
       2
       0
       1
       3
       0
       0
       1
       2
       1
       3
       1
       2
       3
       1
       3
       2
       2
       1
       2
       2
       3
       0
       1
       0
       0
       2
       2
       2
       0
       1
       1
       3
       1
       1
       2
       4
       0
       2
       1
       3
       2
       1
       2
       3
       1
       1
       1
       1
       1
       1
       1
       2
       2
       0
       0
       0
       2
       1
       0
       0
       0
       2
       2
       1
       1
       3
       2
       1
       5
       1
       1
       0
       3
       2
       2
       0
       2
       1
       1
       2
       0
       2
       2
       1
       1
       3
       5
       1
       3
       1
       0
       0
       1
       1
       1
       0
       1
       0
       0
       0
       3
       2
       1
       0
       2
       0
       1
       0
       3
       0
       1
       1
       2
       2
       1
       2
       2
       1
       2
       4
       1
       3
       1
       2
       7
       2
       0
       1
       2
       1
       1
       4
       2
       3
       2
       3
       1
       3
       1
       0
       1
       2
       0
       1
       1
       2
       2
       1
       2
       1
       1
       3
       1
       1
       0
       1
       0
       0
       1
       1
       0
       2
       1
       1
       1
       3
       2
       2
       3
       1
       1
       0
       0
       3
       0
       0
       0
       0
       0
       1
       2
       3
       0
       4
       0
       0
       1
       0
       0
       0
       1
       0
       1
       1
       2
       1
       2
       1
       0
       1
       1
       0
       1
       1
       0
       3
       0
       0
       0
       0
       1
       1
       1
       0
       1
       1
       1
       2
       1
       1
       0
       1
       1
       0
       0
       1
       0
       0
       1
       0
       1
       1
       0
       1
       0
       2
       0
       1
       1
       0
       0
       0
       0
       1
       1
       0
       1
       1
       0
       0
       0
       2
       1
       0
       0
       0
       0
       0
       0
       1
       0
       0
       0
       0
       0
       0
       0
       0
       0
       0
       0
       0
       0
       0
       0
       0
       0
       0
       0
       0
       0
       0
       0
       0
       0
       0
       0
       0
       0
       0
       0
       0
       0
       0
       0
       0
       0
       0
       0
       0
       0
       0
       0
       0
       0
       0
       0
       0
       0
       0
       0
       0
       0
       0
       0
       0
       0
       0
       0
       0
       0
       0
       0
       0
       0
       0
       0
       0
       0
       0
       0
       0
       0
       0
       0
       0
       0
       0
       0
       0
       0
       0
       0
       0
       0
       0
       0
       0
       0
       0
       0
       0
       0
       0
       0
       0
       0
       0
       0
       0
       0
       0
       0
       0
       0
       0
       0
       0
       0
       0
       0
       0
       0
       0
       0
       0
       0
       0
       0
       0
       0
       0
       0
       0
       0
       0
       0
       0
       0
       0
       0
       0
       0
       0
       0
       0
       0
       0
       0
       0
       0
       0
       0
       0
       0
       0
       0
       0
       0
       0
       0
       0
       0
       0
       0
       0
       0
       0
       0
       0
       0
       0
       0
       0
       0
       0
       0
       0
       0
       0
       0
       0
       0
       0
       0
       0
       0
       0
       0
       0
       0
       0
       0
       0
       0
       0
       0
       0
       0
       0
       0
       0
       0
       0
       0
       0
       0
       0
       0
       0
       0
       0
       0
       0
       0
       0
       0
       0
       0
       0
       0
       0
       0
       0
       0
       0
       0
       0
       0
       0
       0
       0
       0
       0
       0
       0
       0
       0
       0
       0
       0
       0
       0
       0
       0
       0
       0
       0
       0
       0
       0
       0
       0
       0
       0
       0
       0
       0
       0
       0
       0
       0
       0
       0
       0
       0
       0
       0
       0
       0
       0
       0
       0
       0
       0
       0
       0
       0
$ROI:
0
$PRESETS:
Live Time
999999
0
$ENER_FIT:
0.000000 0.000000
$MCA_CAL:
3
0.000000E+000 0.000000E+000 0.000000E+000 
$SHAPE_CAL:
3
0.000000E+000 0.000000E+000 0.000000E+000
