$SPEC_ID:
none
$SPEC_REM:
DET# 1
DETDESC# GRAD-LAB Easy-MCA-2k SN 14163589
AP# Maestro Version 7.01
$DATE_MEA:
09/12/2016 13:04:11
$MEAS_TIM:
351 352
$DATA:
0 2047
       0
       0
       0
       0
       0
       0
       0
       0
       0
       0
       0
       0
       0
       0
       0
       1
       0
       5
      52
      45
      65
      48
      62
      64
      49
      69
      59
      69
      59
      62
      48
      47
      57
      51
      65
      66
      46
      65
      78
      60
      63
      60
      66
      56
      61
      66
      63
      83
      81
      76
      56
      94
      74
      81
      74
      70
      79
      78
      70
      71
      79
      81
      67
      84
      79
      85
      88
      70
      72
      86
      72
      76
      78
      80
      72
      86
      78
      79
      89
      81
      89
      91
      94
      92
      76
      91
      90
      92
      81
     110
      89
      93
      89
      84
     101
     104
      83
      84
      98
      94
      66
      74
     118
      75
      90
      76
      84
     100
      93
     105
     104
      97
      88
      80
     101
      97
     111
      87
     108
     115
     126
     127
     119
     127
     116
     148
     130
     152
     124
     172
     151
     174
     185
     223
     195
     192
     184
     176
     188
     201
     197
     191
     181
     180
     204
     194
     188
     173
     182
     172
     156
     183
     157
     162
     145
     148
     138
     146
     169
     121
     124
     132
     124
     119
     123
     109
     122
     130
     104
     111
     103
     114
     114
      90
      96
      80
      94
      97
      88
      91
     109
      90
     118
      82
      95
      84
      97
     108
      93
     105
     108
      95
      97
      97
      97
     100
     111
     105
     104
     108
     103
     122
      89
     103
      88
     102
     111
     120
     112
      98
      89
     106
      88
     112
     107
     103
     132
     117
     102
     100
      89
     109
      92
     115
      96
     110
      99
      97
      93
      87
     112
     105
      84
     116
     123
     117
      94
     115
     109
      91
      91
     103
     107
     106
      97
      95
     108
     113
     110
      76
     106
      95
     113
     107
     101
     118
      79
      85
      88
      96
      91
      94
     103
      87
      83
     109
     108
     126
      97
     101
     111
      99
      90
     116
     108
     114
     113
     106
     105
     109
     104
      81
      93
      92
      98
      96
     110
     108
     122
     122
     104
     102
     119
      95
      83
     113
     104
     113
     127
     115
     121
     115
     116
     103
     103
     119
     101
     115
     123
     134
     115
      86
      94
     107
     103
     113
     118
     125
     124
     119
     130
     142
     124
     135
     114
     132
     132
     135
     136
     106
     143
     134
     124
     124
     136
     145
     141
     142
     122
     138
     120
     155
     151
     154
     137
     150
     139
     136
     145
     136
     144
     138
     140
     149
     121
     161
     148
     148
     153
     166
     153
     135
     161
     154
     144
     136
     153
     118
     156
     151
     161
     140
     129
     148
     164
     150
     150
     159
     142
     132
     141
     148
     133
     125
     107
     149
     127
     154
     147
     142
     135
     122
     124
     145
     139
     142
     137
     137
     152
     135
     125
     123
     146
     126
     132
     107
     122
     119
     131
     119
     143
     134
     143
     140
     121
     133
     121
     121
     161
     144
     141
     144
     141
     149
     146
     109
     114
     122
     132
     136
     123
     117
     131
     139
     148
     150
     141
     143
     117
     139
     112
     113
     136
     133
     152
     150
     127
     119
     115
     146
     118
     137
     146
     139
     139
     132
     126
     130
     132
     134
     134
     146
     125
     119
     138
     143
     133
     146
     117
     140
     138
     145
     110
     110
     128
     129
     140
     145
     134
     137
     146
     131
     128
     117
     129
     130
     129
     146
     138
     147
     110
     125
     135
     130
     124
     141
     135
     147
     123
     138
     136
     140
     119
     128
     113
     132
     141
     134
     124
     123
     148
     134
     124
     135
     128
     156
     127
     134
     133
     109
     109
     157
     120
     139
     133
     123
     129
     129
     127
     117
     131
     138
     126
     144
     140
     126
     151
     132
     136
     120
     131
     103
     116
     109
     138
     109
     135
     122
     120
     121
     144
     135
     138
     159
     135
     139
     112
     129
     120
     128
     113
     137
     103
     125
     129
     136
     126
     119
     110
     121
     140
     118
     119
     112
     116
     106
     123
     130
     118
     135
     112
     140
     134
     115
     120
     133
     126
     121
     130
     113
     124
     138
     133
     114
     150
     122
     114
      98
     114
     111
     115
     125
     120
     102
     120
     136
     124
     122
     118
     111
     106
     118
     124
     113
     134
     132
     113
     132
     131
     135
     114
     143
     111
     125
     122
     112
     119
     104
     110
     101
     141
     114
     118
     122
     121
     127
     129
     131
     113
     132
     115
     123
     122
     118
     132
     122
     113
     121
     102
     127
     114
     130
     107
     102
     114
     115
     115
     117
     134
     116
     103
     131
     122
     108
     128
     115
     144
     132
     119
     135
     103
     122
     120
     114
     102
     116
     123
     141
     115
     117
     107
     107
     111
     114
     128
     116
     116
     120
     106
     127
     115
     108
     120
     106
     129
     108
     131
     119
     127
     137
     123
     107
     130
     125
     124
     127
      96
     121
     114
     147
     121
     117
     123
     128
     106
     103
     116
     130
     124
     107
     118
     136
     114
     117
     103
     116
     108
     128
     125
     131
     117
     120
     104
     103
     118
     123
     112
     138
     131
     102
     116
      98
     117
     109
     118
     126
     103
     123
     119
      97
     114
     115
     132
     117
      98
     122
     120
     112
     120
     126
     127
     122
     115
     132
     130
     134
     116
     103
     110
     113
     107
     105
     106
     108
     121
     107
     114
     117
      98
     106
     109
     108
     134
     120
     117
     135
     111
     119
     113
     125
     132
     112
     107
     108
     131
     109
     116
     113
     106
     115
     122
     106
     120
     119
     144
     115
     110
     114
     107
     115
     104
     127
     124
     110
     123
     111
     134
     122
     101
      81
     108
     123
     126
      98
     109
     110
     125
     114
     101
     118
     124
     104
     118
     135
     126
     114
     111
     114
     121
     114
     125
     107
     127
     117
     115
     122
     106
     111
     119
      96
     107
     121
     112
     118
     125
     129
     132
     127
     108
     130
     118
     130
     105
     117
     100
     110
     123
     120
     133
     133
     119
     122
     123
     109
     121
     137
      94
     130
     125
     119
     134
     121
     131
     116
     121
     130
     103
     113
     134
     120
     134
     137
     113
     136
     118
     142
     121
     107
     118
     118
     125
     106
     110
     117
     136
     140
     128
     126
     112
     134
     124
     129
     121
     132
     131
     120
     109
     133
     113
     129
     139
     125
     108
     125
     129
     117
     146
     132
     109
     120
     141
     124
     110
     114
     113
     102
     121
     129
     111
     122
     113
     119
     115
     129
     107
     119
     116
     122
     103
     115
     106
     130
     128
     133
     117
     111
     113
     120
     120
     132
     105
     137
      97
     118
     118
     117
     121
     109
     127
     108
     141
     135
     116
     104
     125
     111
     129
     108
     126
     112
     127
     123
     122
     105
     110
     119
     137
      95
      98
     106
     117
     129
     122
     101
     107
     122
     113
     121
     108
     120
     120
     135
     118
     143
     132
     106
     138
     118
     107
     109
     134
     133
     120
     138
     110
     129
     115
     130
     127
     127
     123
     138
     128
     148
     119
     134
     120
     148
     127
     144
     119
     128
     120
     132
     136
     133
     126
     134
     119
     145
     138
     108
     125
     140
     128
     119
     120
     139
     128
     139
     132
     141
     122
     140
     111
     137
     132
     148
     121
     125
     131
     144
     129
     139
     128
     134
     133
     158
     125
     128
     128
     130
     136
     132
     141
     154
     155
     136
     115
     134
     130
     135
     139
     111
     152
     129
     145
     131
     124
     114
     122
     128
     144
     122
     150
     132
     143
     136
     120
     133
     138
     133
     147
     126
     135
     123
     148
     133
     143
     142
     132
     150
     150
     148
     156
     154
     144
     183
     162
     146
     132
     155
     151
     125
     166
     134
     136
     139
     150
     131
     142
     126
     132
     131
     136
     148
     124
     139
     113
     132
     133
     147
     138
     126
     123
     134
     143
     147
     117
     120
     136
     159
     153
     124
     131
     114
     123
     135
     120
     119
     117
     134
     120
     104
     126
     121
     113
     110
     126
     125
     119
     112
     130
     121
     138
     101
     109
     116
     112
     126
      98
     107
     107
     131
     123
     123
     126
     126
     127
     100
     122
      91
     107
     113
     123
     102
      96
      99
     102
      94
     110
     122
      95
      99
     104
     112
      96
      97
     100
     105
      91
     110
      99
     106
     116
     107
      96
     115
      89
     115
     103
     112
     102
      94
      94
     106
     110
     116
      94
     100
      93
     104
      93
      75
      82
      87
     103
     122
      84
      98
      98
     102
      84
      93
      97
     110
      87
     103
     102
      99
     101
     105
      78
     101
      83
      98
      98
      82
      96
      83
      98
     105
      90
      87
     108
     109
      95
      72
      81
      90
      87
      82
     103
      87
      77
      76
     108
      93
      80
     102
     109
      87
      82
      92
     103
      97
      89
      79
      79
      89
      86
      69
      95
      89
      98
      96
      82
      89
      76
      82
      90
      84
      74
      98
      79
     103
      85
      80
      98
     104
      84
      90
      85
      61
      82
      77
      66
      74
      83
      76
      87
      81
      77
      73
      76
      95
      94
      84
     104
     117
      92
      96
      95
      93
     119
     101
      98
     121
     102
      93
     139
     112
     121
     146
     134
     124
     121
     148
     121
     152
     154
     174
     172
     164
     189
     187
     187
     218
     211
     184
     202
     193
     206
     224
     222
     251
     211
     216
     233
     283
     238
     235
     265
     256
     289
     253
     300
     275
     276
     283
     280
     317
     348
     280
     320
     326
     263
     350
     327
     322
     310
     323
     323
     316
     284
     318
     356
     336
     331
     325
     311
     359
     334
     353
     305
     325
     328
     325
     308
     319
     306
     317
     268
     303
     277
     280
     279
     278
     293
     302
     287
     277
     275
     263
     301
     257
     289
     247
     233
     268
     263
     239
     244
     211
     234
     216
     240
     205
     233
     223
     190
     198
     184
     198
     187
     206
     187
     191
     180
     170
     143
     173
     153
     157
     164
     137
     153
     144
     143
     130
     151
     134
     134
     148
     139
     130
     126
     137
     122
     142
     151
     134
     132
     129
     132
     118
     122
     135
     114
     115
     125
     135
     133
     118
     109
     136
     135
     147
     127
     170
     146
     165
     151
     169
     149
     159
     164
     168
     175
     196
     195
     175
     203
     185
     185
     191
     209
     202
     224
     226
     199
     219
     218
     197
     227
     222
     260
     223
     231
     249
     253
     238
     231
     257
     256
     283
     266
     268
     260
     258
     267
     249
     265
     280
     272
     239
     274
     264
     254
     262
     283
     292
     292
     280
     285
     268
     259
     279
     233
     238
     266
     277
     270
     267
     253
     253
     237
     252
     276
     256
     270
     226
     226
     234
     197
     227
     237
     239
     213
     215
     212
     226
     201
     211
     202
     208
     212
     196
     204
     178
     201
     190
     194
     155
     173
     159
     145
     179
     168
     146
     154
     149
     152
     145
     132
     124
     144
     120
     120
     136
     127
     108
     122
     102
     111
     107
     107
      95
     101
     103
      82
     103
      83
      96
      98
      87
      73
      83
      68
      83
      81
      77
      92
      66
      66
      56
      62
      73
      80
      59
      56
      56
      58
      48
      75
      57
      63
      51
      47
      42
      50
      40
      50
      50
      43
      36
      44
      29
      32
      46
      32
      32
      37
      31
      30
      29
      36
      31
      44
      36
      36
      24
      22
      38
      28
      30
      13
      21
      27
      18
      12
      23
      13
      21
      17
      17
      15
      19
      14
      13
      12
      14
      17
      18
      14
      23
       6
       9
      12
       8
      20
      14
      10
      10
      10
       6
      14
       7
       6
      12
      15
       8
      11
       8
       7
      12
      11
      10
      10
       4
       4
       6
       4
       4
      12
      11
       7
       6
       5
       8
      10
       6
       9
       5
       3
      11
       6
       5
       5
       6
       6
       5
       8
      10
       4
       5
       3
       8
       5
       5
       6
       6
       8
       2
       6
       5
       8
       6
       5
       6
       3
       6
       2
       6
       3
       2
       5
       3
       3
       3
       6
       2
       1
       2
       4
       1
       2
       4
       2
       3
       4
       4
       3
       4
       3
       2
       2
       0
       0
       1
       0
       1
       0
       0
       0
       0
       0
       0
       0
       0
       0
       0
       0
       0
       0
       0
       0
       0
       0
       0
       0
       0
       0
       0
       0
       0
       0
       0
       1
       0
       0
       0
       0
       0
       0
       1
       0
       0
       0
       0
       0
       0
       0
       0
       0
       0
       0
       0
       0
       0
       0
       0
       0
       0
       0
       0
       0
       0
       0
       0
       0
       0
       0
       0
       0
       0
       0
       0
       0
       0
       0
       0
       0
       0
       0
       0
       0
       0
       0
       0
       0
       0
       0
       0
       0
       0
       0
       0
       0
       0
       0
       0
       0
       0
       0
       0
       0
       0
       0
       0
       0
       0
       0
       0
       0
       0
       0
       0
       0
       0
       0
       0
       0
       0
       0
       0
       0
       0
       0
       0
       0
       0
       0
       0
       0
       0
       0
       0
       0
       0
       0
       0
       0
       0
       0
       0
       0
       0
       0
       0
       0
       0
       0
       0
       0
       0
       0
       0
       0
       0
       0
       0
       0
       0
       0
       0
       0
       0
       0
       0
       0
       0
       0
       0
       0
       0
       0
       0
       0
       0
       0
       0
       0
       0
       0
       0
       0
       0
       0
       0
       0
       0
       0
       0
       0
       0
       0
       0
       0
       0
       0
       0
       0
       0
       0
       0
       0
       0
       0
       0
       0
       0
       0
       0
       0
       0
       0
       0
       0
       0
       0
       0
       0
       0
       0
       0
       0
       0
       0
       0
       0
       0
       0
       0
       0
       0
       0
       0
       0
       0
       0
       0
       0
       0
       0
       0
       0
       0
       0
       0
       0
       0
       0
       0
       0
       0
       0
       0
       0
       0
       0
       0
       0
       0
       0
       0
       0
       0
       0
       0
       0
       0
       0
       0
       0
       0
       0
       0
$ROI:
0
$PRESETS:
Live Time
999999
0
$ENER_FIT:
0.000000 0.749264
$MCA_CAL:
3
0.000000E+000 7.492638E-001 0.000000E+000 keV
$SHAPE_CAL:
3
0.000000E+000 0.000000E+000 0.000000E+000
