$SPEC_ID:
none
$SPEC_REM:
DET# 1
DETDESC# GRAD-LAB Easy-MCA-2k SN 14163589
AP# Maestro Version 7.01
$DATE_MEA:
09/12/2016 13:16:04
$MEAS_TIM:
322 323
$DATA:
0 2047
       0
       0
       0
       0
       0
       0
       0
       0
       0
       0
       2
       0
       0
       1
       0
       0
       1
       7
      57
      44
      53
      51
      67
      56
      57
      50
      49
      60
      51
      61
      47
      47
      62
      51
      53
      67
      57
      53
      62
      52
      65
      49
      66
      63
      77
      50
      56
      58
      66
      65
      53
      66
      53
      72
      73
      77
      54
      72
      75
      93
      76
      75
      81
      75
      72
      57
      68
      62
      75
      72
      66
      70
      70
      75
      64
      89
      82
      77
      82
      87
      64
      58
      95
      82
      82
      93
      81
      89
      63
      94
      61
      74
      81
      85
      88
      62
     102
      79
      86
      81
      88
      65
      78
      87
      77
      74
      74
      83
      96
      73
      74
      94
      88
      76
      87
      79
      93
      88
     122
      94
     113
     100
     105
     113
     124
     111
     142
     127
     148
     166
     178
     176
     157
     171
     179
     166
     176
     194
     207
     195
     199
     172
     177
     188
     153
     151
     166
     151
     154
     151
     149
     138
     140
     142
     142
     113
     122
     130
     130
     115
     120
     114
     102
     121
     105
     103
     108
      97
      86
     100
      99
      86
     103
      88
     101
      78
     100
      86
      88
      98
      78
     102
      85
      75
      94
      95
      79
      92
      80
      97
      89
     105
      88
      87
      97
      88
     108
      91
      89
      97
      84
      95
     101
      86
      76
     103
      82
      99
      92
     107
      91
     103
      84
      88
     107
      82
      92
      75
      98
      89
     107
     103
      88
      93
      95
     106
      77
      94
      81
      98
      89
      88
      78
      76
      94
      97
      97
      92
      93
      98
      90
      97
      97
      94
      81
      98
      87
      95
      94
      93
      75
      91
      98
     111
      88
      97
     118
      88
      91
      89
      93
      86
      96
     112
      93
      77
     104
      89
     101
      84
      79
      95
      97
      98
      92
      92
      86
      93
     107
     111
     108
      97
     110
     108
      94
     119
      83
      96
      86
     104
     102
     102
      97
     106
     109
      87
     105
     118
     100
      97
     113
     108
     104
      94
     109
      98
     103
      92
     114
     115
     112
     101
     112
      99
     110
      98
     120
     114
      99
     116
     116
     123
     121
     125
     105
     119
     130
     128
     129
     130
     122
     155
     128
     118
     138
     140
      96
     139
     112
     130
     113
     136
     128
     132
     118
     144
     145
     134
     121
     125
     126
     116
     149
     137
     131
     139
     143
     138
     133
     141
     133
     128
     130
     147
     146
     120
     132
     123
     129
     138
     145
     120
     122
     139
     120
     136
     123
     125
     157
     139
     112
     146
     142
     157
     112
     147
     134
     119
     154
     116
     125
     141
     126
     123
     130
     118
     133
     120
     129
     127
     103
     128
     112
     111
     134
     131
     145
     135
     111
     139
     142
     117
     125
     130
     128
     118
     124
     133
     125
     110
     130
     117
     141
     125
     136
     115
     118
     121
     116
     121
     126
     105
     113
     124
     115
     106
     105
     112
     105
     140
     126
     113
     132
     130
     152
     125
     125
     113
     117
     118
     116
     119
     137
     120
     124
     125
     114
     118
     140
     140
     126
     111
     139
     126
     124
     124
     104
     117
     112
     124
     126
     103
     127
     114
     131
     124
     114
     113
     115
     139
     129
     126
     113
     121
     130
     106
     116
     112
     119
     110
     128
     119
     112
     122
     106
     126
     134
     120
     103
     142
     101
     124
     104
     107
     111
     134
     116
     114
     119
     110
     122
     122
     123
     111
     106
     142
     111
     109
     135
     111
     112
     114
     106
      89
     118
     128
     132
     102
     133
     126
     134
     134
     108
     126
     130
     107
     100
     102
     138
      92
     109
     107
     114
     108
     109
     101
     126
     145
     112
     132
      95
     112
      87
      88
     110
     112
     118
     117
      92
     123
     102
     132
     119
     120
     126
     127
     133
     129
     111
     126
      97
     112
     127
      97
     115
     119
     124
     105
     110
     115
     130
     105
     112
      98
     130
      93
     117
     104
     111
     109
     110
     118
     113
     110
     132
     114
     114
     116
     104
     120
     109
     111
     130
      90
     123
     123
     118
     130
     139
     112
     126
     121
     107
     115
      97
     115
     110
     124
     114
      97
     121
     117
     123
     117
     117
     106
     112
     100
     125
     113
     102
      91
     102
     114
     111
     120
     105
     115
     111
     123
      95
     106
     131
     108
     115
     115
     114
     137
     126
     132
     141
     121
     100
      91
     109
     102
      99
     101
     113
     101
     114
     116
      98
      96
      90
     111
     100
     100
      99
     105
     103
     100
     124
     105
     116
     103
     121
     104
     121
     110
     101
     100
     112
     110
      83
     116
     121
     101
      93
     122
     111
     109
     123
     103
      92
      94
     108
     109
     126
     109
     113
     120
      92
      98
     103
     104
     108
      95
      94
     120
     109
     120
     109
     102
     128
     116
     107
     111
     108
     100
     103
      90
     106
     122
     108
      95
     101
     114
     107
     123
     111
     107
      94
     108
      96
     101
     119
     106
     121
     112
     113
     114
     105
      97
     102
      90
     116
      95
      97
     114
     100
     113
     116
     127
     100
     114
     123
     111
      98
     107
     108
     109
     116
      88
      89
     127
     123
     107
     116
      94
     105
     106
     102
     115
     114
     109
      95
     127
     104
     100
     112
     109
      94
      96
      96
      92
     118
     103
     102
     112
      96
     113
     110
     117
     106
      97
     116
     108
     116
      81
     114
     102
     111
      88
      91
     108
     111
     101
     105
      94
     104
      98
     109
     123
     112
     107
      87
      90
     108
      98
      96
     109
     110
      85
      92
      95
      91
     108
     103
     100
      88
      92
     127
     113
      99
      80
      91
      94
     114
     110
      96
     102
     112
     108
     102
     105
      91
     100
     108
     109
     115
     117
     131
     106
     116
     104
     110
      97
     103
     111
     108
     109
     112
     122
     108
     111
     108
     107
     118
      87
      95
     107
     104
     109
      85
     100
     123
     114
     101
     135
     113
      87
     108
     127
     122
     124
     106
     112
     124
     120
     104
     126
     122
     127
     111
     111
     107
     112
      92
     114
     106
     116
      86
      92
     117
     120
     117
     123
     113
     122
     120
     103
      97
     112
      89
     125
     105
      99
     128
     124
     108
      97
     106
     104
     130
     101
      99
     103
      86
      92
      98
      93
      97
     108
      88
     106
     110
      91
      99
     129
     124
     106
     109
     112
      89
     136
     133
     117
     106
     112
      94
      86
      96
     112
     119
     115
     121
     115
     102
     123
     115
     121
     103
     105
     110
     118
     115
     108
     105
     102
     135
     100
     121
     103
     116
     121
     104
     115
     117
     111
     111
      98
      94
      99
     103
      98
     116
     114
      96
     120
     121
     118
     112
     115
     134
     109
     108
     108
     124
     111
     113
     106
     118
     138
     119
     125
      89
     123
      99
     119
      87
     125
     105
     100
      92
     109
     124
     114
      88
     122
     128
     127
     101
     114
     114
     129
     113
     108
     108
      94
     105
     118
     115
     120
     115
      95
     111
     108
     101
     116
     113
     122
     115
     110
     105
     118
     114
     106
     111
     120
     113
     123
     125
     111
     102
     112
     124
     153
     103
     117
     126
     125
     121
     140
     118
     131
     111
     127
     117
     126
     119
     117
     143
     114
     126
     124
     134
     148
     125
     135
     110
     126
     106
     109
     109
     139
     109
     116
     111
     148
     120
     105
     132
     119
     143
     109
     123
     130
     137
     128
     108
     141
     135
     129
     112
     106
     116
     126
     111
     128
     140
     124
     128
      98
     122
     120
     122
     127
     125
     123
     122
     118
     128
     111
     140
     144
     128
     120
     122
     117
     123
     118
     128
     147
     138
     128
     137
     136
     128
     123
     143
     113
     119
     108
     131
     110
     124
     142
     115
      88
     106
     107
     115
     111
     129
     121
     128
     121
     106
     112
     109
     110
     107
     100
     104
     122
     114
     105
      98
      93
      98
     116
     115
     102
      92
     119
      98
     124
     104
      96
     110
     116
     106
     116
      87
      86
     107
      99
      99
     103
      96
      78
     103
     104
     109
      99
     101
     107
      83
      91
      92
      95
     103
      80
     100
      92
     103
      89
      93
      94
     104
      90
     100
      97
     105
     114
      82
      86
      94
     107
      98
      83
     105
      87
      96
      96
     107
      78
     104
      76
      88
      92
     113
      99
      86
      97
      95
      82
     103
      73
      96
     111
      88
     111
      80
      98
      89
      99
      98
      88
     102
      92
      82
     102
      91
     105
      96
      99
      92
      99
      83
      91
      98
      82
      75
      93
     103
      90
     102
      82
      93
      89
      94
      88
     103
      77
      73
      71
      82
      94
     100
      90
     104
      94
      84
      64
      84
      84
      87
      89
      81
      92
      76
      92
      72
      86
      79
      68
      81
      82
      82
      79
      85
      71
      73
      78
      71
      83
      70
      72
      75
      58
      65
      76
      67
      77
      61
      77
      86
      78
      81
      84
      98
      89
      66
      91
      63
      76
      82
      93
      92
      89
     102
      94
      85
      90
     104
      94
      94
      90
     114
     114
     131
     117
     127
     130
     135
     133
     145
     141
     158
     172
     139
     165
     177
     173
     177
     176
     174
     176
     194
     192
     211
     234
     203
     227
     213
     203
     226
     255
     239
     248
     235
     271
     241
     248
     286
     246
     273
     230
     271
     273
     285
     302
     284
     289
     309
     322
     263
     311
     286
     244
     264
     320
     315
     308
     288
     331
     308
     322
     295
     266
     293
     304
     279
     288
     270
     309
     266
     291
     275
     292
     255
     269
     248
     261
     240
     247
     281
     265
     246
     212
     248
     236
     205
     230
     262
     207
     233
     250
     225
     213
     203
     181
     184
     196
     204
     189
     184
     183
     201
     165
     194
     156
     172
     155
     151
     151
     159
     156
     156
     149
     149
     143
     125
     131
     135
     138
     139
     124
     124
     110
     111
     141
     113
     116
     120
     104
     122
     118
     106
     115
     115
     125
     128
     135
     103
     132
     117
     132
     125
     123
     121
     138
     136
     128
     130
     142
     131
     143
     140
     179
     148
     139
     155
     161
     163
     164
     162
     155
     183
     166
     165
     167
     165
     197
     184
     183
     193
     186
     202
     189
     213
     225
     203
     226
     218
     239
     245
     245
     214
     254
     241
     218
     253
     264
     231
     247
     245
     226
     247
     243
     261
     259
     262
     258
     260
     216
     262
     253
     264
     227
     280
     225
     241
     247
     214
     234
     252
     265
     251
     226
     227
     252
     201
     193
     253
     231
     247
     200
     200
     217
     236
     227
     198
     176
     202
     188
     209
     173
     201
     180
     173
     161
     161
     175
     172
     160
     161
     178
     148
     163
     129
     138
     136
     146
     129
     128
     129
     122
     115
     130
     129
     118
     101
     128
     129
     110
     124
     108
     109
     107
     116
     111
      79
     102
      92
      95
      69
      90
      79
      76
      76
      83
      66
      71
      78
      59
      61
      69
      53
      62
      53
      63
      62
      61
      57
      72
      55
      47
      45
      51
      52
      49
      54
      48
      44
      33
      35
      46
      32
      43
      42
      34
      32
      18
      27
      38
      35
      37
      24
      27
      34
      28
      26
      26
      28
      23
      31
      28
      20
      24
      30
      25
      25
      22
      25
      21
      19
      27
      14
      15
      28
      15
      19
      13
      12
      12
      11
      11
       6
      12
      16
      19
      12
      11
      10
      10
      13
      10
      11
      15
       9
       9
       8
      13
       5
      10
      10
       1
      11
      16
       5
       6
       9
       4
       6
      10
       2
       7
       9
       5
       2
       5
       8
       5
       7
       5
       7
       4
       9
       6
       5
       8
       7
       1
       6
       3
       2
       6
       2
       2
       6
       3
       4
       3
       7
       7
       5
       5
       3
       1
       5
       3
       2
       4
      10
       7
       7
       6
       1
       3
       3
       1
       4
       5
       2
       4
       4
       1
       3
       3
       1
       2
       8
       4
       3
       2
       0
       3
       6
       4
       4
       2
       2
       5
       1
       2
       1
       0
       0
       0
       0
       0
       1
       0
       0
       0
       0
       0
       0
       0
       0
       0
       0
       0
       0
       0
       0
       0
       0
       0
       0
       0
       0
       0
       0
       0
       0
       0
       0
       0
       0
       0
       0
       0
       0
       0
       0
       0
       0
       0
       0
       0
       0
       0
       0
       0
       0
       0
       0
       0
       0
       0
       0
       0
       0
       1
       0
       0
       0
       0
       0
       0
       0
       0
       0
       1
       0
       0
       0
       0
       0
       0
       0
       0
       0
       0
       0
       0
       0
       0
       0
       1
       0
       0
       0
       0
       0
       0
       0
       0
       0
       0
       0
       0
       0
       0
       0
       0
       0
       0
       0
       0
       0
       0
       0
       0
       0
       0
       0
       0
       0
       0
       0
       0
       0
       0
       0
       0
       0
       0
       0
       0
       0
       0
       0
       0
       0
       0
       0
       0
       0
       0
       0
       0
       0
       0
       0
       0
       0
       0
       0
       0
       0
       0
       0
       0
       0
       0
       0
       0
       0
       0
       0
       0
       0
       0
       0
       0
       0
       0
       0
       0
       0
       0
       0
       0
       0
       0
       0
       0
       0
       0
       0
       0
       0
       0
       0
       0
       0
       0
       0
       0
       0
       0
       0
       0
       0
       0
       0
       0
       0
       0
       0
       0
       0
       0
       0
       0
       0
       0
       0
       0
       0
       0
       0
       0
       0
       0
       0
       0
       0
       0
       0
       0
       0
       0
       0
       0
       0
       0
       0
       0
       0
       0
       0
       0
       0
       0
       0
       0
       0
       0
       0
       0
       0
       0
       0
       0
       0
       0
       0
       0
       0
       0
       0
       0
       0
       0
       0
       0
       0
       0
       0
       0
       0
       0
       0
       0
       0
       0
       0
       0
       0
       0
       0
       0
$ROI:
0
$PRESETS:
Live Time
999999
0
$ENER_FIT:
0.000000 0.749264
$MCA_CAL:
3
0.000000E+000 7.492638E-001 0.000000E+000 keV
$SHAPE_CAL:
3
0.000000E+000 0.000000E+000 0.000000E+000
