$SPEC_ID:
none
$SPEC_REM:
DET# 1
DETDESC# GRAD-LAB Easy-MCA-2k SN 14163589
AP# Maestro Version 7.01
$DATE_MEA:
09/07/2016 13:54:50
$MEAS_TIM:
151 151
$DATA:
0 2047
       0
       0
       0
       0
       0
       0
       0
       0
       0
       0
       0
       0
       0
       1
       0
       0
       0
       9
      45
      40
      40
      28
      37
      45
      48
      43
      37
      41
      41
      45
      33
      37
      37
      51
      45
      45
      48
      41
      63
      29
      64
      52
      62
      63
      54
      54
      43
      47
      53
      41
      48
      46
      46
      52
      55
      47
      65
      51
      43
      55
      49
      50
      63
      59
      46
      55
      61
      51
      46
      61
      59
      59
      52
      51
      72
      63
      46
      65
      53
      47
      54
      76
      57
      70
      84
      83
      93
      81
      97
      95
     103
     107
     112
     107
     131
     126
     130
     145
     119
     121
     117
     102
     109
     115
     102
      89
     109
      83
      84
      75
      86
     107
      71
      71
      74
      77
      66
      64
      51
      62
      67
      68
      68
      53
      54
      55
      54
      64
      59
      60
      61
      67
      60
      73
      65
      67
      62
      86
      56
      69
      55
      54
      65
      63
      70
      72
      57
      80
      55
      65
      63
      66
      52
      67
      69
      67
      58
      77
      63
      63
      61
      66
      57
      52
      85
      54
      68
      67
      60
      65
      61
      60
      67
      60
      57
      67
      68
      59
      59
      69
      58
      50
      61
      60
      78
      63
      65
      72
      69
      64
      88
      74
      67
      61
      62
      78
      62
      68
      77
      79
      67
      79
      62
      71
      69
      69
      57
      53
      62
      66
      68
      55
      75
      74
      73
      74
      70
      75
      62
      69
      84
      75
      83
      77
      84
      72
      78
      86
      89
      94
      84
      82
      61
      86
      97
      97
     105
      80
      84
      97
     104
      90
      91
      78
     104
      73
     109
      81
      94
      92
      77
      77
      80
      95
     103
      85
      94
      85
      89
      64
      79
      89
      90
      87
      89
     100
      81
     105
      97
     100
      79
      78
      95
      98
      96
      95
      98
      73
      79
      93
      89
      92
      79
      99
      78
      99
      95
      84
      82
      85
      89
      94
      89
      95
      90
     100
      89
      74
      89
      69
      93
      97
      78
     103
      90
      72
      83
      77
      86
     100
      79
      91
      88
      92
      97
      76
      71
     105
      86
      91
      67
      99
      80
      86
      92
      87
      76
      92
      59
      71
      88
      74
      88
      73
      79
      69
      78
      93
     109
      76
      85
      72
      90
      82
      92
      84
      83
      70
      74
      67
      88
      70
      71
      82
      84
      83
      82
      71
      64
      69
      68
      79
      91
      72
      68
      71
      75
      88
      71
      81
      65
      63
      74
      83
      74
      90
      79
      95
      81
      70
      90
     104
      68
     118
      81
      92
      87
      76
      99
      82
      78
      84
      65
      74
      93
      93
      87
      83
      75
      81
      69
      81
      75
      71
      72
      87
      77
      69
      73
      70
      72
      74
      76
      83
      79
      71
      64
      74
      74
      74
      81
      80
      74
      85
      60
      91
      79
      70
      73
      73
      78
      88
      86
      80
      84
     100
     100
      83
      66
      66
      77
      87
      64
      95
      73
      85
      86
      66
      86
      76
      70
      78
      64
      79
      83
      77
      78
      65
      77
      77
      74
      81
      88
      81
      71
      75
      68
      80
      82
      74
      95
      78
      70
      71
      81
      79
      61
      95
      72
      81
      77
      69
      85
      76
      85
      72
      70
      77
      78
      71
      78
      75
      76
      85
      79
      92
      92
      62
      84
      80
      74
      78
      78
      65
      76
      87
      80
      70
      81
      71
      80
      75
      94
      62
      63
      85
      74
      76
      84
      76
      77
      86
      77
      88
      88
      92
      72
      77
      78
      79
      81
      74
      85
      71
      70
      66
      73
      67
      72
      63
      81
      65
      78
      69
      75
      72
      67
      68
      86
      71
      60
      68
      73
      77
      62
      69
      76
      68
      83
      77
      65
      74
      73
      63
      64
      83
      72
      62
      74
      64
      64
      63
      64
      70
      89
      84
      82
      72
      87
      78
      67
      71
      73
      66
      59
      90
      54
      79
      70
      80
      78
      75
      79
      72
      71
      84
      75
      86
      74
      74
      65
      69
      77
      77
      92
      71
      97
      62
      78
      83
      74
      75
      73
      63
      91
      83
      77
      93
      79
      78
      95
      98
      85
      64
      83
      72
      94
      75
      82
      78
      76
      83
      73
      67
      79
      84
      78
      89
      72
      94
      78
      72
      69
      82
      59
      78
      74
      77
      81
      79
      77
      79
      65
      86
      79
      65
      66
      73
      96
      74
      70
      63
      63
      86
      69
      75
      82
      94
      80
      71
      75
      69
      85
      76
      88
      84
      86
      83
      62
      66
      78
      61
      88
      73
      71
      89
      69
      92
      76
      75
      74
      92
      81
      76
      85
      82
      85
      86
      87
      84
      83
      82
      70
      67
      65
      87
      92
      71
      87
      66
      88
     100
      88
      91
      74
      73
      81
      79
      78
      95
      71
      85
      82
      80
      87
      85
      67
      85
      74
      78
      66
      95
      89
      90
      82
      80
      83
      81
      84
      86
      98
      74
      86
      91
      92
      98
      91
      82
      92
      83
      85
      92
      80
      89
      88
     119
      78
      80
      90
      87
      84
      85
      86
      87
      97
     107
      86
      88
      89
      92
      89
      88
      71
      90
      76
      82
      89
      88
      79
      88
      75
      84
      99
      87
      87
      94
      86
      87
      75
      81
      78
      94
      83
      93
      91
      77
      85
      64
      88
      75
      82
      64
      84
      80
      70
      82
      77
      76
      75
      82
      57
      70
      81
      70
      66
      87
      83
      69
      67
      70
      74
      80
      72
      70
      58
      63
      58
      65
      53
      69
      64
      59
      80
      65
      59
      75
      73
      65
      60
      53
      54
      60
      66
      59
      59
      48
      82
      58
      80
      71
      69
      60
      60
      65
      83
      68
      65
      60
      78
      58
      57
      63
      57
      45
      65
      55
      59
      70
      63
      65
      69
      46
      60
      51
      74
      68
      83
      69
      57
      67
      68
      69
      63
      64
      60
      60
      66
      72
      69
      69
      64
      55
      60
      63
      85
      64
      64
      67
      66
      60
      51
      60
      75
      73
      80
      74
      70
      73
      64
      85
      69
      65
      64
      70
      65
      83
      65
      82
      84
      81
      81
      80
      84
      92
      90
      87
      93
      94
     102
     121
     104
     128
     120
     109
     113
     119
     114
     123
     151
     133
     121
     151
     140
     142
     149
     156
     165
     136
     147
     158
     169
     155
     177
     160
     160
     173
     183
     194
     172
     188
     179
     182
     165
     177
     199
     200
     188
     167
     174
     195
     183
     136
     200
     192
     166
     179
     172
     170
     162
     151
     174
     166
     170
     172
     160
     166
     162
     156
     133
     153
     137
     150
     132
     133
     146
     130
     123
     145
     118
     110
     114
     109
     128
     107
     115
     105
     121
     121
     103
      91
      95
      93
     106
     100
     114
     101
     115
     103
     103
     114
     101
     110
     109
      95
      99
      98
      82
      98
     118
     108
     105
     121
     125
     115
     132
     120
     122
     125
     120
     122
     125
     132
     124
     136
     121
     126
     132
     163
     155
     148
     158
     146
     124
     131
     128
     151
     141
     148
     160
     151
     153
     149
     149
     147
     145
     170
     143
     148
     154
     130
     144
     160
     145
     133
     140
     130
     115
     134
     118
     123
     137
     128
     116
     122
     125
     115
     119
     103
     112
     124
     113
      93
     107
      98
     102
      89
      80
      94
      81
      67
      85
      75
      69
      74
      57
      66
      71
      53
      68
      63
      63
      51
      51
      49
      41
      48
      47
      44
      45
      51
      42
      42
      38
      40
      31
      42
      45
      32
      42
      31
      27
      28
      35
      30
      30
      23
      24
      19
      28
      24
      18
      19
      21
      25
      21
      24
      17
      21
      16
      12
      15
      14
      10
      12
      12
      20
       7
      18
       9
       8
      18
       7
      16
      13
       7
       7
       4
       5
       8
       5
       5
      12
       2
       1
       7
       6
       7
       7
       1
       4
       7
       0
       4
       5
       9
       5
       6
       5
       1
       4
       5
       5
       3
       2
       8
       4
       7
       6
       2
       1
       4
       1
       1
       8
       3
       3
       2
       4
       2
       3
       0
       5
       2
       1
       3
       0
       2
       1
       2
       2
       2
       1
       3
       1
       2
       2
       2
       4
       4
       4
       1
       2
       0
       0
       3
       0
       2
       1
       2
       1
       3
       1
       2
       1
       1
       2
       1
       3
       0
       2
       3
       3
       2
       1
       0
       4
       1
       2
       1
       2
       1
       3
       1
       2
       0
       1
       1
       0
       2
       0
       3
       4
       0
       2
       4
       0
       2
       1
       1
       1
       0
       0
       0
       0
       2
       1
       0
       1
       2
       1
       3
       2
       0
       2
       2
       0
       0
       3
       2
       3
       0
       5
       0
       1
       2
       1
       0
       2
       2
       0
       2
       0
       1
       0
       1
       2
       1
       0
       0
       2
       0
       1
       0
       1
       0
       1
       1
       2
       1
       1
       0
       1
       2
       2
       2
       2
       1
       0
       0
       2
       0
       2
       3
       0
       1
       4
       0
       0
       0
       1
       0
       5
       1
       2
       1
       3
       1
       1
       0
       0
       0
       2
       3
       1
       2
       0
       4
       2
       3
       2
       1
       1
       3
       0
       4
       2
       1
       0
       2
       1
       1
       0
       0
       2
       0
       0
       1
       2
       0
       2
       0
       0
       0
       0
       1
       0
       0
       1
       1
       2
       0
       1
       2
       1
       1
       1
       0
       1
       0
       0
       2
       2
       1
       3
       1
       0
       0
       0
       1
       2
       0
       1
       0
       3
       0
       1
       0
       2
       0
       1
       2
       0
       2
       1
       0
       2
       2
       0
       3
       1
       0
       1
       2
       1
       2
       1
       2
       0
       0
       4
       1
       2
       2
       0
       1
       1
       1
       1
       1
       1
       1
       0
       2
       0
       2
       1
       0
       3
       1
       1
       1
       2
       2
       1
       1
       0
       3
       0
       0
       1
       0
       0
       1
       0
       0
       0
       0
       1
       1
       1
       1
       1
       1
       0
       0
       0
       1
       1
       0
       1
       0
       1
       0
       1
       1
       0
       0
       1
       2
       0
       1
       0
       0
       2
       0
       1
       1
       0
       1
       0
       1
       0
       0
       2
       2
       1
       0
       2
       0
       1
       1
       0
       0
       1
       0
       0
       1
       0
       3
       2
       0
       0
       0
       0
       4
       1
       1
       3
       1
       1
       0
       0
       0
       1
       0
       0
       1
       1
       0
       0
       0
       0
       2
       2
       0
       1
       1
       1
       0
       1
       0
       1
       1
       0
       1
       1
       1
       1
       1
       0
       0
       0
       1
       0
       2
       3
       0
       1
       0
       1
       0
       1
       0
       2
       0
       1
       0
       2
       0
       0
       0
       0
       0
       0
       0
       1
       0
       1
       1
       0
       0
       0
       0
       1
       0
       0
       0
       1
       0
       1
       1
       1
       0
       1
       1
       0
       2
       0
       1
       1
       0
       1
       1
       1
       0
       1
       2
       0
       0
       1
       0
       1
       0
       0
       0
       2
       1
       1
       3
       1
       0
       0
       1
       1
       1
       0
       1
       2
       0
       1
       1
       0
       0
       1
       1
       1
       1
       2
       0
       2
       2
       1
       1
       1
       0
       0
       2
       2
       2
       2
       1
       1
       2
       2
       1
       0
       0
       2
       1
       0
       0
       0
       0
       1
       1
       0
       3
       0
       1
       0
       3
       3
       2
       0
       0
       0
       2
       2
       1
       1
       1
       1
       0
       1
       2
       0
       2
       1
       0
       0
       2
       0
       1
       2
       0
       1
       0
       2
       0
       0
       1
       1
       0
       0
       0
       0
       0
       0
       2
       0
       0
       1
       0
       0
       1
       0
       1
       0
       0
       0
       0
       0
       0
       0
       0
       0
       0
       1
       0
       1
       0
       0
       0
       0
       0
       0
       0
       0
       0
       0
       0
       0
       0
       0
       0
       0
       0
       1
       0
       0
       1
       1
       0
       0
       0
       0
       0
       0
       0
       0
       0
       0
       0
       0
       0
       0
       0
       0
       0
       0
       0
       0
       0
       0
       0
       0
       0
       0
       0
       0
       0
       0
       0
       0
       0
       0
       0
       0
       0
       0
       0
       0
       0
       0
       0
       0
       0
       0
       0
       0
       0
       0
       0
       0
       0
       0
       0
       0
       0
       0
       0
       0
       0
       0
       0
       0
       0
       0
       0
       0
       0
       0
       0
       0
       0
       0
       0
       0
       0
       0
       0
       0
       0
       0
       0
       0
       0
       0
       0
       0
       0
       0
       0
       0
       0
       0
       0
       0
       0
       0
       0
       0
       0
       0
       0
       0
       0
       0
       0
       0
       0
       0
       0
       0
       0
       0
       0
       0
       0
       0
       0
       0
       0
       0
       0
       0
       0
       0
       0
       0
       0
       0
       0
       0
       0
       0
       0
       0
       0
       0
       0
       0
       0
       0
       0
       0
       0
       0
       0
       0
       0
       0
       0
       0
       0
       0
       0
       0
       0
       0
       0
       0
       0
       0
       0
       0
       0
       0
       0
       0
       0
       0
       0
       0
       0
       0
       0
       0
       0
       0
       0
       0
       0
       0
       0
       0
       0
       0
       0
       0
       0
       0
       0
       0
       0
       0
       0
       0
       0
       0
       0
       0
       0
       0
       0
       0
       0
       0
       0
       0
       0
       0
       0
       0
       0
       0
       0
       0
       0
       0
       0
       0
       0
       0
       0
       0
       0
       0
       0
       0
       0
       0
       0
       0
       0
       0
       0
       0
       0
       0
       0
       0
       0
       0
       0
       0
       0
       0
       0
       0
       0
       0
       0
       0
       0
       0
       0
       0
       0
       0
       0
       0
       0
       0
       0
       0
       0
       0
$ROI:
0
$PRESETS:
Live Time
999999
0
$ENER_FIT:
0.000000 0.000000
$MCA_CAL:
3
0.000000E+000 0.000000E+000 0.000000E+000 
$SHAPE_CAL:
3
0.000000E+000 0.000000E+000 0.000000E+000
