$SPEC_ID:
none
$SPEC_REM:
DET# 1
DETDESC# GRAD-LAB Easy-MCA-2k SN 14163589
AP# Maestro Version 7.01
$DATE_MEA:
09/07/2016 14:03:58
$MEAS_TIM:
300 300
$DATA:
0 2047
       0
       0
       0
       0
       0
       0
       0
       0
       0
       0
       1
       0
       0
       0
       0
       0
       0
      15
      40
      54
      52
      43
      48
      48
      37
      41
      48
      33
      27
      37
      43
      57
      39
      46
      42
      49
      49
      66
      45
      58
      46
      63
      63
      57
      50
      62
      67
      67
      54
      52
      61
      49
      65
      60
      50
      54
      65
      68
      62
      67
      78
      67
      69
      75
      57
      67
      59
      80
      57
      53
      58
      68
      64
      60
      55
      73
      56
      72
      60
      55
      82
      62
      65
      67
      77
      64
      70
      81
      63
      77
      78
      64
      65
      79
      74
      76
      73
      77
      70
      71
      75
      71
      73
      67
      79
      70
      97
      69
      72
      69
      56
      59
      70
      72
      85
      73
      78
      80
      83
      77
      78
      91
      89
      64
      97
      85
      86
     102
      83
     101
     107
     101
     120
     105
     139
     134
     130
     136
     151
     169
     173
     151
     139
     167
     154
     164
     161
     169
     172
     163
     169
     153
     154
     161
     166
     122
     122
     160
     129
     131
     118
     119
     142
     130
     113
     127
     122
     128
     122
      86
     116
     128
     104
     104
      77
      84
      92
      94
      84
      99
     107
      98
      73
      57
      87
      88
      73
      76
     102
     102
      72
      68
      73
     101
      83
      69
      78
      73
      90
      96
      83
      90
      62
      75
      92
      67
      85
      88
      83
      78
      78
      72
      77
      71
      85
      81
      83
      83
      81
      77
      83
      87
      74
      79
     100
      86
      85
      86
      80
      82
      80
      75
      90
      94
      97
      98
      72
      88
      72
      87
      89
      94
      85
      97
      86
      90
      85
      77
      92
      83
      71
      91
      88
      83
      78
      88
      74
      92
      97
      88
      70
      74
      73
      76
      91
      87
      90
      97
      64
      78
      86
      71
      67
     100
      86
      77
      72
      97
      96
      81
      85
     101
      82
     104
      90
      79
      86
      87
      86
      84
      89
      96
      94
      80
      90
      79
      91
      95
      86
      82
     101
      88
     106
      79
      78
      98
      97
      92
      89
      95
      99
     100
      96
      92
     113
      74
      91
      96
      95
     111
      90
      84
     101
     105
      72
      97
     111
      79
      93
      94
      90
     107
      96
      93
     105
     120
     121
      98
     104
      91
     109
     101
     101
     100
     114
      99
     108
     103
     116
     116
     104
     123
     101
     112
     136
     109
     117
     104
     110
     122
     112
     120
     118
     124
     118
     107
     122
     127
     121
     107
     129
     123
     128
     133
     115
     116
      99
     100
     102
     110
     114
     102
     110
     111
     135
     121
     128
     118
     115
     110
     115
     116
     113
     118
     114
     103
     110
      96
     106
     114
     109
     116
     106
     111
     101
     112
     106
     116
     126
     105
     115
     109
     121
     112
     121
     114
     135
     108
     112
     115
     130
     100
     117
     107
     106
     116
     117
     132
     116
     127
     128
     122
     103
     113
     109
     127
     109
     117
     113
     111
     114
      97
     117
      90
     118
     110
     118
     125
     119
     106
     117
      96
     110
     108
      97
     102
     137
      99
      99
     101
     102
     101
     123
     124
     103
     102
     116
     114
     123
     121
     105
     120
     112
     121
     133
     117
     104
     113
     120
     101
     115
     113
     106
     129
     122
     111
      98
     112
     101
     111
     106
     120
     118
     115
     129
     105
     123
     109
      86
      95
     117
      97
     106
     103
     124
     117
     110
     111
     114
     129
     106
      89
     117
     105
     124
     111
     104
     103
      95
     103
      90
     114
      98
     104
      96
      97
     106
     117
     110
      97
     113
      99
     105
      93
     100
     100
     108
     112
     120
     108
     104
     112
     111
      95
      94
     108
     123
     106
     104
     112
      97
     104
     121
     113
     106
     114
      98
     111
     104
      94
     113
     123
      91
     107
     113
     106
     108
     101
      94
     111
     101
     107
     122
     114
     117
     107
     117
     108
     123
      83
     110
      94
     118
     112
      98
     104
     104
     102
     116
     106
     105
     105
     107
     111
     115
     102
     108
     105
     116
     108
      92
     106
      94
     112
      96
     110
     103
     102
      93
     103
     101
     111
     102
      89
     104
     114
      95
     100
      93
      91
      98
      98
     102
      96
     118
     116
     103
     103
      86
      83
     106
      97
      89
     100
     102
     104
      93
     103
     112
     102
     111
     110
      96
      94
      99
     128
     110
     105
      93
      74
      96
     103
     125
      93
      90
     113
      94
     102
     103
     102
     106
      88
      89
     104
     115
      85
      86
      97
      87
     112
      88
     103
      98
     109
     100
      90
      97
     117
     118
     100
      88
     101
      95
     101
     102
     109
     101
     115
      94
     110
     114
      99
      99
      94
     100
      96
     106
     110
     103
     109
     106
      92
      98
     108
      90
      96
      95
     108
      86
      85
     106
      98
      87
      94
      90
      92
      94
     107
      86
     113
      94
      95
     108
      94
     104
      91
     102
     114
      91
     103
     116
      95
      98
      91
      91
      91
      92
     110
      97
      91
     100
      86
      91
     106
     116
      97
      97
     102
     111
      95
     107
     104
     105
      90
      96
     119
     108
     114
      92
      96
      93
      93
     102
     115
     101
     100
      90
      90
     111
     104
      95
      95
     106
      87
      88
      93
     102
      95
      88
     110
      97
     104
     114
      76
      89
      92
     102
     101
      91
      79
     110
      78
     107
      94
      86
      96
      98
     104
      96
     100
      92
      95
      92
      74
      92
     107
     101
      89
      79
      98
      82
      98
      89
      98
     115
      71
     124
      85
      99
      85
      83
      89
      85
      86
      90
      88
     112
     105
     110
      83
      95
      96
      85
      98
      70
     102
     102
      93
      94
      95
      90
      83
      93
      81
     101
      84
      84
      87
      85
      88
      95
      89
     106
      84
      87
      86
     116
     110
      90
     112
      96
      90
      92
     111
      88
      92
      87
     103
     105
      87
      96
      85
     107
      86
      96
      92
      95
     106
      85
     104
      95
     100
      91
     111
     105
      94
      94
      84
      97
      89
      94
      82
     101
      78
      90
     111
     108
      95
     101
     111
     100
     106
      98
      88
     105
     125
      82
     108
     124
      97
      97
     102
      86
     107
      98
      93
     100
      95
      92
     106
     100
     124
      91
     106
      99
     107
      98
      95
      93
     101
     120
     104
     123
     105
     109
     112
     106
      92
     100
     107
     120
     115
      95
     106
      87
      97
     104
     100
     103
     100
      97
      86
     100
      93
     105
      94
     102
      88
      86
      87
     106
      95
     100
     109
     101
     109
      92
     112
     108
     105
     101
     102
     110
     111
      89
      86
      88
      94
      89
      98
     101
      91
     106
     105
     100
      94
     100
      91
      95
      89
     101
     102
     101
      92
      90
     105
      89
     100
      87
      93
     104
     100
     100
     104
     102
      97
      96
     104
      87
     120
      94
      92
     102
      82
      86
     114
      92
     107
      85
     103
     117
      91
     100
     100
     101
      93
      98
     108
     111
     109
      91
      83
     106
     114
     105
      83
     107
     107
      97
      93
      98
     103
     113
     111
      97
      99
      89
     104
      93
      94
      97
     111
     104
      86
      97
      96
     101
      90
      90
      86
     119
     116
      91
     115
     114
     100
      97
      90
     100
     106
      93
      92
     113
      85
      92
     102
     109
     124
     103
     118
     101
     109
      85
     101
     100
     126
      93
     102
     104
     104
     112
     123
     113
     107
     117
     110
     100
     103
     113
     113
     113
     108
     118
     103
      83
     123
     106
     119
     107
     106
     107
     118
     118
     104
     113
     126
     134
      85
     100
     102
     108
      85
     106
     108
     101
     110
     118
     109
     114
     120
     102
     115
     123
     112
      95
     123
     107
      99
     110
     114
     118
      97
     103
     113
     105
     108
     102
     104
     108
      96
     107
     130
     114
     118
     100
     116
     105
      96
     107
     119
      90
     115
     112
     106
     123
     110
     111
     123
     113
     123
     105
     127
     109
     130
     101
     108
     113
     106
     126
     122
     103
     106
     130
     119
     101
     102
     109
     120
     107
     125
     117
     121
     101
     102
     116
     105
      89
     117
     134
     132
     138
     112
     111
     107
     130
     124
     108
     103
     120
     119
      89
     104
     109
     102
     124
     101
     117
     109
     114
     110
      96
      75
      97
     101
     112
      99
     105
     107
      91
      96
      96
     116
     100
      81
      95
      87
      94
      96
      93
      84
      92
     100
     110
     100
      97
      98
      99
      92
      84
      85
     108
      81
      86
      85
      74
      80
      88
      90
      81
      83
      97
      85
      90
     104
      82
      84
      74
      80
      82
      82
     101
      81
      87
      82
      93
      76
     100
      86
      79
      69
      76
      69
      71
      77
     103
      91
      76
      75
      63
      88
      74
      95
      69
      86
      83
      74
      78
      81
      76
      84
      89
      91
      89
      77
      86
      79
      78
      58
      71
      77
      93
      72
     106
      81
      84
      82
      77
      82
      76
      77
      76
      78
      66
      80
      93
      84
      84
      89
      95
      93
      61
      89
      77
      76
      60
      81
      81
      71
      59
      78
      79
      70
      72
      70
      72
      78
      86
      76
      75
      75
      79
      72
      79
      74
      62
      70
      73
      82
      74
      66
      86
      75
      74
      63
      71
      76
      73
      75
      57
      68
      69
      62
      86
      65
      57
      73
      77
      58
      72
      77
      67
      90
      61
      90
      61
      73
      80
      63
      86
      75
      76
      77
      73
      81
      92
      83
      99
     101
     102
     116
      96
     105
      94
     113
      92
     118
     110
     106
     103
     133
     111
     138
     118
     138
     135
     160
     138
     155
     156
     153
     158
     160
     144
     154
     174
     167
     191
     209
     194
     196
     204
     181
     199
     202
     186
     201
     234
     212
     250
     208
     230
     216
     218
     236
     219
     238
     221
     235
     254
     257
     243
     236
     243
     244
     241
     225
     293
     288
     263
     271
     246
     242
     255
     248
     237
     236
     246
     242
     265
     249
     250
     270
     247
     242
     252
     228
     253
     243
     245
     217
     249
     244
     239
     224
     227
     244
     205
     257
     210
     236
     219
     215
     214
     200
     197
     196
     162
     174
     201
     170
     177
     154
     171
     184
     173
     176
     174
     155
     175
     175
     138
     150
     135
     143
     146
     142
     125
     136
     148
     154
     148
     143
     154
     134
     131
     135
     102
     128
     103
     115
     116
     131
     124
     115
     116
     128
     113
     126
     107
     119
     118
     118
     110
     106
     112
     108
     120
     108
     125
     127
     119
     114
     139
     140
     119
     133
     116
     145
     124
     149
     131
     145
     116
     139
     142
     150
     152
     146
     157
     146
     133
     153
     164
     156
     165
     161
     174
     168
     191
     168
     168
     200
     194
     177
     204
     181
     207
     185
     180
     203
     213
     188
     197
     170
     205
     198
     210
     210
     210
     229
     236
     214
     210
     210
     225
     229
     206
     187
     190
     207
     192
     213
     197
     202
     201
     201
     216
     212
     207
     216
     202
     209
     183
     220
     203
     203
     212
     190
     190
     202
     174
     180
     199
     214
     172
     192
     181
     195
     167
     184
     180
     193
     183
     181
     185
     167
     169
     168
     162
     149
     155
     142
     134
     150
     140
     125
     159
     147
     162
     136
     125
     158
     127
     118
     111
     128
     119
     125
     113
      95
     106
     117
     117
      94
     112
      85
      93
      96
      97
      90
      76
      90
     102
      84
      73
      75
      75
      82
      81
      77
      61
      79
      71
      54
      74
      64
      62
      68
      47
      51
      63
      60
      54
      46
      54
      48
      53
      49
      35
      38
      43
      48
      47
      36
      42
      36
      46
      33
      34
      37
      33
      43
      40
      43
      42
      34
      37
      31
      36
      33
      35
      30
      31
      29
      19
      14
      30
      28
      30
      28
      21
      21
      17
      27
      24
      29
      19
      13
      14
      17
      25
      18
      12
      12
      16
      20
       7
      14
      19
      11
      13
      11
      11
      16
      16
      13
      15
      10
       4
       4
       5
       4
       2
       3
       0
       1
       1
       0
       0
       0
       0
       0
       0
       0
       0
       0
       0
       0
       0
       0
       0
       0
       0
       0
       0
       0
       0
       0
       0
       0
       0
       0
       0
       0
       0
       0
       0
       0
       0
       0
       0
       0
       0
       0
       0
       0
       0
       0
       0
       0
       0
       0
       0
       0
       0
       0
       0
       0
       0
       0
       0
       0
       0
       0
       0
       0
       0
       0
       0
       0
       0
       0
       0
       0
       0
       0
       0
       0
       0
       0
       0
       0
       0
       0
       0
       0
       0
       0
       0
       0
       0
       0
       0
       0
       0
       0
       0
       0
       0
       0
       0
       0
       0
       0
       0
       0
       0
       0
       0
       0
       0
       0
       0
       0
       0
       0
       0
       0
       0
       0
       0
       0
       0
       0
       0
       0
       0
       0
       0
       0
       0
       0
       0
       0
       0
       0
       0
       1
       0
       0
       0
       0
       0
       0
       0
       0
       0
       0
       0
       0
       0
       0
       0
       0
       0
       0
       0
       0
       0
       0
       0
       0
       0
       0
       0
       0
       0
       0
       0
       0
       0
       0
       0
       0
       0
       0
       0
       0
       0
       0
       0
       0
       0
       0
       0
       0
       0
       0
       0
       0
       0
       0
       0
       0
       0
       0
       0
       0
       0
       0
       0
       0
       0
       0
       0
       0
       0
       0
       0
       0
       0
       0
       0
       0
       0
       0
       0
       0
       0
       0
       0
       0
       0
       0
       0
       0
       0
       0
       0
       0
       0
       0
       0
       0
       0
       0
       0
       0
       0
       0
       0
       0
       0
       0
       0
       0
       0
       0
       0
       0
       0
       0
       0
       0
       0
       0
       0
       0
       0
       0
       0
       0
       0
       0
       0
       0
       0
       0
       0
       0
       0
       0
       0
       0
       0
       0
       0
       0
$ROI:
0
$PRESETS:
Live Time
999999
0
$ENER_FIT:
0.000000 0.000000
$MCA_CAL:
3
0.000000E+000 0.000000E+000 0.000000E+000 
$SHAPE_CAL:
3
0.000000E+000 0.000000E+000 0.000000E+000
