$SPEC_ID:
none
$SPEC_REM:
DET# 1
DETDESC# GRAD-LAB Easy-MCA-2k SN 14163589
AP# Maestro Version 7.01
$DATE_MEA:
09/12/2016 13:10:36
$MEAS_TIM:
299 300
$DATA:
0 2047
       0
       0
       0
       0
       0
       0
       0
       0
       0
       0
       0
       0
       0
       0
       0
       0
       0
      16
      50
      51
      45
      43
      44
      42
      39
      60
      49
      54
      61
      51
      49
      55
      51
      51
      55
      56
      57
      45
      63
      51
      49
      75
      56
      49
      60
      65
      52
      53
      53
      58
      68
      58
      43
      59
      67
      63
      66
      76
      66
      66
      61
      70
      70
      67
      61
      72
      67
      71
      61
      67
      68
      63
      77
      60
      66
      69
      63
      66
      78
      56
      70
      63
      74
      68
      77
      80
      72
      96
      80
      74
      54
      87
      77
      66
      78
      84
      69
      79
      81
      67
      77
      69
      62
      92
      79
      71
      90
      60
      68
      87
      74
      74
      80
      83
      92
      78
      82
      83
      87
      92
      84
      84
     101
      86
     101
      89
     111
     140
     114
     142
     144
     160
     147
     179
     174
     163
     192
     145
     171
     166
     190
     146
     183
     162
     167
     160
     167
     131
     157
     160
     136
     129
     148
     121
     134
     151
     111
     122
     130
     101
     121
     110
     123
     120
      89
      98
      91
     111
      86
     107
      87
      89
      86
      78
      95
      94
      74
      94
      91
      95
      87
      83
      83
      99
      89
      67
      73
      82
      76
      83
      77
      82
      72
      77
      81
      95
      69
      73
      67
      83
      81
      90
      70
      82
      84
      80
      87
      73
      72
      87
      90
     100
      88
      84
      73
      87
      98
      90
      98
      79
      87
      71
      83
      90
      98
      81
      80
      82
      85
      84
      77
      78
      82
      94
      72
      96
      88
      73
      77
      96
      83
     108
      82
      86
      80
      86
      84
      91
      85
      89
      94
      82
      91
     103
      98
      84
     101
      91
      77
      73
      72
      86
      95
      91
     110
      84
      80
      98
      80
     109
     105
      87
      78
      82
      91
      94
      87
      90
      88
      87
      88
      89
      91
      84
     110
      82
      92
      83
      84
     103
      88
      90
     104
      90
      97
      87
      78
      70
      93
      79
      91
      86
      87
     100
     101
      96
      98
      95
      96
      89
     107
      86
      96
      85
      97
      96
     105
     104
      92
      97
      90
     122
     115
      99
      99
     111
      86
      98
      98
     110
     115
     106
     127
     120
     127
     115
     100
     110
     111
     109
     105
     107
     117
     128
     113
     120
     133
     119
     103
     133
     132
     133
     126
     103
     115
     110
     141
     137
     161
     111
     118
     109
     131
     127
     125
     120
     107
     136
     114
     120
     129
     109
     133
     124
     125
     126
     120
     118
     104
     126
     113
     134
     114
     114
      94
     135
     105
     109
     111
     122
     133
     113
     121
     131
     115
     117
     113
      89
     138
     121
     129
     139
     114
     120
     125
     118
     130
     118
     114
     113
     126
     104
     106
     127
     111
     126
     124
     110
     113
     117
     123
     106
     110
     115
     130
     131
     110
     111
     103
     122
     125
     125
     141
     118
     102
     104
      88
     138
      96
     116
     104
     121
     106
     122
     101
     113
     135
     121
     103
     108
     109
     111
     110
     113
     110
     129
     108
     105
     120
     108
     117
     102
     123
      97
     102
     113
     111
     128
     130
     119
     104
     106
      93
     119
     126
     122
     128
     104
     116
     101
     118
     126
     117
     106
     117
     125
     121
     110
     116
     116
     116
     114
     111
     119
     114
      91
     106
     128
      98
     114
     114
     115
     118
     128
     110
     100
     115
     113
      95
     114
     122
     136
     110
     111
     114
     123
     115
     109
     130
     114
     105
     118
     120
     105
     103
     103
     111
     126
     113
      97
     111
      94
      86
     122
      73
     108
     103
     115
      97
     117
     133
     109
     102
     115
     100
      93
      99
      96
     117
      92
     108
     103
     102
     105
      91
     104
     108
     129
     131
     113
     108
     116
     100
      94
      89
      96
      91
     101
      96
     110
     117
      93
     100
      93
     101
     105
     102
     106
     113
     111
     111
      82
     101
     106
     102
      97
      94
     123
      94
     112
     119
      98
      90
     108
     106
      87
     113
     116
     111
     114
     108
      82
      90
      99
     105
     104
      95
      99
      97
     101
     123
      94
      99
     109
     104
     115
     109
     110
      92
     115
     114
     114
     106
     105
     103
     112
     102
     107
     116
     104
     107
     102
      96
     105
     102
     108
      99
     114
     110
     108
     102
      96
     108
      83
     111
     108
      99
     105
     101
     110
      92
     124
     112
     112
     116
      98
     112
      89
      95
     106
      84
      91
     120
      98
     112
     105
      97
     104
     107
     125
     108
     100
      89
      94
      94
     100
     103
     130
      98
     106
     110
     114
     105
      99
      88
      91
      98
     113
      96
      92
     100
      93
     111
      85
      84
      95
     106
      93
      91
      92
     120
      89
     107
      96
     103
     113
      95
      98
     104
     105
     118
     140
     100
      99
     112
      92
     110
     101
     106
     105
     109
     114
      99
     105
      82
      94
      96
     103
      82
     101
     115
     115
     102
     100
      90
     104
     112
      91
     109
     103
     105
      98
      97
      92
     102
      81
      84
      83
     104
     123
      89
      94
     112
     101
     107
      82
      91
     105
     101
     102
     104
     106
     105
      91
     100
     106
      93
     110
     113
      76
      95
     127
     107
      89
      99
      91
      81
      92
      93
     111
      80
     111
      98
     104
     102
      99
      84
      98
     107
     107
      95
      85
      97
     102
     120
      88
      99
      89
      83
     105
      90
      90
      89
     102
     101
      91
      90
     102
      82
     105
      94
      99
      93
      83
      96
      80
      85
      84
      82
      87
     112
      98
     105
     101
      95
     126
      81
      89
      83
      77
      87
      99
     105
      93
     105
      82
     107
     107
     112
      84
     117
      97
     107
     110
      97
      96
      94
     109
      97
     117
      86
      99
      87
     105
      92
     100
      87
      95
      93
      84
     113
      86
      92
     118
      95
      87
     105
     118
     115
     104
     103
      96
     128
     114
     110
      98
     123
      90
      98
      95
     104
      98
     104
     115
     109
     111
     114
      96
      95
      87
     100
     114
     132
     120
      99
     103
     122
     104
     102
     103
      93
      91
     110
      93
     115
     112
     107
     108
     125
     101
     110
     122
     115
     104
      99
      99
     109
     108
      85
      87
     107
      88
     105
     103
      90
     109
      90
     111
     105
      86
     104
     105
      96
      95
     124
     112
     108
      99
     116
      83
     107
     131
      85
      96
     104
      90
      95
      88
     107
     109
     105
      90
      96
     107
      89
     103
     110
      89
      99
     104
      85
      96
     112
      98
     109
     106
     102
     108
      98
      82
     106
      93
      90
     111
     112
     118
     103
     112
      81
      93
      86
     116
      95
     102
      74
     105
      96
     118
      98
     109
      90
     107
     124
      99
     103
     106
     105
     104
     103
     107
      95
     105
     102
     103
     103
     110
      94
     102
      89
     102
     115
      98
     111
      83
     107
      83
     132
     100
      97
     103
     116
     110
     106
      81
      95
     118
     101
      94
      81
      94
     110
     124
     110
      96
      90
     120
     111
     116
     121
     107
      99
      90
     104
     111
     105
      95
     108
     114
     100
      96
     104
     109
     107
     111
     114
      98
     108
     102
     129
     107
     109
     115
     122
     102
     130
      95
     105
     124
     102
     111
     106
     103
     121
     118
     105
      99
     117
     117
     116
     121
     106
     116
     135
     111
     112
     128
     122
     137
     119
     122
     102
     106
      98
     124
     105
     131
     111
     114
     106
     113
     125
     129
     127
     111
     112
     119
     113
     121
     111
     118
     117
     110
     108
     144
     110
     110
     134
     110
     106
     127
     105
     115
     118
     109
     109
     110
     110
     113
     138
     132
     105
     118
     115
     111
     112
     116
     115
     112
     116
     115
     117
     105
     115
     120
     142
     126
     122
     106
     121
     133
     101
     114
     108
     111
      98
     113
     115
     128
     118
      97
     116
     111
      99
      97
     101
      90
     106
     123
      98
      97
      98
      94
      84
      79
     103
      92
      87
      96
      96
      96
      97
     112
      96
     105
      93
      85
      92
      96
      94
      85
      94
      83
      89
      99
      95
      92
      85
      89
      86
      80
     103
      86
      90
      85
      89
      75
      93
      77
      91
      92
      73
      87
     110
      81
      91
      87
     103
      81
      88
      92
      95
      87
      83
      85
      86
      86
     107
      83
      92
      86
      80
      80
      86
      73
      99
      95
     109
      97
      73
      95
      80
      78
      86
      86
      86
      84
      98
      82
      83
      88
      84
      74
      87
      72
      83
      88
      86
      91
      91
      83
      94
      78
      90
      88
      93
      89
      84
      71
      88
     102
      92
      83
      76
      65
      95
      82
      96
      65
      78
      81
      80
      59
      72
      71
      70
      70
      68
      84
      85
      59
      65
      71
      71
      85
      73
      66
      59
      71
      93
      68
      79
      72
      74
      79
      73
      63
      73
      86
      85
      82
      60
      71
      67
      48
      76
      60
      83
      62
      56
      56
      71
      77
      65
      89
      81
      62
      67
      66
      69
      90
      75
      79
      60
      78
      80
     105
      85
     100
      89
      79
      97
      86
     100
     103
     101
      84
     108
     110
     111
     116
     129
     117
     148
     142
     145
     134
     161
     182
     158
     174
     193
     186
     176
     180
     166
     185
     218
     180
     228
     190
     216
     226
     234
     211
     221
     256
     211
     232
     241
     237
     265
     260
     257
     271
     261
     234
     253
     299
     260
     251
     257
     270
     265
     293
     266
     316
     249
     278
     300
     266
     267
     275
     252
     263
     286
     259
     276
     271
     302
     279
     249
     258
     239
     268
     284
     217
     233
     254
     235
     241
     243
     228
     241
     207
     230
     195
     223
     258
     214
     205
     231
     194
     203
     158
     210
     174
     203
     183
     165
     171
     173
     186
     177
     185
     142
     161
     138
     167
     175
     144
     153
     133
     138
     152
     137
     142
     141
     131
     119
     123
     134
     116
     128
     107
     110
      82
     105
      99
     106
      97
     112
     120
     101
     115
     115
     110
     106
     110
      95
      98
     120
     139
     103
     119
      99
     124
     119
     109
     134
     129
     124
     125
     123
     119
     157
     141
     153
     136
     148
     129
     149
     162
     163
     172
     155
     144
     185
     171
     172
     180
     170
     197
     175
     184
     193
     178
     180
     203
     202
     230
     202
     215
     238
     208
     210
     203
     238
     213
     248
     228
     221
     205
     193
     230
     221
     221
     239
     228
     216
     234
     220
     249
     240
     239
     216
     225
     242
     262
     246
     225
     228
     216
     225
     233
     233
     218
     232
     212
     199
     192
     186
     215
     211
     192
     186
     207
     197
     181
     199
     215
     185
     191
     179
     175
     172
     167
     182
     187
     142
     184
     163
     152
     149
     146
     154
     133
     143
     146
     113
     130
     123
     130
     117
     129
     109
     128
     105
     104
     126
     110
     100
     106
     102
     104
      94
      66
      98
      88
      82
      91
      80
      77
      86
      88
      76
      82
      65
      61
      86
      58
      63
      64
      61
      56
      57
      67
      58
      48
      48
      49
      50
      42
      39
      54
      39
      44
      34
      42
      43
      36
      41
      44
      33
      41
      31
      30
      28
      38
      30
      29
      33
      38
      34
      43
      37
      31
      30
      16
      22
      23
      28
      31
      21
      21
      22
      19
      28
      23
      15
      22
      17
      15
      20
      14
      23
      13
      12
      17
      15
      13
      11
      12
      15
      14
      12
       6
      19
      13
      23
      18
      11
       9
       7
      14
       8
       7
       7
      10
       9
       6
       7
      10
      10
      10
       9
       5
       4
       9
       5
       3
       7
       6
      12
      12
       6
       8
       6
      10
       3
       2
       2
       3
       5
       9
       8
       3
      10
       6
       6
       6
       2
       5
       7
       5
       4
       6
       5
       7
       1
       3
       2
       4
       5
       2
       2
       4
       5
       5
       5
       6
       2
       5
       7
       5
       4
       4
       2
       3
       2
       6
       2
       4
       5
       1
       4
       5
       3
       1
       3
       3
       1
       6
       3
       1
       1
       4
       0
       1
       0
       0
       0
       0
       0
       0
       0
       0
       0
       0
       0
       0
       0
       0
       0
       0
       0
       0
       0
       0
       0
       0
       0
       0
       0
       0
       0
       0
       0
       0
       0
       0
       0
       0
       0
       0
       0
       0
       0
       0
       0
       0
       0
       0
       0
       0
       0
       0
       0
       0
       0
       0
       0
       0
       0
       0
       0
       0
       0
       0
       0
       0
       0
       0
       0
       0
       0
       0
       0
       0
       0
       0
       0
       1
       0
       0
       0
       0
       0
       0
       0
       0
       0
       0
       0
       0
       0
       0
       0
       0
       0
       0
       0
       0
       0
       0
       0
       0
       0
       0
       0
       0
       0
       0
       0
       0
       0
       0
       0
       0
       0
       0
       0
       0
       0
       0
       0
       0
       0
       0
       0
       0
       0
       1
       0
       0
       0
       0
       0
       0
       0
       0
       0
       0
       0
       0
       0
       0
       0
       0
       0
       0
       0
       0
       0
       0
       0
       0
       0
       0
       0
       0
       0
       0
       0
       0
       0
       0
       0
       0
       0
       0
       0
       0
       0
       0
       0
       0
       0
       0
       0
       0
       0
       0
       0
       0
       0
       0
       0
       0
       0
       0
       0
       0
       0
       0
       0
       0
       0
       0
       0
       0
       0
       0
       0
       0
       0
       0
       0
       0
       0
       0
       0
       0
       0
       0
       0
       0
       0
       0
       0
       0
       0
       0
       0
       0
       0
       0
       0
       0
       0
       0
       0
       0
       0
       0
       0
       0
       0
       0
       0
       0
       0
       0
       0
       0
       0
       0
       0
       0
       0
       0
       0
       0
       0
       0
       0
       0
       0
       0
       0
       0
       0
       0
       0
       0
       0
       0
       0
       0
       0
       0
       0
       0
       0
       0
       0
       0
       0
       0
$ROI:
0
$PRESETS:
Live Time
999999
0
$ENER_FIT:
0.000000 0.749264
$MCA_CAL:
3
0.000000E+000 7.492638E-001 0.000000E+000 keV
$SHAPE_CAL:
3
0.000000E+000 0.000000E+000 0.000000E+000
