$SPEC_ID:
none
$SPEC_REM:
DET# 1
DETDESC# GRAD-LAB Easy-MCA-2k SN 14163589
AP# Maestro Version 7.01
$DATE_MEA:
09/14/2016 12:47:34
$MEAS_TIM:
360 362
$DATA:
0 2047
       0
       0
       0
       0
       0
       0
       0
       0
       0
       0
       0
       0
       1
       0
       0
       1
       1
      18
      95
      90
     119
      93
      89
      94
      76
     117
     106
      99
      91
     106
     119
     111
     104
     103
      99
     111
     105
     108
      82
     110
     131
     122
     119
     104
     102
      98
     111
     130
     112
     135
     115
     127
     107
     117
     129
     126
     114
     124
     117
     123
     118
     119
     123
     120
     130
     126
     125
     141
     164
     134
     127
     146
     135
     144
     151
     159
     142
     138
     134
     155
     160
     139
     137
     140
     139
     136
     156
     178
     155
     137
     155
     164
     129
     158
     145
     152
     166
     143
     149
     168
     178
     169
     158
     136
     154
     163
     191
     153
     135
     172
     153
     178
     176
     161
     174
     178
     161
     140
     176
     178
     157
     208
     204
     199
     201
     192
     183
     200
     231
     217
     227
     246
     250
     280
     276
     270
     297
     333
     291
     296
     319
     347
     345
     332
     282
     337
     309
     329
     315
     306
     273
     307
     296
     277
     243
     256
     270
     259
     270
     266
     256
     263
     271
     239
     219
     245
     213
     236
     220
     211
     209
     193
     199
     199
     226
     218
     213
     212
     184
     186
     203
     195
     196
     202
     185
     162
     203
     210
     191
     202
     192
     190
     185
     197
     199
     186
     217
     219
     214
     225
     182
     197
     196
     188
     194
     201
     215
     198
     203
     212
     209
     209
     182
     196
     195
     216
     226
     196
     223
     197
     212
     208
     193
     202
     208
     207
     176
     204
     198
     209
     189
     207
     214
     195
     196
     230
     202
     199
     211
     225
     203
     226
     201
     193
     223
     227
     213
     209
     201
     218
     215
     201
     226
     218
     228
     224
     227
     219
     212
     231
     213
     204
     216
     195
     232
     220
     244
     235
     231
     207
     225
     225
     222
     194
     206
     239
     210
     216
     222
     227
     211
     243
     230
     210
     225
     236
     247
     226
     249
     243
     237
     263
     238
     250
     282
     253
     264
     252
     287
     252
     247
     223
     249
     272
     294
     270
     284
     322
     296
     290
     275
     290
     305
     312
     312
     286
     285
     323
     323
     303
     273
     304
     313
     287
     307
     308
     311
     282
     334
     329
     268
     306
     294
     338
     318
     317
     306
     281
     296
     342
     322
     322
     349
     328
     265
     286
     331
     339
     305
     309
     303
     322
     328
     285
     278
     322
     305
     309
     294
     311
     317
     297
     309
     287
     300
     294
     288
     294
     273
     281
     289
     293
     301
     319
     259
     289
     280
     279
     282
     290
     245
     300
     285
     290
     282
     296
     260
     277
     276
     272
     249
     264
     292
     276
     265
     287
     279
     259
     280
     288
     260
     294
     284
     249
     248
     245
     277
     254
     307
     284
     281
     273
     256
     261
     276
     247
     268
     266
     261
     286
     302
     256
     263
     288
     261
     305
     257
     275
     283
     261
     260
     270
     248
     265
     244
     254
     294
     255
     262
     272
     276
     233
     251
     285
     249
     285
     247
     249
     254
     272
     265
     280
     264
     250
     272
     263
     241
     260
     258
     241
     252
     258
     271
     267
     262
     261
     252
     231
     261
     277
     249
     236
     260
     279
     240
     277
     263
     273
     269
     268
     233
     293
     243
     265
     228
     261
     263
     246
     244
     249
     258
     287
     243
     254
     258
     258
     267
     244
     250
     257
     245
     250
     294
     250
     260
     232
     246
     265
     257
     256
     232
     226
     242
     238
     245
     261
     261
     248
     252
     246
     263
     248
     265
     261
     265
     243
     259
     247
     281
     239
     277
     247
     250
     260
     249
     231
     237
     267
     256
     238
     263
     263
     244
     246
     257
     248
     260
     257
     233
     269
     258
     264
     290
     268
     241
     233
     271
     250
     253
     223
     270
     239
     300
     237
     241
     267
     260
     231
     249
     272
     251
     255
     270
     272
     250
     263
     257
     273
     286
     267
     241
     279
     261
     266
     275
     300
     279
     246
     261
     266
     263
     266
     262
     264
     266
     274
     273
     285
     283
     238
     257
     250
     290
     268
     269
     293
     280
     286
     267
     272
     290
     265
     312
     239
     282
     294
     283
     274
     317
     304
     275
     322
     292
     277
     287
     276
     275
     282
     304
     264
     303
     286
     307
     290
     266
     269
     265
     261
     262
     274
     245
     284
     272
     273
     289
     291
     240
     270
     257
     256
     267
     256
     265
     268
     262
     265
     248
     231
     257
     242
     228
     254
     238
     241
     236
     219
     219
     224
     226
     222
     194
     191
     200
     203
     211
     183
     211
     169
     209
     180
     195
     181
     199
     191
     193
     187
     177
     177
     154
     152
     168
     162
     178
     191
     172
     161
     168
     163
     169
     124
     153
     158
     157
     152
     146
     142
     150
     128
     141
     134
     150
     147
     150
     137
     139
     126
     147
     147
     147
     143
     127
     139
     129
     122
     123
     129
     139
     137
     130
     139
     142
     124
     132
     134
     137
     126
     133
     144
     130
     119
     129
     121
     121
     122
     138
     117
     138
     133
     114
     110
     126
     136
     121
     124
     120
     120
     110
     127
     118
     145
     115
     116
     139
     110
     123
     119
     119
     118
     125
     115
     117
     122
      98
      93
     130
     139
     129
     137
     108
     113
     116
     115
     106
     122
     114
     119
     102
     123
     120
     120
     134
     128
     128
     126
     136
     108
     118
     136
     115
     123
     120
     112
     118
     116
     117
     121
     141
     132
     135
     130
     120
     118
     126
     151
     159
     137
     119
     141
     129
     117
     132
     123
     132
     143
     147
     102
     164
     145
     135
     144
     131
     173
     156
     134
     169
     163
     172
     175
     188
     189
     180
     194
     199
     214
     218
     218
     234
     257
     231
     294
     266
     295
     296
     319
     328
     370
     331
     346
     389
     385
     403
     431
     454
     460
     468
     539
     548
     587
     539
     592
     608
     661
     698
     686
     700
     785
     767
     827
     863
     860
     940
     909
     930
     903
     979
    1023
    1072
    1128
    1060
    1137
    1161
    1170
    1158
    1222
    1180
    1256
    1271
    1275
    1375
    1390
    1381
    1329
    1383
    1281
    1434
    1394
    1366
    1373
    1324
    1415
    1335
    1376
    1473
    1413
    1405
    1360
    1370
    1387
    1250
    1428
    1380
    1289
    1365
    1347
    1316
    1251
    1294
    1299
    1314
    1166
    1165
    1203
    1126
    1176
    1065
    1028
    1051
    1058
    1010
     946
    1029
     986
     940
     944
     907
     859
     884
     933
     843
     741
     767
     720
     702
     717
     668
     685
     639
     648
     611
     548
     535
     538
     544
     507
     508
     476
     466
     490
     457
     426
     387
     408
     405
     376
     335
     338
     337
     307
     305
     284
     283
     290
     309
     248
     233
     209
     215
     204
     216
     216
     215
     179
     183
     161
     150
     149
     142
     135
     138
     121
     121
     121
     129
     111
     123
     100
      81
      89
      89
      97
      60
      76
      70
      47
      52
      52
      62
      49
      51
      51
      41
      49
      45
      44
      36
      34
      39
      41
      33
      26
      26
      13
      14
      24
      21
      19
      21
      18
      21
      18
      16
      10
      11
      11
      15
       5
       6
      12
      19
      11
       5
       6
       7
       9
      11
       7
       3
       3
       5
       7
       4
      13
       5
       3
       4
       7
       9
       7
       7
      11
       3
       4
       5
       1
       8
       5
       6
       8
       6
       4
       3
       8
       2
       1
       1
       1
       8
       3
       4
       4
       3
       2
       4
       3
       5
       8
       5
       7
       3
       4
       4
       8
       5
       3
       2
       5
       6
       5
       2
       2
       2
       0
       2
       5
       6
       8
       5
       6
       5
       2
       8
       3
       6
       3
       6
       4
       4
       5
       2
       1
       1
       4
       6
       3
       4
       2
       1
       2
       6
       1
       1
       1
       2
       6
       4
       3
       2
       4
       5
       9
       3
       5
       3
       7
       6
       2
       7
       1
       4
       5
       2
       1
       4
       3
       1
       5
       4
       2
       0
       1
       3
       5
       4
       2
       4
       3
       1
       2
       1
       6
       4
       4
       6
       3
       2
       4
       4
       3
       5
       6
       4
       4
       4
       2
       3
       4
       2
       4
       1
       6
       3
       0
       3
       4
       1
       1
       4
       3
       5
       4
       4
       4
       2
       1
       5
       2
       2
       2
       1
       4
       0
       5
       3
       2
       4
       2
       2
       1
       6
       3
       3
       1
       4
       3
       4
       3
       4
       2
       4
       1
       2
       3
       2
       3
       6
       2
       1
       4
       3
       4
       0
       2
       2
       1
       1
       1
       7
       0
       2
       4
       3
       4
       2
       3
       5
       6
       4
       8
       5
       3
       5
       3
       4
       3
       0
       4
       3
       3
       3
       1
       4
       3
       4
       3
       4
       5
       0
       3
       6
       5
       0
       1
       3
       2
       6
       4
       7
       9
       5
       3
       3
       4
       4
       3
       1
       2
       4
       1
       4
       1
       2
       6
       3
       2
       1
       2
       4
       3
       2
       2
       5
       6
       6
       8
       4
       3
       2
       2
       5
       8
       3
       2
       2
       0
       3
       0
       1
       3
       1
       5
       1
       3
       1
       5
       6
       6
       3
       4
       1
       2
       3
       4
       3
       1
       4
       6
       4
       4
       5
       2
       2
       2
       2
       0
       2
       3
       3
       3
       0
       5
       7
       3
       7
       2
       3
       4
       5
       2
       0
       2
       3
       4
       2
       1
       5
       5
       3
       2
       2
       4
       2
       6
       2
       4
       3
       3
       2
       3
       5
       8
       5
       4
       7
       2
       2
       2
       5
       3
       4
       2
       5
       5
       4
       0
       2
       2
       5
       4
       4
       1
       3
       3
       5
       3
       5
       3
       2
       5
       2
       0
       3
       2
       2
       1
       3
       5
       4
       5
       2
       1
       2
       3
       3
       4
       3
       3
       2
       3
       1
       3
       4
       1
       2
       3
       3
       3
       0
       3
       1
       1
       0
       5
       3
       2
       2
       1
       1
       2
       6
       0
       2
       3
       1
       2
       2
       3
       3
       3
       1
       2
       2
       2
       3
       1
       0
       3
       2
       3
       4
       2
       2
       6
       0
       1
       4
       3
       2
       4
       2
       1
       7
       4
       4
       2
       0
       0
       5
       1
       1
       1
       4
       2
       0
       2
       1
       4
       0
       2
       3
       3
       2
       1
       3
       2
       1
       4
       0
       2
       3
       4
       0
       1
       4
       1
       0
       2
       3
       0
       1
       1
       2
       1
       4
       8
       2
       2
       3
       3
       3
       2
       0
       2
       0
       3
       1
       5
       2
       2
       4
       1
       3
       1
       0
       2
       1
       2
       1
       1
       0
       2
       0
       1
       4
       1
       4
       1
       3
       0
       2
       2
       2
       3
       3
       0
       0
       1
       1
       0
       0
       1
       3
       4
       1
       5
       2
       0
       3
       1
       2
       0
       3
       3
       3
       3
       2
       2
       5
       2
       2
       2
       4
       4
       0
       3
       2
       2
       3
       0
       0
       1
       3
       3
       2
       2
       1
       3
       2
       3
       0
       0
       0
       1
       4
       2
       1
       3
       3
       2
       2
       2
       2
       3
       4
       2
       1
       2
       4
       4
       3
       2
       2
       7
       1
       1
       4
       1
       3
       2
       1
       1
       2
       1
       5
       1
       1
       4
       1
       2
       1
       5
       0
       2
       2
       2
       4
       2
       4
       1
       2
       2
       1
       1
       3
       2
       2
       5
       7
       0
       1
       1
       1
       3
       1
       2
       3
       2
       6
       3
       1
       2
       2
       6
       1
       2
       5
       3
       2
       2
       4
       1
       1
       1
       3
       4
       3
       1
       1
       2
       1
       3
       4
       2
       5
       0
       2
       4
       5
       1
       5
       4
       3
       0
       2
       2
       5
       2
       1
       1
       9
       0
       1
       2
       4
       5
       3
       5
       2
       1
       1
       3
       1
       2
       1
       1
       2
       1
       1
       0
       5
       0
       0
       5
       3
       2
       2
       4
       7
       2
       3
       2
       4
       2
       0
       0
       3
       2
       2
       1
       1
       3
       2
       0
       0
       0
       0
       0
       1
       0
       0
       0
       0
       0
       0
       0
       0
       0
       0
       0
       0
       0
       0
       0
       0
       0
       0
       0
       0
       0
       0
       0
       0
       0
       0
       0
       0
       0
       0
       0
       0
       0
       0
       0
       0
       0
       0
       0
       0
       0
       0
       0
       0
       0
       0
       0
       0
       0
       0
       0
       0
       0
       0
       0
       0
       0
       0
       0
       0
       0
       0
       0
       0
       0
       0
       0
       0
       0
       0
       0
       0
       0
       0
       0
       0
       0
       0
       0
       0
       0
       0
       0
       0
       0
       0
       0
       0
       0
       0
       0
       0
       0
       0
       0
       0
       0
       0
       0
       0
       0
       0
       0
       0
       0
       0
       0
       0
       0
       0
       0
       0
       0
       0
       0
       0
       0
       0
       0
       0
       0
       0
       0
       0
       0
       0
       0
       0
       0
       0
       0
       0
       0
       0
       0
       0
       0
       0
       0
       0
       0
       0
       0
       0
       0
       0
       0
       0
       0
       0
       0
       0
       0
       0
       0
       0
       0
       0
       0
       0
       0
       0
       0
       0
       0
       0
       0
       0
       0
       0
       0
       0
       0
       0
       0
       0
       0
       0
       0
       0
       0
       0
       0
       0
       0
       0
       0
       0
       0
       0
       0
       0
       0
       0
       0
       0
       0
       0
       0
       0
       0
       0
       0
       0
       0
       0
       0
       0
       0
       0
       0
       0
       0
       0
       0
       0
       0
       0
       0
       0
       0
       0
       0
       0
       0
       0
       0
       0
       0
       0
       0
       0
       0
       0
       0
       0
       0
       0
       0
       0
       0
       0
       0
       0
       0
       0
       0
       0
       0
       0
       0
       0
       0
       0
       0
       0
       0
       0
       0
       0
       0
$ROI:
1
539 549
$PRESETS:
Live Time
999999
0
$ENER_FIT:
0.000000 0.749264
$MCA_CAL:
3
0.000000E+000 7.492638E-001 0.000000E+000 keV
$SHAPE_CAL:
3
0.000000E+000 0.000000E+000 0.000000E+000
