$SPEC_ID:
none
$SPEC_REM:
DET# 1
DETDESC# GRAD-LAB Easy-MCA-2k SN 14163589
AP# Maestro Version 7.01
$DATE_MEA:
09/26/2016 13:25:44
$MEAS_TIM:
1407 1407
$DATA:
0 2047
       0
       0
       0
       0
       0
       0
       0
       0
       0
       0
       1
       0
       0
       0
       0
       0
       1
      10
      27
      28
      34
      24
      25
      28
      16
      21
      32
      25
      21
      16
      17
      18
      30
      20
      29
      33
      20
      32
      28
      23
      21
      31
      28
      22
      25
      18
      34
      19
      36
      29
      24
      27
      29
      21
      41
      33
      40
      32
      33
      35
      37
      44
      33
      39
      35
      39
      39
      29
      35
      40
      36
      42
      39
      37
      28
      41
      38
      40
      35
      45
      35
      47
      40
      53
      34
      38
      41
      26
      51
      58
      31
      41
      49
      44
      51
      43
      50
      37
      44
      43
      47
      43
      60
      46
      48
      47
      47
      44
      57
      44
      64
      46
      37
      51
      69
      63
      55
      56
      68
      69
      67
      65
      89
      78
      77
      79
      90
      97
     111
     108
     110
     117
      99
     125
     141
     128
     151
     130
     117
     132
     130
     126
     135
     120
     146
     114
     118
     124
     123
     116
     118
     104
     100
     104
      95
     109
     109
     116
      83
      94
      99
      83
      94
      86
     106
      69
      78
      67
     102
      82
     107
      88
      77
      79
      94
      73
      75
      88
      76
      74
      80
      74
      79
      96
      69
      97
      80
      82
      79
      67
      82
      81
      76
      86
      92
      73
      64
      89
      68
      77
      94
      85
      76
      70
      93
      81
      81
      81
      78
      82
      81
      86
      75
      82
      55
      89
      74
      79
      76
      85
      78
     101
      82
      83
      74
      70
      82
      66
      73
      85
      78
      81
      63
      78
      73
      79
      65
      68
      75
      72
      76
      93
      85
      75
      83
      78
      70
      75
      76
      80
      83
      85
      86
      59
      95
      74
      71
      85
      72
      92
      85
      89
      70
      62
      75
      83
      79
     102
      84
      80
      82
      93
      71
      77
      67
      79
      66
      81
      76
      87
      70
     106
      77
      63
      72
      68
      63
      67
      83
      72
      79
      81
      78
      82
      74
      69
      80
      77
      57
      72
      98
      80
      90
      72
      86
      80
      87
      64
      86
      77
      76
      83
      74
      92
      83
      79
      83
      94
      87
      86
      89
      79
      81
      69
      76
      86
      77
      76
      89
      78
      82
      78
      91
      84
      66
      68
      83
      73
      77
      78
      74
      76
      71
      69
      70
      70
      66
      69
      79
      82
      68
      68
      69
      82
      62
      60
      69
      77
      69
      68
      73
      72
      69
      89
      81
      82
      90
      69
      60
      74
      73
      78
      81
      80
      63
      84
      75
      63
      65
      87
      65
      59
      76
      80
      71
      59
      46
      63
      57
      75
      68
      72
      66
      74
      53
      62
      67
      70
      63
      54
      75
      66
      60
      71
      79
      69
      56
      63
      59
      58
      67
      63
      71
      57
      64
      72
      70
      64
      64
      51
      59
      67
      65
      67
      50
      56
      56
      41
      75
      73
      74
      63
      70
      58
      62
      65
      62
      64
      66
      56
      49
      56
      55
      76
      54
      66
      59
      53
      50
      52
      61
      58
      53
      64
      57
      64
      58
      60
      63
      63
      50
      45
      54
      57
      74
      55
      64
      75
      73
      57
      64
      65
      47
      72
      46
      59
      68
      57
      63
      78
      70
      66
      59
      58
      64
      44
      72
      68
      63
      67
      61
      52
      59
      70
      61
      53
      70
      52
      55
      53
      58
      69
      59
      55
      60
      56
      65
      65
      60
      51
      58
      71
      47
      51
      56
      56
      54
      59
      49
      56
      60
      60
      60
      67
      45
      70
      49
      48
      57
      44
      69
      56
      60
      65
      56
      57
      57
      43
      57
      64
      49
      52
      69
      47
      65
      54
      58
      59
      45
      56
      44
      42
      65
      48
      49
      53
      58
      53
      43
      51
      52
      45
      58
      45
      36
      55
      43
      50
      49
      56
      46
      40
      47
      55
      50
      48
      51
      43
      50
      58
      51
      50
      50
      31
      47
      62
      42
      48
      45
      46
      50
      44
      36
      39
      43
      39
      53
      39
      34
      49
      35
      42
      57
      45
      31
      43
      36
      36
      41
      47
      44
      41
      37
      36
      47
      46
      43
      40
      37
      50
      38
      32
      39
      47
      57
      37
      40
      37
      46
      40
      42
      35
      51
      48
      37
      41
      41
      53
      26
      45
      42
      38
      38
      24
      46
      37
      41
      47
      38
      32
      36
      29
      37
      42
      36
      48
      35
      42
      33
      36
      31
      42
      36
      33
      38
      34
      34
      44
      42
      39
      36
      50
      39
      32
      36
      38
      44
      31
      38
      44
      45
      46
      32
      49
      48
      41
      46
      45
      42
      48
      27
      38
      40
      40
      36
      40
      33
      35
      42
      29
      46
      29
      36
      39
      47
      56
      45
      40
      35
      39
      31
      45
      37
      40
      48
      39
      37
      45
      38
      40
      57
      50
      44
      43
      51
      44
      41
      41
      46
      59
      50
      45
      44
      51
      52
      50
      59
      50
      53
      51
      54
      62
      47
      52
      59
      53
      59
      66
      54
      56
      54
      61
      69
      57
      64
      58
      74
      55
      68
      59
      62
      79
      57
      79
      68
      66
      67
      71
      79
      69
      70
      75
      98
      61
      82
      72
      81
      75
      86
      70
      83
      93
      94
      89
      84
      92
      93
      98
     101
      98
      79
      85
      96
      87
      91
      96
      80
     102
      94
      82
      90
      91
      81
      97
      95
      79
     116
      92
      99
      91
      98
      98
      83
     101
      81
      91
      96
      74
      80
      90
     100
      82
      79
      95
      75
      91
      80
      73
      67
      79
      85
      99
      74
      82
      62
      72
      76
      72
      72
      53
      68
      74
      62
      83
      70
      80
      66
      70
      69
      61
      65
      80
      66
      60
      45
      67
      62
      53
      57
      49
      57
      51
      56
      59
      49
      55
      48
      43
      40
      43
      43
      49
      51
      42
      40
      44
      40
      50
      48
      41
      41
      41
      33
      29
      32
      34
      38
      29
      41
      29
      45
      38
      27
      33
      19
      21
      36
      28
      22
      33
      24
      23
      19
      22
      26
      18
      24
      24
      21
      21
      25
      22
      19
      21
      20
      21
      17
      28
      17
      17
      16
      26
      16
      25
      21
      16
      10
      22
      16
      21
      18
      24
      12
      13
      18
      21
      22
      19
      18
      18
      14
      17
      19
      19
      17
      11
      20
      19
      19
      11
      14
      16
      20
      15
      20
      20
      21
      13
      17
      13
      21
      18
      23
      12
      13
      16
      17
      13
      10
      17
      21
      13
      21
      23
      20
       8
      11
      10
      18
      15
      20
      12
      10
       9
      21
      14
      18
       8
      21
      20
      15
      10
      11
      11
      23
      13
      17
      17
      18
      14
      19
      24
      12
      12
      19
      17
       9
      12
      20
       7
      15
      14
      17
      16
      13
      16
      16
      13
      20
       9
      18
       5
      12
       9
      15
      12
      12
      15
      21
      15
      11
      19
      12
      15
      18
       6
      20
      17
      15
      10
      16
       7
      15
      13
      10
      15
      21
       5
      15
      10
      13
      17
      16
      12
      13
      16
      17
       9
       9
      16
      16
       7
      17
      20
      15
      20
      14
      16
      16
      12
      14
      13
      17
      17
      12
       9
      11
       6
      15
      12
      16
      12
      10
      13
      17
      13
      15
      19
       9
      11
      15
      14
      10
      14
      21
      12
      10
      15
      13
       8
      12
      18
      11
      10
      19
      17
      19
       6
      15
      12
       9
      15
      17
      16
      13
      12
       6
      14
      12
      13
      12
      11
      19
      17
       6
      16
      18
      16
      17
      14
      19
      13
       8
      10
      10
      14
      13
      14
       8
      14
      18
      11
       9
      12
      15
      11
      11
      19
      10
      14
       4
      14
      10
      14
      13
      14
      11
      11
      19
      13
      14
      11
      12
      18
      12
      12
       9
       8
      10
       7
      14
      14
       7
      14
       6
      10
      14
      11
      16
      12
      15
      10
      10
      15
      15
      18
      19
      14
       9
       9
      10
      10
      16
      12
       8
      13
      11
      18
      13
      19
      11
      18
      10
      14
      15
       9
       9
      13
       8
      12
      17
      12
      14
      10
      15
       6
      15
      10
      14
      10
      14
      11
       6
      10
       6
      11
      13
      13
       9
       3
      19
      13
      12
      13
      14
      18
       6
      12
      12
      10
      15
      13
       6
      13
      11
      17
      13
      10
      18
      10
      15
      12
      10
      16
      16
      15
      16
      10
       6
      14
      18
      15
      11
      15
      11
       7
      10
      15
      13
      12
      15
      10
      20
      12
      12
      16
      10
      13
      11
      16
       5
      17
      14
      10
       9
      12
      19
      12
      13
      18
      12
       7
      15
      18
      16
      14
      12
       9
      12
      12
      12
      12
      17
      16
       9
      21
      21
       8
      14
      13
      10
       8
      13
      19
       7
      14
      12
      14
      11
      17
      14
      10
      14
      10
      11
      16
      13
      15
      13
      15
       9
       9
      19
      19
      11
      13
      12
      12
       9
      11
      13
      12
       9
      10
      25
      13
      14
      10
      12
      14
       7
       7
      18
      13
      11
       8
       3
      16
      11
       7
      11
      15
      12
      14
      18
       7
      13
       8
      10
      12
      17
      12
      11
      11
       8
      13
      13
      12
      10
      13
       9
      10
       9
      14
       8
       9
      14
       7
       6
       8
      10
       5
      10
      20
       9
      11
      12
       6
      10
       9
       9
      15
      15
      11
      10
       7
      10
       7
      10
      15
      12
      10
       8
       7
      10
      10
       8
       8
      14
      11
       5
      14
       7
       4
       8
       7
       9
      13
      11
      11
      10
       7
      11
       8
      10
       3
      12
       9
       8
       6
       4
      10
       7
       7
       9
      12
      10
       9
       8
      13
       7
       9
      10
       6
      11
       6
      12
      11
       3
       9
       9
       6
      12
      11
       6
       7
       9
       8
       3
       6
       5
       3
       7
       9
       8
       8
       7
       5
       6
       6
      10
      12
       7
      11
       5
       5
       3
       2
      10
       7
       8
       4
       4
       8
       9
       6
       9
       6
       7
       7
      10
       3
      10
       6
       9
       6
       8
       8
       4
       8
      11
       6
       5
       6
       5
       7
       4
       8
       6
       9
       5
       6
      12
       7
       8
       4
       5
       6
       6
       5
       7
       6
       7
       8
       8
       9
       8
       8
       3
       7
       6
       8
       7
       6
       6
       8
       5
       6
       4
       7
       6
       3
      10
       9
       8
       6
       7
       8
       1
       6
       2
       9
       8
       6
       6
       2
       7
       7
       5
       5
       7
       7
       7
      10
       4
      14
       7
       9
       7
      10
       6
       6
       8
       7
       7
      10
      12
       6
       8
       7
       4
       9
       8
       8
      12
       8
       6
       8
       6
       7
      10
       9
       7
       8
       7
       9
      10
       9
      11
       9
      13
       4
       9
      13
      12
       9
      12
      13
       8
      14
      10
      11
      11
      10
       8
       8
       9
      10
      17
       8
      16
       6
      19
       7
       8
      10
      11
      10
      13
      19
      13
      12
       6
      15
      12
      11
      12
      12
      16
      12
      13
       6
      10
      16
      18
      15
      13
      20
      14
      15
      14
      14
       5
      10
      11
      13
      11
      15
      11
      14
       7
      11
      10
      15
      11
      10
       5
      13
       9
      12
      13
      15
       9
      13
      22
      10
      10
       9
      10
      18
       4
       9
      16
      11
       9
      14
      11
       7
       7
      12
      16
       9
      12
      10
       7
       6
       7
      12
       7
      16
       8
       9
       7
      13
       4
      10
       8
       4
       8
      10
       6
       8
       8
       8
       9
      11
      10
       8
       8
       6
       5
       5
       3
       7
       6
       5
       5
       2
       8
       5
       8
       3
       5
       8
       4
      10
       6
      11
       5
       3
       5
       5
       5
       6
       6
       8
       5
       6
       4
       4
       5
       6
       6
       9
       3
       4
       6
       5
       4
       5
       4
       2
       0
       0
       0
       0
       0
       0
       0
       0
       0
       0
       0
       0
       0
       0
       0
       0
       0
       0
       0
       0
       0
       0
       0
       0
       0
       0
       0
       0
       0
       0
       0
       0
       0
       0
       0
       0
       0
       0
       0
       0
       0
       0
       0
       0
       0
       0
       0
       0
       0
       0
       0
       0
       0
       0
       0
       0
       0
       0
       0
       0
       0
       0
       0
       0
       0
       0
       0
       0
       0
       0
       0
       0
       0
       0
       0
       0
       0
       0
       0
       0
       0
       0
       0
       0
       0
       0
       0
       0
       0
       0
       0
       0
       0
       0
       0
       0
       0
       0
       0
       0
       0
       0
       0
       0
       0
       0
       0
       0
       0
       0
       0
       0
       0
       0
       0
       0
       0
       0
       0
       0
       0
       0
       0
       0
       0
       0
       0
       0
       0
       0
       0
       0
       0
       0
       0
       0
       0
       0
       0
       0
       0
       0
       0
       0
       0
       0
       0
       0
       0
       0
       0
       0
       0
       0
       0
       0
       0
       0
       0
       0
       0
       0
       0
       0
       0
       0
       0
       0
       0
       0
       0
       0
       0
       0
       0
       0
       0
       0
       0
       0
       0
       0
       0
       0
       0
       0
       0
       0
       0
       0
       0
       0
       0
       0
       0
       0
       0
       0
       0
       0
       0
       0
       0
       0
       0
       0
       0
       0
       0
       0
       0
       0
       0
       0
       0
       0
       0
       0
       0
       0
       0
       0
       0
       0
       0
       0
       0
       0
       0
       0
       0
       0
       0
       0
       0
       0
       0
       0
       0
       0
       0
       0
       0
       0
       0
       0
       0
       0
       0
       0
       0
       0
       0
       0
       0
       0
       0
       0
       0
       0
       0
       0
       0
       0
       0
       0
       0
       0
       0
       0
       0
       0
       0
       0
       0
       0
$ROI:
1
849 850
$PRESETS:
Live Time
999999
0
$ENER_FIT:
0.000000 0.749264
$MCA_CAL:
3
0.000000E+000 7.492638E-001 0.000000E+000 keV
$SHAPE_CAL:
3
0.000000E+000 0.000000E+000 0.000000E+000
