$SPEC_ID:
none
$SPEC_REM:
DET# 1
DETDESC# GRAD-LAB Easy-MCA-2k SN 14163589
AP# Maestro Version 7.01
$DATE_MEA:
09/19/2016 13:19:41
$MEAS_TIM:
1111 1112
$DATA:
0 2047
       0
       0
       0
       0
       0
       0
       0
       0
       0
       0
       0
       0
       0
       0
       0
       0
       1
       6
      22
      27
      15
      19
      20
      22
      14
      14
      20
      17
      17
      19
      15
      25
      20
      22
      34
      33
      19
      27
      23
      25
      24
      18
      24
      14
      17
      29
      32
      31
      30
      31
      20
      32
      32
      45
      40
      33
      33
      43
      41
      23
      29
      33
      33
      31
      37
      31
      32
      23
      27
      24
      33
      27
      38
      37
      37
      28
      32
      37
      37
      47
      26
      45
      50
      47
      39
      47
      42
      29
      45
      55
      36
      50
      49
      51
      39
      53
      59
      53
      57
      46
      53
      56
      51
      65
      61
      55
      52
      63
      64
      59
      57
      71
      71
     100
      85
      81
      79
     106
     122
     113
     118
      95
     125
     119
     147
     142
     135
     130
     146
     152
     169
     152
     184
     154
     160
     174
     158
     147
     153
     171
     132
     164
     165
     134
     138
     147
     131
     121
     122
     149
     145
     141
     132
     140
     122
     134
     113
     125
     130
     116
     126
     112
     103
     106
     102
     118
     123
     113
     119
     106
      86
     129
     117
     124
     132
     104
      91
      91
     110
     114
     102
     116
     108
     113
     100
     102
     105
     101
     110
      97
      87
     101
     103
      94
     105
     121
     105
     110
     110
     101
     129
     115
     110
     121
      98
     106
      98
     100
     119
     117
     110
     108
     115
     108
     129
     113
     116
     108
     117
     105
     123
     109
      90
     126
     116
     133
      85
     111
     119
     101
     118
     126
     110
     128
     113
      92
      92
      84
      90
     104
     107
     108
      94
     108
     105
     112
     106
     118
      96
      94
     118
     104
     110
      99
      91
      94
     100
     107
      89
     103
      86
      90
      79
      95
      85
      86
      86
     107
      85
      88
      84
      71
     101
     101
      70
      80
      84
      86
      95
      77
     102
      53
      92
      68
      95
      82
     105
      80
      82
      71
      81
      89
      78
      77
      86
      83
      72
      69
      88
      78
      79
      82
      83
      85
      71
      82
      84
      74
      68
      90
      85
      73
      68
      89
      67
      78
      76
      81
      72
      80
      62
      63
      74
      77
      79
      76
      57
      89
      68
      71
      83
      66
      87
      78
      72
      67
      67
      90
      82
      77
      82
      69
      56
      75
      81
      64
      72
      65
      63
      73
      60
      74
      69
      90
      73
      81
      73
      72
      71
      56
      85
      73
      73
      71
      59
      69
      69
      70
      72
      72
      66
      84
      94
      77
      58
      76
      70
      84
      72
      87
      79
      70
      70
      62
      77
      86
      74
      87
      83
      79
      72
      81
     105
      77
      84
     104
      82
      78
     102
      88
     100
      85
     106
      98
     106
     114
      85
     105
     117
     120
     116
     110
     112
     108
     140
     116
     109
     104
     119
     121
      98
     125
     133
     138
     133
     132
     135
     125
     132
     122
     140
     161
     114
     135
     105
     124
     116
     126
     126
     116
     120
     119
     115
     103
     110
     113
     115
      97
     128
      98
      92
     126
      97
      81
      95
     116
      97
     102
      96
      88
      92
      94
     100
      76
      93
      87
      75
      78
      66
      81
      70
      83
      73
      59
      60
      67
      70
      60
      73
      55
      68
      57
      59
      58
      61
      48
      53
      58
      55
      56
      68
      41
      37
      55
      44
      46
      42
      38
      56
      37
      40
      36
      39
      47
      45
      40
      41
      47
      38
      34
      43
      37
      31
      43
      37
      36
      34
      37
      31
      31
      44
      32
      25
      22
      50
      40
      29
      24
      44
      42
      36
      31
      38
      39
      22
      32
      26
      38
      31
      32
      29
      23
      26
      29
      32
      27
      23
      34
      24
      27
      24
      26
      29
      26
      32
      38
      21
      36
      21
      15
      28
      16
      26
      25
      31
      28
      23
      23
      10
      27
      18
      17
      27
      19
      23
      28
      25
      31
      19
      23
      26
      14
      23
      13
      15
      12
      19
      22
      20
      18
      20
      18
      23
      25
      15
      21
      24
      22
      15
      25
      20
      24
      20
      18
      17
      27
      25
      31
      19
      16
      18
      25
      20
      19
      24
      10
      21
      17
      18
      13
      17
      14
      16
      18
      16
      22
      16
      23
      23
      19
      20
      23
      27
      23
      15
      16
      11
      18
       8
      14
      25
      26
      23
      22
      17
      23
      21
      12
      17
      18
      24
      27
      21
      19
      17
      20
      24
      26
      20
      17
      16
      18
      14
      12
      15
      15
      23
      15
      17
      15
      12
      19
      25
      26
      19
      14
      22
      15
      16
      20
      16
      13
      18
      21
      17
      18
      15
      17
      18
      22
      18
      23
      26
      18
      22
      16
      17
      21
      22
      20
      24
      26
      22
      20
      24
      14
      15
      19
      18
      25
      18
      18
      25
      27
      18
      19
      20
      21
      19
      20
      21
      19
      14
      23
      23
      25
      27
      20
      20
      25
      18
      30
      15
      19
      17
      11
      28
      19
      20
      13
      27
      23
      20
      23
      17
      22
      20
      25
      20
      15
      27
      23
      22
      17
      25
      23
      23
      18
      24
      19
      19
      21
      24
      22
      14
      20
      14
      25
      14
      18
      19
      19
      18
      25
      16
      26
      17
      24
      17
      26
      16
      21
      19
      28
      26
      24
      20
      26
      18
      22
      14
      24
      18
      19
      20
      21
      12
      20
      20
      19
      11
      19
      29
      21
      15
      16
      18
      23
      13
      24
      21
      18
      27
      12
      20
      22
      14
      13
      23
      24
      16
      15
      13
      18
      15
      15
      20
      14
      18
      26
      14
      17
      21
      17
      25
      22
      17
      14
      21
      18
      20
      18
      16
      24
      24
      16
      18
      21
      24
      23
      22
      17
      24
      19
      16
      14
      21
      22
      11
      14
      11
      21
      18
      14
      19
      13
      18
      10
      25
       9
      13
      20
      22
      21
      12
      16
      15
      15
      17
      14
      19
      11
      15
      16
      16
      14
      12
      12
      16
      11
      15
       6
      10
      16
      15
      10
      10
      12
       9
      12
      10
      10
       7
      18
      15
      13
      11
      16
      13
      20
      15
       9
      10
      11
      10
      12
       9
      15
      13
      15
      11
      16
      15
      14
      11
      15
      11
       8
      23
      13
      14
      12
      15
      17
      15
      20
      11
      14
      15
      13
      10
      18
      14
       9
      10
      12
       7
      11
      21
      11
      10
      13
      13
      17
      13
      15
      11
       6
      17
      12
      14
      13
      14
      16
       6
       8
       6
      17
      20
      11
      15
       9
      13
       7
       9
      12
      15
      16
      13
      13
      14
      11
       9
      14
       8
      14
      14
       6
      15
       8
      17
       8
      12
      23
      11
      10
      11
       5
      13
      11
       6
      15
       6
      12
       8
      10
      17
       4
      16
       6
       8
      14
       9
      15
      13
      14
      19
      13
      11
       9
      11
      17
      13
      11
      11
      12
      14
      13
       6
      11
      13
       7
       7
       9
      13
      12
      16
       6
      16
      22
       7
      10
      11
      10
      13
      12
      13
      12
      15
      12
      17
      11
      15
       9
      14
      10
       5
      10
      16
      11
      13
       7
       8
       8
      16
      13
      10
      13
      15
      12
      10
      10
      10
      16
      13
      15
      11
      11
       8
       9
      12
      13
      10
       9
       5
      14
      13
      11
       8
       9
       6
      12
      14
      13
      11
      11
      10
      13
      13
      10
      13
      11
       9
      10
      12
      11
       9
       7
      14
      10
      21
      15
      15
      14
      10
      13
      12
       8
      10
      10
      13
      12
      10
      11
      12
       6
      10
       7
       8
      13
      14
      10
       4
       8
      15
       9
      16
       7
      12
       9
      11
      10
      11
      11
       9
       7
      13
       7
      11
      10
       9
       8
      14
       9
      12
       9
      12
      14
      11
      11
      11
       8
       7
       7
      11
       9
      13
       5
      11
       5
      16
       8
      10
       7
      19
      11
      11
       9
       6
       8
      19
       8
      10
      14
       9
       9
       9
      12
       7
       9
      12
      11
      13
       4
       9
       9
       7
      10
      12
       5
       9
       8
       7
      12
      13
      10
      11
       6
      13
       5
      13
      11
       7
      10
      13
      12
      14
      16
      11
       7
      13
       9
      13
      11
       9
      10
      13
      10
       6
      14
      12
      16
      13
       9
      10
      11
       9
       8
       7
      10
      16
      10
      10
      16
      10
      11
       9
      17
       9
      11
      11
      16
       9
       9
       9
       9
      11
      22
      15
      12
      12
       6
      14
      10
      13
      12
      14
      15
      11
      11
       6
      13
       8
       6
      14
      15
      14
      10
      17
       6
      14
      11
      12
      12
      12
      13
      10
       9
       8
       7
      11
       7
      14
      11
       7
      13
      15
       5
      15
       6
       9
      11
      10
      11
      10
       6
       9
      10
       9
       7
      13
      10
       8
      10
       9
       6
       9
      14
       6
       9
       5
      11
      13
      12
       6
      13
      12
      11
      13
       5
       8
       9
      11
      15
       6
       8
      12
      21
      12
       4
       5
      13
       7
       7
       7
       5
      10
       5
       9
      10
       9
       7
       5
       5
       7
      13
       8
       8
       6
      10
       9
       8
       3
      10
       7
      12
       9
      10
       6
      12
       9
       8
       5
       7
       5
       6
       5
       5
       1
       4
      12
       6
       9
       9
      10
       3
      11
       5
       6
      10
      13
       6
      13
       5
       6
      12
       9
      12
       8
       6
       9
       1
       8
       7
       7
       6
      11
       8
       5
       6
       6
       9
       4
      12
       7
       7
       3
       7
       5
       7
       9
       7
       6
       7
       5
       6
       2
       3
       1
       8
       6
       7
       7
       9
       1
       4
      10
       3
       8
       9
       7
      10
       2
       7
       4
       3
       9
       9
       6
       7
       6
       7
       7
       8
       7
       3
       4
       6
       5
       6
       5
       5
      13
       4
       4
       1
       7
       6
       5
       2
       1
       6
       6
       3
       6
       4
       4
       4
       5
       3
       7
       6
       6
       5
       8
       9
       0
       4
       6
       5
       7
       6
       6
       1
       5
       6
       4
       4
       5
       5
       1
       8
       9
       3
       9
       5
       8
       5
       7
       6
       5
       5
       4
       5
       5
       5
       4
       3
       5
       6
       3
       8
       5
       3
       6
       9
      10
       8
       6
      10
       9
       7
       8
       6
       9
       9
       6
       3
       4
       8
       4
       8
       4
       6
       6
       6
       6
       3
       8
       9
       7
      10
       4
       8
      10
       6
       6
       5
       8
       6
       7
       8
       8
       9
       8
      10
       7
      10
      14
      10
      13
      14
       9
       6
      11
      13
       9
      15
      11
      10
      12
       8
       7
      13
      17
      13
       5
      10
       7
       8
       4
      10
       9
      12
       7
      14
      11
      15
      13
       8
      10
      12
      16
      10
      10
      16
      11
      10
      10
      10
       9
      10
      10
      10
       9
       5
      13
      11
       9
       6
      11
       9
       7
      11
      11
       6
      12
      10
       3
       5
      12
       7
      11
       8
       1
       8
       8
       6
      12
       6
      10
       8
      10
       7
       7
       7
       9
      13
       4
      11
       3
       7
      12
       5
       2
       7
       7
       6
       3
       6
       9
       8
       9
       4
       3
       7
       4
      11
       5
       4
       2
       4
       5
       9
       6
       9
       1
       8
       9
       7
       8
       3
       6
       9
       3
       8
       9
       2
       2
       2
       3
       2
       6
       1
       5
       7
       4
       6
       1
       4
       2
       8
       7
       4
       5
       3
       1
       5
       5
       6
       5
       7
       8
       6
       6
       3
       6
       2
       2
       3
       4
       4
       1
       1
       3
       2
       4
       2
       2
       3
       4
       6
       2
       1
       6
       3
       4
       1
       2
       6
       3
       3
       5
       3
       3
       3
       4
       2
       1
       4
       2
       5
       3
       1
       4
       2
       2
       2
       4
       3
       1
       2
       2
       2
       3
       5
       0
       5
       4
       1
       5
       1
       1
       5
       1
       1
       1
       0
       3
       0
       0
       0
       0
       0
       0
       0
       0
       0
       0
       0
       0
       0
       0
       0
       0
       0
       0
       0
       0
       0
       0
       0
       0
       0
       0
       0
       0
       0
       0
       0
       0
       0
       0
       0
       0
       0
       0
       0
       0
       0
       0
       0
       0
       0
       0
       0
       0
       0
       0
       0
       0
       0
       0
       0
       0
       0
       0
       0
       0
       0
       0
       0
       0
       0
       0
       0
       0
       0
       0
       0
       0
       0
       0
       0
       0
       0
       0
       0
       0
       0
       0
       0
       0
       0
       0
       0
       0
       0
       0
       0
       0
       0
       0
       0
       0
       0
       0
       0
       0
       0
       0
       0
       0
       0
       0
       0
       0
       0
       0
       0
       0
       0
       0
       0
       0
       0
       0
       0
       0
       0
       0
       0
       0
       0
       0
       0
       0
       0
       0
       0
       0
       0
       0
       0
       0
       0
       0
       0
       0
       0
       0
       0
       0
       0
       0
       0
       0
       0
       0
       0
       0
       0
       0
       0
       0
       0
       0
       0
       0
       0
       0
       0
       0
       0
       0
       0
       0
       0
       0
       0
       0
       0
       0
       0
       0
       0
       0
       0
       0
       0
       0
       0
       0
       0
       0
       0
       0
       0
       0
       0
       0
       0
       0
       0
       0
       0
       0
       0
       0
       0
       0
       0
       0
       0
       0
       0
       0
       0
       0
       0
       0
       0
       0
       0
       0
       0
       0
       0
       0
       0
       0
       0
       0
       0
       0
       0
       0
       0
       0
       0
       0
       0
       0
       0
       0
       0
       0
       0
       0
       0
       0
       0
       0
       0
       0
       0
       0
       0
       0
       0
       0
       0
       0
       0
       0
       0
       0
       0
       0
       0
       0
       0
       0
       0
       0
       0
       0
       0
$ROI:
1
849 850
$PRESETS:
Live Time
999999
0
$ENER_FIT:
0.000000 0.749264
$MCA_CAL:
3
0.000000E+000 7.492638E-001 0.000000E+000 keV
$SHAPE_CAL:
3
0.000000E+000 0.000000E+000 0.000000E+000
