$SPEC_ID:
none
$SPEC_REM:
DET# 1
DETDESC# GRAD-LAB Easy-MCA-2k SN 14163589
AP# Maestro Version 7.01
$DATE_MEA:
09/07/2016 12:45:40
$MEAS_TIM:
217 218
$DATA:
0 2047
       0
       0
       0
       0
       0
       0
       0
       1
       0
       0
       0
       0
       0
       3
       1
       2
       3
      24
     119
     151
     120
     140
     134
     134
     111
      87
      96
      94
      89
      91
      79
      94
      83
      89
     101
      93
      96
      83
      93
      94
      88
     102
      89
      95
     118
      95
     130
      90
      91
     112
     104
     106
     118
      95
     122
      97
     109
     130
     144
     121
     150
     147
     176
     193
     238
     247
     319
     327
     382
     455
     530
     641
     699
     753
     797
     939
     935
     981
    1034
    1080
     990
    1015
     922
     913
     836
     798
     713
     682
     648
     543
     490
     446
     388
     365
     316
     317
     274
     257
     222
     228
     213
     173
     200
     156
     148
     178
     138
     171
     129
     161
     130
     151
     134
     135
     129
     138
     132
     147
     113
     119
     141
     120
     134
     138
     139
     129
     153
     124
     158
     132
     125
     150
     159
     120
     131
     133
     132
     149
     130
     118
     138
     142
     118
     123
     156
     159
     141
     135
     130
     121
     172
     169
     174
     168
     176
     163
     150
     180
     182
     175
     209
     196
     189
     220
     257
     227
     258
     257
     253
     243
     264
     262
     245
     264
     296
     295
     271
     288
     267
     304
     249
     290
     244
     247
     262
     258
     271
     256
     258
     207
     252
     239
     237
     230
     191
     200
     194
     182
     194
     173
     170
     184
     174
     172
     200
     181
     170
     161
     155
     167
     162
     132
     151
     156
     159
     142
     153
     130
     143
     118
     144
     132
     139
     158
     131
     138
     147
     148
     141
     127
     120
     127
     136
     131
     120
     126
     152
     136
     112
     107
     120
     144
     138
     124
     135
     121
     152
     116
     129
     122
     142
     136
     132
     129
     114
     142
     139
     113
     140
     137
     147
     141
     115
     124
     132
     100
     155
     129
     167
     126
     131
     147
     128
     145
     140
     154
     119
     124
     144
     153
     134
     141
     140
     137
     122
     133
     149
     145
     149
     132
     115
     147
     142
     152
     131
     149
     149
     143
     147
     138
     135
     145
     143
     131
     127
     141
     125
     146
     147
     141
     148
     142
     176
     136
     146
     151
     139
     153
     171
     144
     138
     147
     149
     145
     138
     130
     144
     132
     139
     169
     147
     163
     134
     159
     129
     144
     171
     151
     163
     153
     144
     140
     152
     148
     163
     172
     152
     149
     152
     146
     161
     151
     180
     140
     176
     180
     166
     158
     183
     152
     171
     184
     161
     161
     173
     176
     188
     170
     194
     161
     178
     186
     187
     176
     190
     192
     192
     207
     188
     185
     198
     182
     196
     194
     212
     190
     200
     182
     173
     208
     204
     204
     185
     211
     204
     198
     212
     185
     203
     195
     230
     218
     210
     192
     230
     198
     219
     209
     200
     191
     205
     214
     218
     191
     201
     217
     199
     177
     181
     202
     184
     197
     243
     222
     192
     202
     185
     206
     180
     206
     204
     207
     182
     168
     185
     181
     211
     181
     211
     183
     181
     207
     218
     181
     167
     178
     200
     193
     178
     182
     201
     207
     198
     177
     177
     200
     183
     188
     192
     189
     190
     180
     157
     164
     189
     218
     169
     188
     206
     186
     180
     192
     165
     190
     191
     197
     182
     167
     176
     181
     186
     169
     176
     206
     189
     185
     194
     171
     187
     185
     191
     192
     183
     196
     180
     189
     234
     185
     197
     176
     200
     165
     203
     189
     198
     209
     183
     197
     188
     183
     175
     209
     178
     184
     182
     198
     166
     193
     189
     168
     182
     205
     199
     181
     188
     185
     193
     194
     166
     181
     202
     178
     200
     197
     203
     177
     189
     194
     173
     208
     176
     181
     172
     191
     180
     193
     181
     192
     172
     190
     207
     195
     179
     173
     208
     194
     191
     178
     223
     193
     185
     189
     181
     202
     205
     210
     167
     189
     175
     208
     177
     176
     173
     177
     198
     168
     177
     191
     182
     195
     215
     189
     183
     177
     170
     216
     199
     177
     160
     203
     203
     169
     197
     180
     190
     173
     188
     190
     174
     169
     191
     201
     192
     175
     173
     187
     180
     188
     213
     162
     176
     176
     194
     179
     220
     190
     206
     187
     185
     203
     187
     193
     173
     188
     186
     200
     220
     194
     202
     182
     185
     184
     192
     182
     197
     186
     176
     165
     185
     191
     210
     201
     157
     194
     189
     172
     178
     186
     189
     180
     199
     198
     177
     170
     196
     191
     207
     194
     192
     184
     209
     185
     200
     205
     178
     186
     200
     196
     184
     201
     194
     173
     178
     196
     219
     207
     191
     192
     214
     184
     184
     167
     203
     175
     203
     184
     197
     180
     196
     203
     167
     188
     205
     201
     199
     223
     198
     193
     187
     191
     195
     193
     178
     173
     217
     192
     205
     183
     181
     193
     197
     208
     217
     200
     186
     190
     208
     208
     207
     197
     216
     186
     234
     224
     187
     213
     175
     213
     201
     186
     200
     212
     186
     191
     216
     185
     202
     209
     210
     195
     205
     199
     194
     208
     240
     206
     214
     197
     220
     197
     190
     195
     194
     192
     237
     184
     220
     227
     211
     207
     239
     216
     199
     225
     197
     201
     202
     175
     179
     206
     211
     205
     213
     228
     215
     234
     226
     155
     206
     228
     198
     212
     216
     199
     211
     224
     208
     186
     207
     230
     198
     208
     242
     242
     222
     219
     215
     196
     177
     217
     202
     217
     212
     187
     211
     189
     202
     188
     161
     188
     189
     229
     190
     190
     184
     167
     206
     183
     179
     177
     175
     160
     164
     192
     167
     143
     163
     200
     147
     134
     155
     149
     166
     164
     157
     165
     157
     143
     143
     144
     146
     130
     131
     144
     131
     139
     152
     124
     127
     129
     139
     122
     113
     134
     122
     115
     125
     123
      89
     107
     100
     110
     100
     132
     118
     125
     116
      86
     102
      97
      99
      85
     110
     106
      94
     106
      97
     110
     116
      78
      95
     104
      83
      89
      88
      99
      90
     100
      98
      91
      86
      75
      72
      86
      82
      78
      93
      80
      91
      81
      78
      90
      77
      77
      81
      88
      64
      82
      80
      66
      82
      63
      82
      66
      68
      65
      58
      71
      59
      68
      72
      70
      80
      63
      74
      65
      69
      65
      63
      61
      81
      44
      58
      65
      63
      64
      60
      72
      72
      76
      73
      65
      68
      64
      63
      59
      62
      61
      47
      62
      58
      68
      65
      57
      56
      58
      56
      63
      48
      83
      53
      62
      57
      55
      53
      57
      56
      47
      55
      60
      54
      46
      56
      43
      52
      46
      49
      63
      62
      38
      60
      57
      51
      46
      49
      56
      51
      61
      48
      76
      48
      55
      42
      64
      39
      52
      47
      46
      50
      59
      40
      67
      51
      56
      44
      56
      46
      53
      56
      60
      53
      63
      61
      51
      68
      56
      73
      50
      58
      59
      61
      60
      66
      71
      70
      67
      72
      64
      75
      86
      80
      73
      82
      88
      85
      87
      83
     100
      93
     111
     117
      98
     101
     123
     108
     132
     126
     120
     154
     142
     149
     184
     168
     151
     180
     186
     194
     199
     223
     241
     226
     248
     266
     233
     297
     244
     285
     286
     318
     306
     338
     310
     388
     362
     391
     386
     407
     414
     435
     472
     486
     498
     544
     497
     568
     576
     532
     580
     668
     625
     633
     645
     696
     667
     754
     747
     757
     830
     761
     801
     852
     883
     830
     876
     896
     936
     915
     948
     952
     968
     913
    1005
     961
     978
    1054
    1031
    1027
    1074
    1102
    1150
    1114
    1110
    1145
    1101
    1154
    1121
    1153
    1152
    1150
    1145
    1131
    1141
    1158
    1116
    1178
    1116
    1125
    1169
    1149
    1183
    1169
    1076
    1113
    1101
    1175
    1093
    1029
    1046
    1088
    1059
    1040
    1072
     948
     992
     980
    1043
     929
    1003
     992
     935
     941
     919
     878
     896
     871
     839
     865
     844
     806
     796
     810
     722
     695
     748
     754
     699
     651
     725
     640
     623
     604
     612
     605
     615
     578
     567
     532
     528
     552
     520
     509
     474
     445
     474
     450
     433
     412
     448
     375
     364
     382
     351
     330
     371
     344
     327
     309
     285
     320
     316
     276
     270
     279
     249
     252
     231
     218
     209
     228
     203
     241
     196
     175
     184
     177
     194
     176
     172
     172
     162
     143
     148
     148
     140
     153
     116
     121
     138
     124
     106
     119
      92
      87
     102
      94
      98
     103
      87
      61
      81
      53
      72
      73
      65
      55
      62
      60
      71
      63
      55
      34
      53
      37
      43
      47
      51
      40
      37
      39
      36
      31
      51
      30
      30
      30
      28
      27
      30
      26
      26
      23
      15
      30
      29
      18
      17
      14
      21
       9
      11
      15
      14
       8
      18
      12
       7
      13
       8
      11
       6
      11
      11
       8
       6
       9
       6
       6
       8
       6
       6
       7
       5
       3
       3
       4
       5
       4
       5
       8
       2
       1
       9
       5
       2
       5
       2
       5
       7
       8
       3
       2
       7
       3
       3
       1
       5
       2
       4
       4
       2
       3
       6
       4
       0
       4
       4
       1
       0
       1
       1
       1
       1
       3
       2
       1
       2
       2
       3
       3
       1
       2
       2
       1
       3
       1
       4
       2
       1
       3
       3
       1
       3
       2
       0
       0
       3
       4
       3
       6
       2
       3
       1
       3
       2
       7
       1
       3
       1
       2
       5
       4
       5
       3
       3
       0
       1
       2
       5
       0
       2
       1
       4
       1
       1
       3
       2
       2
       3
       2
       1
       2
       4
       0
       2
       1
       2
       1
       0
       0
       4
       1
       5
       2
       0
       4
       0
       3
       3
       4
       2
       1
       2
       3
       1
       4
       0
       1
       1
       4
       0
       4
       2
       1
       2
       2
       5
       1
       1
       1
       2
       1
       4
       1
       1
       3
       2
       2
       3
       0
       2
       3
       2
       0
       1
       2
       2
       1
       1
       3
       2
       2
       2
       0
       1
       0
       5
       1
       2
       1
       4
       5
       3
       4
       1
       2
       2
       0
       0
       4
       2
       3
       1
       6
       0
       3
       3
       2
       0
       3
       2
       2
       0
       4
       0
       1
       1
       1
       5
       0
       1
       3
       1
       2
       2
       3
       0
       4
       2
       3
       5
       2
       1
       2
       2
       0
       1
       0
       3
       0
       0
       1
       4
       1
       2
       2
       4
       0
       1
       0
       4
       2
       2
       2
       1
       0
       1
       0
       0
       1
       3
       0
       2
       3
       1
       0
       0
       1
       2
       1
       2
       3
       1
       0
       1
       0
       0
       1
       2
       0
       4
       2
       0
       2
       3
       1
       2
       2
       2
       1
       0
       1
       1
       0
       4
       5
       1
       1
       1
       3
       1
       1
       1
       1
       0
       2
       1
       4
       3
       0
       7
       0
       1
       1
       0
       1
       3
       3
       2
       2
       3
       3
       4
       4
       0
       1
       1
       6
       2
       3
       5
       2
       2
       1
       0
       1
       1
       1
       2
       4
       0
       2
       1
       2
       2
       1
       0
       1
       0
       1
       2
       3
       1
       1
       1
       0
       2
       1
       1
       1
       0
       2
       2
       2
       2
       0
       1
       2
       2
       2
       2
       1
       2
       3
       0
       0
       0
       2
       0
       4
       3
       2
       2
       0
       6
       1
       1
       3
       5
       1
       2
       2
       2
       4
       4
       1
       1
       2
       1
       3
       4
       3
       3
       1
       3
       0
       4
       4
       1
       1
       0
       3
       1
       2
       3
       3
       0
       1
       1
       1
       0
       0
       3
       0
       1
       1
       1
       1
       1
       3
       1
       2
       0
       4
       1
       1
       1
       1
       0
       1
       2
       2
       2
       1
       1
       2
       1
       2
       2
       1
       2
       0
       1
       2
       0
       2
       1
       1
       0
       3
       1
       1
       1
       0
       1
       2
       2
       3
       1
       1
       0
       0
       0
       2
       2
       2
       1
       1
       1
       3
       0
       2
       0
       0
       2
       2
       1
       0
       0
       0
       0
       0
       1
       0
       1
       0
       0
       0
       0
       0
       0
       0
       0
       0
       0
       0
       0
       0
       0
       0
       0
       0
       0
       0
       0
       0
       0
       0
       0
       0
       0
       0
       1
       0
       0
       0
       0
       0
       0
       0
       0
       0
       0
       0
       0
       0
       0
       0
       0
       0
       0
       0
       0
       0
       0
       0
       0
       0
       0
       0
       0
       0
       0
       0
       0
       0
       0
       0
       0
       0
       0
       0
       0
       0
       0
       0
       0
       0
       0
       0
       0
       0
       0
       0
       0
       0
       0
       0
       0
       0
       0
       0
       0
       0
       0
       0
       0
       0
       0
       0
       0
       0
       0
       0
       0
       0
       0
       0
       0
       0
       0
       0
       0
       0
       0
       0
       0
       0
       0
       0
       0
       0
       0
       0
       0
       0
       0
       0
       0
       0
       0
       0
       0
       0
       0
       0
       0
       0
       0
       0
       0
       0
       0
       0
       0
       0
       0
       0
       0
       0
       0
       0
       0
       0
       0
       0
       0
       0
       0
       0
       0
       0
       0
       0
       0
       0
       0
       0
       0
       0
       0
       0
       0
       0
       0
       0
       0
       0
       0
       0
       0
       0
       0
       0
       0
       0
       0
       0
       0
       0
       0
       0
       0
       0
       0
       0
       0
       0
       0
       0
       0
       0
       0
       0
       0
       0
       0
       0
       0
       0
       0
       0
       0
       0
       0
       0
       0
       0
       0
       0
       0
       0
       0
       0
       0
       0
       0
       0
       0
       0
       0
       0
       0
       0
       0
       0
       0
       0
       0
       0
       0
       0
       0
       0
       0
       0
       0
       0
       0
       0
       0
       0
       0
       0
       0
       0
       0
       0
       0
       0
       0
       0
       0
       0
       0
       0
       0
       0
       0
$ROI:
0
$PRESETS:
Live Time
999999
0
$ENER_FIT:
0.000000 0.000000
$MCA_CAL:
3
0.000000E+000 0.000000E+000 0.000000E+000 
$SHAPE_CAL:
3
0.000000E+000 0.000000E+000 0.000000E+000
