$SPEC_ID:
none
$SPEC_REM:
DET# 1
DETDESC# GRAD-LAB Easy-MCA-2k SN 14163589
AP# Maestro Version 7.01
$DATE_MEA:
09/12/2016 12:34:52
$MEAS_TIM:
298 300
$DATA:
0 2047
       0
       0
       0
       0
       0
       0
       0
       0
       0
       1
       0
       0
       1
       1
       0
       0
       0
      67
     265
     226
     226
     204
     225
     188
     209
     180
     198
     227
     214
     198
     183
     188
     188
     204
     185
     182
     192
     213
     203
     233
     206
     236
     233
     238
     232
     245
     256
     263
     278
     298
     317
     404
     462
     551
     636
     865
    1024
    1182
    1309
    1652
    1777
    1856
    2033
    2175
    2255
    2108
    2031
    1968
    1729
    1584
    1502
    1260
    1137
     960
     839
     785
     699
     648
     593
     480
     478
     409
     389
     373
     328
     339
     329
     301
     291
     303
     271
     294
     262
     291
     274
     294
     269
     250
     276
     315
     249
     253
     288
     289
     276
     293
     247
     271
     276
     286
     284
     301
     302
     290
     254
     277
     288
     273
     320
     287
     280
     286
     293
     288
     334
     320
     328
     377
     355
     404
     429
     441
     435
     445
     488
     556
     549
     567
     561
     544
     573
     604
     526
     590
     549
     592
     521
     574
     540
     554
     536
     495
     464
     484
     488
     479
     500
     418
     383
     431
     416
     396
     402
     421
     391
     354
     367
     335
     318
     297
     315
     302
     296
     310
     355
     306
     297
     291
     290
     260
     296
     272
     277
     269
     274
     256
     270
     230
     259
     246
     305
     286
     268
     256
     295
     279
     303
     295
     276
     269
     261
     309
     292
     276
     267
     284
     278
     256
     296
     280
     260
     288
     310
     297
     297
     267
     273
     295
     294
     287
     301
     306
     285
     254
     281
     292
     299
     303
     268
     279
     299
     290
     288
     281
     288
     305
     301
     284
     289
     297
     296
     287
     306
     299
     288
     295
     288
     287
     292
     289
     293
     325
     270
     304
     279
     285
     309
     301
     305
     294
     261
     298
     270
     290
     311
     331
     303
     307
     305
     348
     282
     319
     294
     277
     313
     299
     311
     319
     278
     328
     303
     329
     320
     301
     302
     299
     304
     290
     349
     345
     338
     326
     363
     347
     365
     358
     329
     362
     371
     374
     337
     369
     426
     413
     405
     399
     384
     384
     352
     398
     432
     402
     418
     413
     447
     388
     451
     421
     434
     413
     416
     418
     426
     391
     416
     419
     423
     409
     478
     405
     428
     450
     419
     409
     443
     400
     422
     425
     386
     393
     398
     422
     425
     384
     421
     404
     378
     406
     419
     414
     406
     422
     417
     404
     433
     371
     387
     451
     395
     370
     422
     427
     380
     382
     370
     396
     417
     394
     418
     428
     392
     379
     384
     399
     395
     402
     395
     341
     415
     391
     408
     391
     394
     367
     414
     359
     411
     392
     388
     379
     419
     415
     400
     355
     376
     391
     434
     379
     371
     384
     432
     432
     352
     390
     386
     419
     381
     408
     415
     388
     390
     378
     386
     385
     401
     370
     389
     419
     395
     373
     375
     396
     345
     388
     373
     396
     382
     396
     383
     389
     386
     420
     414
     385
     373
     354
     403
     414
     407
     367
     375
     380
     384
     382
     393
     401
     382
     394
     370
     359
     373
     394
     416
     359
     371
     370
     398
     405
     392
     382
     382
     358
     360
     381
     389
     384
     391
     375
     402
     386
     384
     400
     398
     408
     428
     374
     400
     365
     423
     361
     409
     416
     377
     388
     375
     376
     370
     348
     381
     397
     393
     378
     375
     411
     387
     387
     369
     420
     412
     415
     363
     396
     374
     413
     391
     348
     390
     368
     374
     418
     387
     387
     392
     393
     388
     401
     397
     436
     356
     418
     361
     393
     406
     371
     354
     383
     413
     383
     399
     427
     388
     368
     395
     391
     395
     374
     392
     366
     366
     381
     384
     383
     391
     382
     397
     404
     376
     407
     388
     387
     385
     395
     371
     393
     419
     382
     374
     360
     401
     399
     388
     377
     414
     393
     423
     356
     371
     399
     379
     403
     409
     375
     415
     408
     378
     389
     397
     397
     473
     386
     376
     418
     392
     413
     414
     388
     403
     371
     405
     394
     415
     365
     416
     445
     413
     383
     425
     441
     433
     417
     424
     422
     449
     430
     416
     409
     446
     452
     378
     452
     438
     385
     448
     413
     445
     446
     423
     425
     438
     443
     469
     438
     380
     418
     407
     399
     423
     441
     448
     477
     408
     424
     419
     429
     435
     392
     378
     431
     451
     393
     387
     449
     455
     393
     401
     449
     431
     416
     397
     444
     385
     403
     384
     429
     390
     376
     405
     395
     394
     393
     367
     351
     328
     375
     353
     333
     329
     351
     333
     336
     341
     355
     312
     313
     321
     291
     280
     302
     294
     308
     274
     303
     276
     276
     268
     275
     261
     255
     267
     214
     250
     244
     225
     248
     224
     249
     213
     234
     220
     217
     210
     231
     194
     209
     186
     213
     201
     196
     175
     192
     214
     156
     192
     191
     178
     179
     194
     193
     164
     171
     198
     187
     172
     168
     162
     138
     166
     187
     159
     157
     181
     139
     142
     156
     149
     168
     147
     142
     148
     156
     164
     169
     151
     162
     148
     137
     140
     153
     131
     120
     132
     127
     127
     128
     135
     124
     136
     134
     140
     127
     119
     126
     114
     134
     108
     131
     133
     141
      90
     129
     123
     112
     123
     123
     112
     125
     118
     117
     127
     112
     127
     114
     124
     110
     114
     109
     114
     129
      98
     102
     123
     118
      98
     100
     104
     102
     115
      99
     100
      89
      70
      97
     108
     100
      98
      99
     103
      91
     112
     107
     108
      85
      87
     102
      78
     108
      80
      99
      99
     100
     109
      97
     109
     102
     111
     106
      89
     117
     106
     111
     131
     115
     121
     129
     140
     148
     147
     141
     160
     160
     159
     164
     182
     206
     235
     224
     244
     223
     251
     298
     274
     306
     338
     331
     362
     394
     452
     437
     477
     490
     474
     521
     574
     622
     633
     661
     673
     790
     775
     820
     889
     887
     916
    1008
    1034
    1117
    1067
    1162
    1213
    1221
    1223
    1433
    1408
    1472
    1523
    1583
    1552
    1639
    1728
    1801
    1825
    1898
    1977
    1994
    1978
    1999
    2110
    2187
    2149
    2226
    2294
    2239
    2285
    2291
    2354
    2403
    2482
    2335
    2459
    2441
    2372
    2457
    2474
    2406
    2405
    2399
    2524
    2380
    2428
    2381
    2261
    2279
    2331
    2291
    2231
    2244
    2238
    2125
    2143
    2174
    2178
    2013
    2021
    2028
    1906
    1893
    1892
    1835
    1741
    1792
    1757
    1650
    1616
    1625
    1539
    1521
    1451
    1492
    1402
    1390
    1311
    1278
    1204
    1231
    1176
    1145
    1134
    1055
     989
    1029
     998
     963
     884
     903
     893
     833
     830
     740
     774
     713
     704
     723
     652
     617
     662
     618
     552
     525
     530
     517
     548
     465
     471
     423
     420
     407
     413
     391
     366
     363
     350
     338
     284
     303
     277
     284
     274
     268
     217
     228
     214
     211
     201
     182
     180
     174
     154
     134
     144
     148
     135
     123
     130
     109
     122
      94
     102
      98
      83
      85
      74
      69
      65
      63
      68
      58
      58
      46
      55
      48
      53
      40
      34
      35
      41
      28
      38
      31
      29
      21
      28
      22
      27
      22
      27
      24
      12
      14
      19
      23
       9
      17
      13
       9
      12
      19
       9
      11
      12
      11
      16
      16
       8
      15
       8
       9
       8
       6
       8
       8
       8
       8
       5
       6
       5
      10
      11
       6
       5
       4
       7
       8
       7
       8
       6
       4
       7
       9
       7
       5
       4
       5
       3
       4
       4
       3
       8
       2
       3
       6
       5
       5
       1
       2
       1
       5
       7
       5
       5
       4
       4
       0
       2
       2
       5
       2
       4
       6
       2
       4
       1
       3
       3
       3
       4
       3
       4
       5
       2
       4
       2
       2
       4
       4
       4
       4
       4
       2
       4
       3
       1
       2
       3
       4
       4
       2
       4
       2
       6
       1
       2
       7
       2
       3
       4
       4
       3
       5
       2
       4
       3
       3
       2
       4
       4
       6
       3
       3
       6
       5
       3
       4
       4
       2
       3
       3
       2
       1
       0
       5
       5
       5
       7
       4
       2
       2
       2
       6
       5
       2
       4
       5
       2
       1
       4
       5
       4
       3
       2
       2
       0
       3
       1
       3
       2
       5
       2
       4
       2
       2
       2
       4
       2
       7
       2
       3
       3
       0
       5
       2
       3
       5
       2
       6
       3
       4
       3
       4
       3
       3
       3
       3
       3
       3
       5
       0
       3
       3
       5
       2
       6
       6
       4
       4
       1
       3
       5
       3
       3
       4
       4
       3
       5
       3
       3
       2
       5
       4
       3
       3
       2
       1
       1
       2
       1
       9
       2
       4
       0
       1
       5
       2
       3
       2
       1
       3
       1
       3
       2
       5
       2
       5
       2
       3
       1
       3
       0
       2
       4
       5
       5
       2
       2
       3
       3
       5
       5
       2
       2
       2
       5
       1
       3
       7
       3
       2
       2
       2
       4
       9
       4
       4
       2
       4
       3
       4
       5
       3
       3
       0
       1
       3
       1
       3
       5
       4
       2
       1
       2
       5
       2
       3
       7
       3
       2
       4
       3
       1
       3
       3
       2
       3
       4
       2
       3
       8
       1
       3
       2
       2
       5
       4
       6
       1
       6
       4
       4
       3
       5
       2
       1
       4
       3
       1
       0
       3
       2
       3
       3
       1
       1
       5
       1
       1
       1
       2
       3
       5
       5
       1
       7
       5
       2
       2
       2
       2
       0
       4
       3
       3
       6
       2
       2
       4
       1
       3
       2
       6
       3
       0
       1
       2
       3
       2
       1
       6
       1
       0
       1
       3
       2
       1
       6
       2
       5
       3
       1
       5
       3
       1
       4
       1
       4
       3
       4
       1
       2
       4
       0
       4
       3
       1
       3
       2
       5
       0
       0
       2
       2
       2
       0
       2
       3
       2
       4
       1
       2
       2
       2
       3
       4
       4
       4
       2
       0
       2
       1
       5
       2
       2
       0
       4
       6
       2
       2
       4
       0
       0
       3
       1
       2
       2
       3
       2
       6
       1
       3
       2
       3
       4
       3
       0
       3
       1
       2
       2
       2
       0
       0
       0
       3
       2
       4
       3
       0
       1
       2
       3
       1
       0
       1
       0
       2
       3
       1
       1
       3
       1
       2
       3
       4
       1
       2
       2
       1
       2
       2
       0
       2
       0
       4
       2
       3
       0
       2
       6
       3
       1
       1
       1
       2
       2
       1
       3
       0
       0
       0
       3
       2
       2
       3
       3
       3
       1
       2
       1
       1
       4
       2
       2
       2
       3
       3
       1
       2
       2
       0
       2
       0
       1
       2
       0
       0
       1
       1
       1
       2
       2
       1
       2
       0
       2
       1
       3
       2
       1
       2
       1
       2
       1
       1
       1
       3
       3
       5
       1
       2
       2
       2
       2
       5
       1
       1
       1
       0
       4
       1
       3
       0
       2
       5
       1
       1
       2
       4
       4
       0
       2
       1
       3
       0
       0
       3
       1
       1
       2
       1
       1
       0
       3
       2
       2
       1
       0
       1
       3
       3
       1
       2
       4
       2
       1
       2
       3
       2
       3
       3
       3
       7
       3
       2
       4
       3
       3
       2
       0
       8
       2
       3
       2
       4
       1
       0
       1
       1
       0
       2
       1
       3
       1
       1
       0
       2
       5
       3
       3
       2
       2
       4
       4
       2
       0
       1
       3
       3
       4
       4
       6
       3
       2
       1
       5
       5
       3
       5
       2
       1
       4
       5
       1
       6
       0
       3
       4
       2
       1
       2
       3
       3
       1
       1
       1
       2
       3
       3
       3
       1
       4
       5
       1
       1
       1
       1
       2
       3
       1
       5
       3
       3
       1
       3
       3
       4
       1
       2
       2
       3
       2
       0
       0
       0
       4
       1
       2
       3
       3
       3
       0
       4
       5
       3
       0
       4
       2
       1
       5
       5
       4
       3
       2
       3
       2
       1
       2
       5
       0
       3
       2
       3
       1
       2
       2
       1
       2
       3
       3
       5
       3
       1
       1
       2
       2
       3
       2
       0
       0
       0
       0
       0
       0
       0
       0
       0
       0
       0
       0
       0
       0
       0
       0
       0
       0
       0
       0
       0
       0
       0
       0
       0
       0
       0
       0
       0
       0
       0
       0
       0
       0
       0
       0
       0
       0
       0
       0
       0
       0
       0
       0
       0
       0
       0
       0
       0
       0
       0
       0
       0
       0
       0
       0
       0
       0
       0
       0
       0
       0
       0
       0
       0
       0
       0
       0
       0
       0
       0
       0
       0
       0
       0
       0
       0
       0
       0
       0
       0
       0
       0
       0
       0
       0
       0
       0
       0
       0
       0
       0
       0
       0
       0
       0
       0
       0
       0
       0
       0
       0
       0
       0
       0
       0
       0
       0
       0
       0
       0
       0
       0
       0
       0
       0
       0
       0
       0
       0
       0
       0
       0
       0
       0
       0
       0
       0
       0
       0
       0
       0
       0
       0
       0
       0
       0
       0
       0
       0
       0
       0
       0
       0
       0
       0
       0
       0
       0
       0
       0
       0
       0
       0
       0
       0
       0
       0
       0
       0
       0
       0
       0
       0
       0
       0
       0
       0
       0
       0
       0
       0
       0
       0
       0
       0
       0
       0
       0
       0
       0
       0
       0
       0
       0
       0
       0
       0
       0
       0
       0
       0
       0
       0
       0
       0
       0
       0
       0
       0
       0
       0
       0
       0
       0
       0
       0
       0
       0
       0
       0
       0
       0
       0
       0
       0
       0
       0
       0
       0
       0
       0
       0
       0
       0
       0
       0
       0
       0
       0
       0
       0
       0
       0
       0
       0
       0
       0
       0
       0
       0
       0
       0
       0
       0
       0
       0
       0
       0
       0
       0
       0
       0
       0
       0
       0
       0
       0
       0
       0
       0
       0
       0
       0
       0
       0
       0
       0
       0
       0
       0
       0
       0
       0
$ROI:
0
$PRESETS:
Live Time
999999
0
$ENER_FIT:
0.000000 0.749264
$MCA_CAL:
3
0.000000E+000 7.492638E-001 0.000000E+000 keV
$SHAPE_CAL:
3
0.000000E+000 0.000000E+000 0.000000E+000
