$SPEC_ID:
none
$SPEC_REM:
DET# 1
DETDESC# GRAD-LAB Easy-MCA-2k SN 14163589
AP# Maestro Version 7.01
$DATE_MEA:
09/21/2016 12:46:48
$MEAS_TIM:
356 356
$DATA:
0 2047
       0
       0
       0
       0
       0
       0
       0
       0
       0
       0
       0
       0
       0
       0
       0
       0
       1
       3
       7
       9
      12
       9
      15
      10
      13
       7
      12
      10
       8
      11
      11
      14
      10
       9
      11
      14
      14
      12
      13
       8
       9
      13
       9
       9
      10
      11
      15
      12
      10
      13
      10
      24
      13
      12
      19
      13
      15
      11
      18
      20
      16
      25
      20
      18
      17
      18
      17
      14
      16
      16
      20
      22
      15
      19
      25
      12
      15
      14
      16
      22
      26
      17
      29
      25
      21
      20
      21
      16
      19
      23
      14
      22
      13
      22
      21
      25
      17
      20
      16
      25
      15
      15
      24
      27
      22
      22
      21
      27
      26
      26
      37
      19
      31
      30
      22
      29
      36
      36
      33
      35
      47
      39
      47
      44
      48
      58
      62
      65
      71
      81
      84
      89
      80
      90
      64
     104
      64
      84
      87
      76
      72
      81
      83
      50
      59
      67
      70
      57
      62
      56
      56
      58
      70
      56
      72
      53
      54
      53
      54
      56
      44
      52
      49
      49
      49
      46
      49
      45
      53
      39
      40
      34
      47
      40
      30
      41
      46
      42
      42
      33
      53
      39
      36
      45
      35
      42
      53
      53
      47
      49
      39
      34
      48
      40
      38
      49
      43
      43
      39
      19
      44
      43
      46
      50
      37
      21
      49
      48
      35
      40
      38
      43
      42
      44
      37
      41
      38
      45
      32
      31
      44
      34
      42
      26
      28
      49
      35
      32
      38
      47
      34
      31
      48
      26
      41
      33
      42
      41
      31
      42
      31
      27
      41
      40
      39
      40
      32
      38
      31
      26
      37
      35
      63
      34
      34
      36
      35
      42
      33
      41
      45
      28
      35
      34
      39
      54
      27
      34
      38
      34
      34
      43
      55
      36
      34
      27
      44
      33
      33
      53
      37
      38
      36
      41
      34
      47
      44
      37
      33
      38
      35
      45
      37
      39
      46
      41
      45
      43
      43
      32
      37
      43
      37
      41
      34
      28
      33
      33
      39
      37
      36
      34
      37
      30
      36
      32
      32
      35
      37
      38
      36
      42
      43
      36
      37
      33
      24
      35
      38
      30
      38
      34
      27
      41
      28
      39
      39
      36
      32
      35
      30
      35
      30
      29
      29
      32
      33
      39
      33
      31
      45
      29
      38
      22
      39
      25
      28
      29
      36
      28
      28
      36
      33
      34
      26
      27
      34
      32
      45
      34
      31
      18
      39
      30
      29
      34
      32
      26
      39
      31
      29
      31
      28
      35
      24
      31
      18
      26
      37
      16
      33
      30
      29
      26
      28
      33
      29
      25
      27
      27
      30
      38
      26
      24
      30
      27
      25
      25
      33
      28
      27
      28
      31
      30
      28
      27
      25
      36
      28
      33
      30
      28
      38
      32
      23
      25
      29
      31
      40
      23
      34
      25
      37
      37
      24
      21
      35
      25
      28
      29
      27
      27
      28
      20
      30
      33
      32
      26
      32
      33
      32
      19
      29
      27
      18
      22
      29
      24
      27
      32
      22
      27
      26
      28
      22
      23
      26
      25
      25
      38
      30
      36
      17
      26
      28
      18
      21
      24
      23
      23
      19
      34
      27
      24
      22
      21
      28
      33
      32
      26
      16
      25
      24
      19
      18
      24
      33
      20
      30
      21
      29
      25
      13
      16
      23
      24
      26
      24
      32
      25
      29
      21
      25
      18
      23
      18
      23
      19
      29
      20
      21
      23
      23
      30
      15
      23
      26
      21
      32
      20
       7
      20
      25
      21
      24
      24
      16
      12
      17
      28
      25
      26
      20
      21
      20
      27
      21
      22
      19
      16
      20
      17
      24
      25
      26
      20
      23
      27
      22
      16
      28
      21
      18
      22
      15
      20
      21
      20
      23
      24
      26
      24
      17
      16
      26
      21
      17
      21
      26
      30
      22
      31
      22
      15
      22
      17
      23
      24
      15
      18
      15
      18
      18
      19
      22
      12
      20
      20
      17
      23
      26
      29
      12
      21
      16
      20
      27
      20
      24
      20
      20
      20
      19
      18
      19
      27
      22
      15
      22
      21
      23
      22
      23
      27
      24
      23
      32
      25
      18
      22
      33
      26
      18
      32
      22
      19
      25
      27
      33
      28
      25
      22
      31
      31
      26
      14
      26
      29
      20
      20
      40
      42
      31
      27
      25
      36
      21
      25
      31
      36
      41
      35
      31
      36
      36
      35
      24
      37
      34
      43
      39
      28
      30
      33
      35
      41
      41
      45
      40
      40
      41
      45
      43
      28
      36
      38
      32
      41
      37
      34
      42
      45
      36
      45
      37
      31
      34
      34
      37
      50
      55
      42
      45
      41
      35
      48
      30
      47
      54
      45
      46
      38
      54
      33
      42
      49
      36
      43
      38
      35
      46
      32
      43
      39
      49
      32
      37
      33
      42
      29
      42
      42
      46
      39
      45
      39
      42
      26
      31
      41
      43
      35
      38
      39
      29
      36
      46
      34
      33
      44
      36
      40
      37
      39
      35
      35
      33
      16
      35
      28
      32
      26
      32
      16
      24
      36
      25
      21
      36
      27
      30
      35
      30
      27
      33
      25
      19
      26
      26
      29
      21
      32
      21
      21
      10
      23
      20
      23
      15
      19
      21
      21
      18
      21
      22
      19
      21
      24
      30
      17
      19
      15
      19
      21
      19
      14
      11
      14
      19
      11
      14
      17
      14
      13
      18
      17
      16
      13
       8
      19
      11
      11
      14
      13
      13
      14
       9
      10
      14
      12
      19
      12
      13
       6
      18
       3
      16
       9
      11
      11
      12
      19
       5
       4
       4
      10
      11
      11
       6
       9
       6
       9
       9
      13
       9
      15
       4
      14
       4
       7
      12
       6
      12
      12
      10
       8
      12
       9
       6
       6
      10
      14
       5
      11
       9
      12
       9
       7
      10
       5
       8
       6
       4
       9
       9
       9
       6
       3
      10
       6
      11
       6
       8
       8
       7
       3
       9
       5
       3
       5
       9
       6
       2
       6
       6
       9
       3
       8
       4
       4
       4
       4
       7
       6
       7
       6
       4
       5
      10
       7
       5
       2
       5
       2
       6
       5
       2
       3
       2
       5
       9
       6
       8
       3
       6
       4
       4
       8
       1
       5
       4
       5
       5
       4
       4
       5
       7
       5
       3
       4
       4
       4
       5
       4
       6
       4
       5
       5
       5
       3
       1
       4
       7
       2
       3
       5
       1
       5
       6
       4
       7
       1
       7
       6
       4
       2
       7
       4
       4
       4
       4
       2
       3
       9
       5
       4
       5
       8
       6
       7
       8
       3
       1
       3
       6
       4
       6
       4
       1
       4
       6
       1
       5
       2
       5
       0
       5
       7
       6
      10
       4
       5
       5
       4
       5
       4
       6
       7
       7
       8
       3
       5
       6
       3
       5
       8
       3
       3
       4
       0
       4
       2
       3
       4
       2
       5
       4
       7
       4
       3
       6
       5
       3
       6
       4
       4
       3
       5
       6
       3
       2
       7
       2
       8
       3
       7
       4
       4
       8
       1
       3
       2
       4
       3
       8
       9
       8
       3
      10
       9
       9
       3
       2
       8
       4
       7
       5
       7
       4
       5
       5
       3
       4
       9
       3
      10
       5
       4
       9
       4
       5
       5
       6
       6
       2
       6
       2
       2
       8
       5
       3
      10
       3
       5
      10
       7
       3
       6
       5
      10
       2
      10
       6
       4
       3
       2
       7
       7
       5
       8
       5
       8
       6
       4
       5
       3
       9
       0
       4
       7
       4
       2
       4
       4
       9
       3
       3
       3
       5
       1
       6
       1
       8
       4
       6
       3
       1
       3
       2
       4
       4
       3
       3
       5
       7
      12
       5
       1
       4
       4
       4
       2
       4
       4
       4
       5
       1
       2
       4
       6
       7
       4
       4
       5
       5
      12
       4
       5
       3
       3
       5
       5
       1
       4
       9
       4
       1
       3
       1
       5
       5
       5
       7
       0
       2
       2
       7
       5
       2
       4
       3
       6
       1
       4
       6
       6
       2
       4
       3
       1
       5
       2
       3
       2
       5
       4
       3
       6
       7
       3
       4
       0
       6
       1
       4
       3
       3
       2
       5
       5
       1
       7
       8
       5
       5
       7
       4
       7
       0
       5
       5
       2
       8
       8
       6
       9
       3
       4
       6
       9
      10
       8
       7
       5
       1
       3
       8
       7
       3
       2
       6
       2
       3
       1
       4
       3
       3
       7
       3
       4
       5
       5
       2
       4
       6
       5
       6
       6
       5
       3
       5
       4
       6
       1
       2
       5
       4
       4
       2
       5
       2
       1
       5
       9
       6
       7
       7
       2
       4
       6
       7
       6
       5
       5
       4
       4
       1
       2
       3
       4
       5
       7
       4
       2
       6
       2
       3
       3
       3
       6
       5
       5
       3
       7
       3
       6
       5
       2
       4
       3
       4
       6
       3
       5
       2
       1
       2
       7
       4
       7
       6
       6
       7
       1
       4
       2
       5
       2
       6
       6
       1
       7
       4
       3
       2
       3
       4
       7
       4
       4
       6
       1
       3
       7
       4
       4
       1
       8
       2
       8
       1
       8
       4
       2
       4
       1
       3
       4
       4
       1
       6
       3
       2
       2
       3
       4
       6
       7
       4
       3
       5
       2
       0
       1
       7
       4
       4
       2
       2
       2
       6
       2
       3
       7
       1
       4
       4
       0
       1
       4
       3
       5
       1
       3
       3
       4
       4
       6
       5
       2
       5
       5
       3
       3
       1
       2
       3
       5
       2
       2
       5
       3
       1
       2
       5
       5
       4
       5
       4
       1
       3
       7
       5
       6
       1
       1
       1
       2
       1
       2
       4
       1
       2
       0
       5
       7
       2
       2
       2
       0
       3
       2
       2
       3
       2
       1
       1
       4
       1
       4
       4
       3
       4
       2
       4
       2
       2
       5
       0
       4
       3
       3
       7
       4
       2
       4
       3
       2
       0
       2
       2
       2
       4
       7
       1
       2
       3
       2
       4
       0
       1
       1
       2
       4
       1
       4
       1
       1
       8
       3
       2
       3
       0
       6
       0
       2
       1
       2
       3
       5
       4
       2
       1
       2
       6
       3
       4
       5
       4
       3
       4
       3
       2
       4
       4
       2
       4
       1
       4
       1
       8
       0
       6
       2
       5
       3
       2
       2
       2
       2
       1
       5
       4
       2
       0
       3
       4
       3
       0
       3
       3
       2
       5
       3
       3
       0
       2
       4
       3
       3
       3
       2
       5
       3
       4
       1
       3
       1
       0
       5
       2
       5
       0
       2
       1
       4
       3
       2
       4
       2
       2
       5
       3
       2
       4
       4
       3
       5
       2
       3
       3
       3
       4
       2
       5
       5
       2
       2
       3
       1
       2
       4
       3
       3
       3
       5
       3
       2
       1
       4
       2
       4
       4
       5
       4
       0
       4
       2
       1
       1
       4
       6
       5
       5
       4
       4
       5
       3
       2
       6
       3
       5
       2
       2
       6
       2
       3
       2
       5
       4
       1
       3
       4
       2
       4
       1
       2
       2
       3
       3
       3
       2
       3
       6
       8
       2
       0
       4
       2
       3
       2
       1
       2
       1
       5
       4
       7
       2
       0
       4
       0
       1
       2
       4
       1
       1
       0
       0
       1
       1
       0
       2
       2
       3
       3
       1
       2
       1
       2
       2
       2
       4
       2
       2
       1
       0
       1
       1
       1
       1
       2
       3
       3
       3
       2
       3
       2
       2
       2
       1
       2
       0
       1
       1
       1
       3
       2
       1
       0
       1
       4
       3
       2
       2
       4
       3
       2
       0
       4
       0
       2
       0
       0
       1
       5
       2
       1
       1
       1
       1
       2
       2
       1
       0
       3
       0
       0
       0
       1
       0
       3
       1
       1
       5
       0
       2
       0
       2
       2
       3
       0
       1
       1
       1
       1
       1
       1
       0
       1
       0
       0
       0
       0
       0
       0
       0
       0
       0
       0
       0
       0
       0
       0
       0
       0
       0
       0
       0
       0
       0
       0
       0
       0
       0
       0
       0
       0
       0
       0
       0
       0
       0
       0
       0
       0
       0
       0
       0
       0
       0
       0
       0
       0
       0
       0
       0
       0
       0
       0
       0
       0
       0
       0
       0
       0
       0
       0
       0
       0
       0
       0
       0
       0
       0
       0
       0
       0
       0
       0
       0
       0
       0
       0
       0
       0
       0
       0
       0
       0
       0
       0
       0
       0
       0
       0
       0
       0
       0
       0
       0
       0
       0
       0
       0
       0
       0
       0
       0
       0
       0
       0
       0
       0
       0
       0
       0
       0
       0
       0
       0
       0
       0
       0
       0
       0
       0
       0
       0
       0
       0
       0
       0
       0
       0
       0
       0
       0
       0
       0
       0
       0
       0
       0
       0
       0
       0
       0
       0
       0
       0
       0
       0
       0
       0
       0
       0
       0
       0
       0
       0
       0
       0
       0
       0
       0
       0
       0
       0
       0
       0
       0
       0
       0
       0
       0
       0
       0
       0
       0
       0
       0
       0
       0
       0
       0
       0
       0
       0
       0
       0
       0
       0
       0
       0
       0
       0
       0
       0
       0
       0
       0
       0
       0
       0
       0
       0
       0
       0
       0
       0
       0
       0
       0
       0
       0
       0
       0
       0
       0
       0
       0
       0
       0
       0
       0
       0
       0
       0
       0
       0
       0
       0
       0
       0
       0
       0
       0
       0
       0
       0
       0
       0
       0
       0
       0
       0
       0
       0
       0
       0
       0
       0
       0
       0
       0
       0
       0
       0
       0
       0
       0
       0
       0
       0
       0
       0
       0
       0
       0
       0
       0
       0
       0
       0
       0
       0
       0
       0
$ROI:
1
849 850
$PRESETS:
Live Time
999999
0
$ENER_FIT:
0.000000 0.749264
$MCA_CAL:
3
0.000000E+000 7.492638E-001 0.000000E+000 keV
$SHAPE_CAL:
3
0.000000E+000 0.000000E+000 0.000000E+000
