$SPEC_ID:
none
$SPEC_REM:
DET# 1
DETDESC# GRAD-LAB Easy-MCA-2k SN 14163589
AP# Maestro Version 7.01
$DATE_MEA:
09/21/2016 12:10:06
$MEAS_TIM:
272 273
$DATA:
0 2047
       0
       0
       0
       0
       1
       1
       2
       5
       9
       7
      10
       7
      11
       8
       9
       6
       8
      22
      64
      73
      85
      71
      68
      63
      69
      64
      73
      81
      71
      59
      79
      67
      68
      67
      82
      64
      68
      83
      75
      73
      75
      75
      67
      61
      76
      70
      58
      63
      72
      84
      80
      87
      93
      89
     110
      89
      78
      94
      62
      90
      84
      97
      88
      95
      85
      81
      88
      93
      86
      95
      80
      95
      83
      77
     105
     102
      89
      93
     114
     126
     107
      92
     113
     108
     131
     114
     116
     106
     139
     118
     123
     103
     105
     113
      98
      96
     112
     108
     107
     119
     119
      97
     114
     114
     113
     117
      89
     105
     105
     138
     109
     125
     120
     117
     136
     123
     137
     119
     141
     165
     171
     172
     181
     208
     221
     221
     270
     268
     288
     298
     280
     321
     313
     339
     316
     333
     356
     350
     402
     303
     335
     306
     284
     333
     283
     290
     278
     279
     268
     264
     274
     270
     243
     204
     197
     221
     216
     204
     188
     181
     195
     157
     183
     172
     169
     165
     167
     162
     146
     158
     153
     130
     135
     145
     138
     152
     124
     149
     154
     111
     117
     150
     148
     141
     153
     139
     141
     116
     154
     141
     167
     149
     137
     148
     149
     155
     144
     140
     137
     130
     136
     142
     146
     153
     139
     156
     141
     139
     149
     141
     167
     146
     144
     136
     136
     138
     148
     169
     165
     150
     160
     150
     142
     163
     143
     139
     138
     143
     147
     128
     149
     128
     183
     132
     133
     152
     150
     151
     152
     147
     161
     168
     133
     150
     170
     156
     127
     172
     137
     151
     141
     156
     156
     155
     178
     163
     164
     172
     141
     167
     147
     131
     166
     163
     154
     154
     161
     158
     183
     156
     160
     170
     159
     165
     154
     153
     171
     167
     183
     191
     189
     186
     165
     163
     182
     196
     201
     184
     190
     194
     177
     202
     188
     207
     215
     175
     187
     206
     187
     219
     203
     216
     196
     202
     205
     215
     184
     202
     204
     186
     220
     226
     221
     210
     216
     232
     219
     213
     207
     202
     216
     207
     216
     223
     201
     213
     219
     223
     198
     242
     205
     203
     213
     210
     206
     205
     221
     216
     202
     226
     205
     192
     186
     192
     209
     224
     201
     215
     202
     200
     201
     194
     209
     226
     191
     227
     205
     225
     203
     220
     204
     202
     207
     192
     182
     200
     210
     199
     211
     185
     186
     211
     211
     200
     171
     192
     185
     192
     216
     176
     201
     195
     187
     186
     174
     210
     178
     173
     195
     173
     169
     179
     181
     177
     160
     193
     178
     159
     180
     181
     185
     198
     181
     186
     195
     161
     175
     196
     178
     181
     169
     158
     191
     194
     162
     167
     173
     158
     139
     185
     153
     168
     157
     174
     170
     174
     180
     162
     160
     155
     163
     146
     158
     165
     148
     158
     143
     148
     164
     164
     178
     169
     161
     150
     180
     150
     175
     140
     161
     169
     171
     173
     148
     163
     167
     134
     155
     157
     162
     154
     168
     135
     149
     163
     159
     151
     155
     173
     155
     147
     167
     148
     131
     142
     140
     158
     166
     166
     151
     175
     180
     165
     138
     142
     160
     165
     162
     136
     160
     160
     141
     146
     150
     167
     146
     157
     170
     150
     162
     176
     145
     169
     139
     159
     152
     158
     155
     149
     150
     151
     146
     162
     142
     155
     169
     140
     159
     153
     169
     183
     140
     131
     161
     165
     158
     130
     168
     190
     152
     174
     146
     142
     144
     157
     150
     158
     153
     168
     144
     158
     153
     155
     166
     142
     175
     153
     168
     179
     159
     140
     174
     146
     147
     146
     161
     158
     149
     156
     191
     146
     141
     161
     164
     172
     155
     143
     152
     160
     157
     162
     151
     148
     158
     150
     143
     161
     150
     165
     165
     158
     150
     150
     143
     149
     149
     165
     168
     155
     156
     148
     150
     157
     168
     164
     150
     159
     169
     177
     161
     147
     172
     161
     139
     165
     157
     177
     150
     150
     152
     164
     121
     162
     165
     155
     149
     152
     168
     144
     140
     152
     151
     155
     154
     145
     155
     142
     154
     135
     147
     129
     125
     131
     134
     129
     147
     155
     121
     105
     121
     121
     132
     111
     138
     135
     153
     112
     128
     114
     131
     112
     123
     106
     140
     123
     113
     119
      86
     102
     110
     112
     113
     123
     104
     105
     118
     118
     111
     109
     102
     119
     106
      88
     100
     113
      92
      84
      81
      85
      83
      94
     101
      96
     110
      98
      92
      92
      86
      89
      74
     106
     100
      95
      84
      93
      92
      98
      70
     101
      96
     107
     100
     100
      68
      96
      85
      85
      90
      79
      90
      88
      95
     102
      92
      95
      84
      75
      88
     104
      96
      78
      82
      88
      85
      84
      80
      89
     102
      89
     106
      80
      66
      90
      91
      76
      77
      89
      97
     102
      76
      83
      98
      96
      64
      92
      79
      80
      97
      92
      85
     100
      87
      97
      86
      88
     101
      80
      94
      82
      84
      96
      81
      82
      90
     106
      85
      91
      93
      93
      93
      91
      90
     100
     102
     107
     113
     101
     112
      79
     107
      91
      92
     105
     118
     102
     101
      89
      75
      93
     108
      87
     102
      81
      97
      93
     108
     108
     129
     135
     122
     129
     127
     138
     130
     121
     147
     143
     129
     134
     148
     151
     161
     143
     176
     157
     159
     176
     186
     204
     184
     203
     226
     209
     203
     209
     224
     227
     259
     276
     286
     246
     284
     275
     313
     311
     289
     326
     314
     321
     325
     353
     331
     367
     369
     354
     381
     403
     384
     347
     444
     438
     424
     431
     413
     414
     408
     456
     451
     486
     469
     448
     426
     470
     439
     454
     462
     457
     512
     496
     472
     466
     420
     456
     456
     490
     470
     474
     458
     442
     482
     452
     446
     419
     446
     500
     417
     411
     354
     400
     429
     403
     398
     428
     371
     341
     365
     373
     350
     340
     331
     369
     312
     324
     306
     338
     287
     304
     253
     264
     263
     207
     249
     234
     220
     226
     230
     215
     226
     206
     190
     174
     179
     178
     165
     164
     154
     159
     160
     140
     130
     132
     146
     144
     120
      95
      95
     109
      87
      98
      81
      88
      81
      78
      57
      75
      83
      64
      75
      78
      69
      59
      43
      50
      64
      51
      44
      38
      44
      41
      40
      40
      35
      30
      43
      39
      32
      32
      37
      29
      25
      28
      30
      23
      25
      27
      30
      17
      15
      25
      14
      22
      20
      17
      15
      17
      11
       9
       9
      10
      14
      10
      14
      15
      12
      14
       9
      12
       7
       4
      11
       5
       9
       5
       9
       9
      21
      10
       8
       6
       9
       5
       3
       6
      12
       4
       8
       6
       6
       3
       7
       3
       4
       7
       7
       8
       1
       7
       6
       8
       6
       4
       4
       8
       7
       5
       6
       9
       6
      11
       4
       3
       8
       5
       5
       5
       5
       7
       3
       7
       4
       3
       4
       6
       4
       8
       7
       6
       4
       9
       7
       4
       7
       2
       6
       6
       3
       2
       5
       2
      11
       6
       4
       3
       5
       2
       3
       6
       7
       3
       4
       3
       6
       8
      10
       6
       3
       2
       2
       4
       5
       5
       2
       1
       5
       7
       5
       1
       6
       4
       3
       0
       6
       5
       3
       5
       5
       5
       6
       3
       6
       8
       7
       2
       4
       5
       4
       2
       5
       2
       2
       2
       5
       4
       2
       2
       5
       5
       4
       4
       6
       0
       5
       6
       6
       5
       6
       4
       2
       3
       6
       1
       4
       2
       2
       4
       1
      10
       2
       4
       3
       3
       3
       4
       4
       4
       1
       4
       2
       3
       6
       2
       2
       5
       5
       6
       4
       4
       3
       3
       4
       2
       3
       6
       4
       4
       6
       4
       5
       3
       7
       4
       3
       4
       3
       3
       1
       1
       0
       3
       3
       5
       8
       3
       2
       3
       1
       3
       7
       4
       3
       4
       6
       2
       3
       2
       2
       3
       7
       3
       0
       3
       3
       3
       4
       4
       2
       0
       1
       6
       4
       4
       3
       2
       2
       5
       6
       5
       6
       4
       3
       3
       2
       1
       2
       2
       7
       2
       3
       1
       1
       3
       3
       4
       6
       2
      10
       3
       3
       3
       1
       3
       6
       4
       4
       2
       1
       0
       3
       5
       3
       4
       5
       1
       3
       2
       3
       2
       4
       1
       0
       4
       1
       4
       3
       5
       3
       6
       8
       2
       5
       3
       2
       3
       1
       2
       2
       3
       2
       1
       3
       2
       1
       2
       1
       5
       5
       2
       6
       3
       0
       3
       4
       5
       3
       2
       3
       2
       4
       1
       1
       5
       2
       4
       0
       1
       3
       2
       3
       3
       4
       2
       3
       6
       2
       3
       1
       3
       0
       6
       5
       2
       3
       2
       3
       3
       0
       2
       1
       3
       4
       4
       3
       2
       1
       2
       2
       4
       3
       2
       1
       3
       1
       1
       4
       2
       4
       1
       5
       4
       4
       2
       4
       0
       3
       2
       4
       1
       1
       2
       1
       2
       0
       0
       4
       8
       0
       3
       4
       2
       4
       4
       4
       0
       1
       1
       1
       1
       1
       2
       2
       2
       3
       2
       1
       2
       3
       1
       3
       1
       3
       2
       1
       3
       3
       2
       5
       1
       5
       2
       0
       1
       2
       1
       1
       1
       1
       0
       4
       2
       2
       1
       1
       3
       2
       1
       1
       2
       2
       3
       8
       2
       1
       2
       1
       2
       6
       6
       2
       1
       1
       2
       0
       1
       4
       0
       3
       1
       0
       0
       2
       0
       1
       4
       2
       0
       2
       0
       1
       2
       0
       1
       3
       1
       0
       3
       2
       2
       0
       3
       1
       2
       1
       1
       1
       2
       1
       0
       1
       2
       2
       2
       0
       0
       1
       2
       1
       2
       2
       2
       1
       1
       2
       2
       0
       2
       0
       1
       1
       2
       2
       1
       2
       3
       2
       1
       2
       1
       3
       1
       0
       0
       2
       1
       3
       3
       3
       0
       1
       1
       3
       0
       2
       2
       1
       1
       4
       0
       0
       1
       0
       1
       4
       0
       1
       1
       0
       1
       0
       3
       0
       1
       1
       2
       1
       0
       3
       2
       5
       2
       2
       1
       1
       4
       0
       2
       1
       1
       2
       1
       1
       0
       2
       0
       1
       1
       1
       2
       1
       0
       1
       0
       2
       1
       3
       2
       1
       3
       0
       1
       2
       0
       2
       1
       1
       0
       2
       2
       1
       1
       1
       2
       1
       1
       1
       3
       2
       3
       2
       3
       1
       2
       2
       2
       1
       2
       3
       1
       1
       3
       2
       4
       3
       2
       4
       0
       2
       2
       1
       2
       3
       3
       2
       2
       2
       3
       0
       2
       0
       4
       2
       0
       1
       2
       2
       7
       3
       2
       3
       0
       2
       4
       1
       2
       0
       2
       0
       0
       2
       1
       1
       2
       0
       2
       2
       1
       3
       2
       0
       5
       7
       0
       1
       2
       3
       1
       6
       2
       3
       4
       5
       1
       2
       0
       2
       2
       0
       2
       0
       1
       5
       2
       2
       1
       1
       0
       2
       1
       0
       1
       1
       0
       0
       2
       2
       2
       0
       2
       1
       1
       0
       0
       0
       0
       2
       1
       2
       1
       1
       2
       1
       1
       2
       1
       1
       1
       3
       1
       2
       4
       2
       2
       3
       0
       1
       2
       2
       2
       1
       4
       5
       1
       1
       0
       1
       1
       1
       3
       1
       1
       0
       1
       0
       2
       0
       1
       1
       1
       0
       0
       2
       0
       0
       2
       1
       0
       1
       0
       1
       1
       2
       0
       1
       0
       0
       0
       0
       0
       0
       2
       1
       1
       1
       3
       2
       2
       0
       0
       0
       0
       0
       0
       0
       0
       0
       0
       0
       0
       0
       0
       0
       0
       0
       0
       0
       0
       0
       0
       0
       0
       0
       0
       0
       0
       0
       0
       0
       0
       0
       0
       0
       0
       0
       0
       0
       0
       0
       0
       0
       0
       0
       0
       0
       0
       0
       0
       0
       0
       0
       0
       0
       0
       0
       0
       0
       0
       0
       0
       0
       0
       0
       0
       0
       0
       0
       0
       0
       0
       0
       0
       0
       0
       0
       0
       0
       0
       0
       0
       0
       0
       0
       0
       0
       0
       0
       0
       0
       0
       0
       0
       0
       0
       0
       0
       0
       0
       0
       0
       0
       0
       0
       0
       0
       0
       0
       0
       0
       0
       0
       0
       0
       0
       0
       0
       0
       0
       0
       0
       0
       0
       0
       0
       0
       0
       0
       0
       0
       0
       0
       0
       0
       0
       0
       0
       0
       0
       0
       0
       0
       0
       0
       0
       0
       0
       0
       0
       0
       0
       0
       0
       0
       0
       0
       0
       0
       0
       0
       0
       0
       0
       0
       0
       0
       0
       0
       0
       0
       0
       0
       0
       0
       0
       0
       0
       0
       0
       0
       0
       0
       0
       0
       0
       0
       0
       0
       0
       0
       0
       0
       0
       0
       0
       0
       0
       0
       0
       0
       0
       0
       0
       0
       0
       0
       0
       0
       0
       0
       0
       0
       0
       0
       0
       0
       0
       0
       0
       0
       0
       0
       0
       0
       0
       0
       0
       0
       0
       0
       0
       0
       0
       0
       0
       0
       0
       0
       0
       0
       0
       0
       0
       0
       0
       0
       0
       0
       0
       0
       0
       0
       0
       0
       0
       0
       0
       0
       0
       0
       0
       0
       0
       0
       0
       0
       0
       0
       0
       0
       0
       0
       0
$ROI:
1
849 850
$PRESETS:
Live Time
999999
0
$ENER_FIT:
0.000000 0.749264
$MCA_CAL:
3
0.000000E+000 7.492638E-001 0.000000E+000 keV
$SHAPE_CAL:
3
0.000000E+000 0.000000E+000 0.000000E+000
