$SPEC_ID:
none
$SPEC_REM:
DET# 1
DETDESC# GRAD-LAB Easy-MCA-2k SN 14163589
AP# Maestro Version 7.01
$DATE_MEA:
10/03/2016 12:14:39
$MEAS_TIM:
116 116
$DATA:
0 2047
       0
       0
       0
       0
       0
       0
       0
       0
       0
       0
       0
       0
       0
       0
       0
       0
       0
       8
      27
      43
      35
      42
      26
      31
      35
      31
      35
      30
      32
      37
      32
      33
      40
      35
      36
      34
      32
      33
      44
      29
      34
      29
      39
      37
      45
      46
      37
      35
      38
      36
      40
      34
      41
      31
      37
      33
      31
      47
      42
      46
      45
      37
      34
      52
      48
      50
      35
      45
      42
      41
      38
      44
      39
      42
      44
      48
      39
      44
      35
      48
      50
      46
      41
      63
      39
      48
      49
      41
      54
      40
      57
      42
      45
      49
      56
      38
      38
      60
      49
      56
      37
      51
      36
      45
      45
      45
      58
      38
      45
      32
      49
      50
      45
      58
      45
      41
      49
      76
      51
      54
      50
      47
      61
      62
      44
      61
      77
      67
      57
      63
      76
      74
      75
      66
      66
      77
      77
      88
      64
      85
      68
      91
      83
      75
      81
      95
      68
     103
      84
      72
      81
      81
      68
      73
      72
      79
      72
      80
      70
      54
      65
      58
      56
      69
      56
      71
      59
      56
      69
      60
      63
      53
      70
      56
      52
      54
      73
      60
      54
      68
      74
      59
      47
      63
      50
      57
      56
      51
      60
      61
      51
      54
      51
      52
      53
      57
      60
      70
      77
      67
      67
      45
      61
      58
      55
      63
      56
      56
      56
      75
      57
      55
      53
      56
      74
      77
      59
      67
      72
      66
      56
      70
      63
      51
      63
      62
      67
      68
      63
      56
      65
      64
      65
      69
      57
      70
      55
      59
      69
      82
      71
      59
      69
      64
      55
      59
      71
      56
      72
      70
      70
      91
      66
      58
      63
      68
      81
      69
      61
      74
      77
      65
      68
      73
      70
      70
      67
      78
      79
      69
      76
      68
      80
      61
      68
      81
      69
      78
      69
      78
      66
      79
      81
      57
      78
      80
      81
      74
      60
     103
      64
      73
      98
      79
      88
      88
      90
      94
      89
      81
      93
      92
      80
      95
      86
     106
     101
      88
     105
      98
      94
     109
     112
      78
      88
     105
      93
      96
     112
     111
     103
      86
     117
     103
      94
     101
     121
     109
     113
     103
     101
     107
      91
      97
     116
     101
     112
     109
     101
      89
      84
      97
      85
     100
     104
      90
     100
     106
      91
      88
     113
     102
     107
      96
     109
      91
      89
     100
      94
     113
     101
      98
     100
     101
      74
      93
     111
     106
      90
     109
     104
      92
      87
     112
     107
      96
      98
      95
      82
      92
      86
     100
      99
      96
      97
     103
     117
      94
      98
      81
     116
      83
      88
      94
     102
      82
      92
      97
      90
      86
      83
      95
      92
      84
      85
      83
      94
     113
      92
      86
      96
      81
      93
      71
     103
      86
      77
      88
      87
      90
     109
      81
     120
      94
      86
      90
      76
      86
      91
      88
      90
      98
      98
      91
      89
      75
      81
      94
      77
      81
      91
      92
      90
      98
      78
      93
      90
      89
      59
      87
      84
      87
      84
      88
      89
      93
      84
      95
      72
      95
      98
      93
      71
      88
      80
      80
      93
      91
      76
      99
     100
      78
      91
      88
      91
      99
      92
      85
      83
      90
      80
      86
      92
      82
      86
      69
     109
     110
     122
      82
      81
      95
      95
      99
      77
      94
      76
      72
      95
      91
     100
      89
      84
      90
      93
      87
      76
      89
      66
      91
      88
      82
      88
      77
      79
      75
      92
      87
      89
      98
      90
      88
      97
      83
      94
      89
      79
      80
      80
      95
      90
      67
      88
      85
      96
     100
      86
      85
     111
      85
      98
      83
     104
      90
      82
      91
      95
      95
      86
      86
     105
      94
      95
      93
     101
      83
      76
      85
      79
      97
     107
      94
      93
      99
      92
      86
     105
      97
      83
      83
      84
     107
      89
      87
     100
      90
      91
      77
      93
      94
      88
      94
     102
      90
      93
      90
      95
      73
      90
     104
      89
      98
      96
     109
     100
      68
     106
     101
     105
      91
      95
      99
     102
     105
     102
      94
      89
      91
     126
      95
     105
     102
      95
      95
      89
     104
      98
     103
     120
     127
      90
      99
      87
     104
      84
     112
     120
      99
      87
      95
     103
     106
      90
     109
     107
      97
      89
      87
     101
      79
      71
      90
     109
      80
      96
      91
      78
      87
     102
      66
     102
      93
      71
      82
      71
      78
      85
      64
      67
      78
      62
      71
      63
      69
      83
      86
      83
      66
      78
      73
      61
      54
      55
      60
      64
      68
      60
      51
      54
      52
      53
      57
      57
      58
      61
      59
      63
      58
      48
      44
      69
      39
      57
      45
      43
      47
      41
      52
      52
      52
      28
      63
      36
      55
      50
      55
      55
      43
      56
      51
      49
      43
      54
      35
      24
      38
      45
      58
      47
      47
      48
      40
      52
      43
      43
      35
      45
      37
      42
      43
      42
      38
      55
      31
      38
      42
      43
      38
      28
      41
      35
      43
      39
      36
      36
      35
      38
      40
      44
      33
      34
      44
      44
      34
      38
      36
      28
      27
      40
      36
      44
      45
      36
      39
      40
      37
      30
      44
      28
      27
      35
      39
      27
      32
      27
      39
      36
      33
      49
      34
      36
      40
      33
      35
      35
      39
      36
      42
      37
      45
      30
      36
      40
      56
      32
      27
      34
      39
      28
      37
      34
      29
      31
      29
      49
      38
      38
      38
      35
      44
      46
      42
      38
      38
      39
      33
      42
      51
      36
      54
      63
      50
      37
      55
      48
      46
      41
      52
      52
      60
      55
      81
      70
      74
      85
      72
      79
      86
      68
      92
      74
      97
     120
     107
     119
     134
     157
     152
     159
     129
     173
     150
     182
     166
     193
     185
     199
     211
     228
     257
     262
     251
     309
     279
     280
     343
     318
     340
     359
     343
     402
     362
     395
     447
     443
     425
     466
     460
     505
     521
     521
     471
     491
     542
     521
     503
     557
     543
     571
     559
     582
     598
     564
     575
     629
     606
     652
     648
     602
     568
     631
     596
     599
     582
     610
     588
     579
     589
     600
     573
     602
     596
     553
     547
     525
     507
     531
     560
     529
     490
     511
     508
     485
     460
     446
     459
     425
     437
     441
     424
     409
     380
     365
     374
     356
     375
     324
     340
     331
     322
     312
     307
     338
     280
     298
     269
     252
     258
     240
     253
     234
     248
     195
     199
     202
     220
     194
     202
     157
     188
     170
     157
     139
     180
     142
     159
     134
     157
     114
      94
     114
     127
     121
     112
     104
      99
     120
     103
      78
      84
      88
      83
      67
      67
      71
      56
      63
      61
      39
      54
      64
      33
      56
      36
      46
      30
      34
      39
      30
      31
      36
      30
      27
      29
      17
      29
      21
      21
      20
      12
      14
      16
      11
      22
      12
      18
      14
      11
      11
      15
       8
      19
       8
      11
       9
       9
       6
       4
       5
       3
       4
       3
       5
       3
       6
       4
       3
       2
       2
       2
       3
       4
       4
       2
       3
       2
       3
       4
       1
       3
       3
       1
       3
       4
       2
       2
       0
       1
       4
       3
       1
       2
       2
       2
       3
       3
       1
       1
       1
       2
       3
       2
       1
       1
       1
       2
       0
       3
       2
       2
       1
       1
       1
       0
       1
       1
       1
       2
       3
       2
       0
       0
       3
       0
       1
       2
       0
       1
       0
       2
       2
       2
       0
       0
       2
       0
       3
       2
       0
       1
       0
       0
       0
       0
       1
       0
       0
       2
       1
       0
       1
       0
       1
       1
       2
       0
       1
       1
       2
       1
       1
       1
       0
       2
       0
       3
       1
       2
       1
       3
       1
       1
       0
       0
       2
       0
       2
       3
       3
       1
       0
       0
       0
       2
       0
       0
       0
       3
       2
       0
       0
       2
       1
       0
       1
       0
       0
       0
       1
       2
       1
       3
       1
       3
       2
       2
       2
       1
       1
       1
       1
       1
       2
       1
       0
       3
       1
       6
       2
       0
       2
       0
       0
       1
       1
       0
       2
       1
       0
       1
       2
       0
       1
       1
       1
       1
       3
       4
       1
       0
       3
       1
       1
       0
       0
       1
       0
       1
       1
       0
       0
       2
       4
       1
       1
       0
       0
       4
       0
       0
       3
       2
       4
       1
       3
       0
       0
       0
       0
       0
       0
       2
       0
       1
       1
       1
       2
       1
       0
       1
       1
       2
       0
       3
       0
       1
       3
       0
       2
       1
       2
       0
       1
       0
       1
       0
       0
       0
       0
       1
       0
       1
       1
       2
       0
       1
       3
       0
       2
       7
       0
       0
       1
       1
       1
       1
       0
       1
       0
       0
       0
       0
       1
       1
       0
       1
       0
       1
       1
       0
       0
       4
       1
       2
       0
       0
       0
       0
       2
       3
       0
       0
       2
       0
       1
       2
       0
       1
       0
       2
       1
       0
       1
       0
       1
       0
       0
       1
       0
       1
       0
       0
       0
       0
       0
       3
       2
       1
       0
       3
       2
       2
       0
       1
       1
       0
       1
       1
       2
       0
       1
       1
       0
       2
       0
       1
       2
       0
       1
       1
       0
       5
       1
       1
       1
       0
       3
       1
       0
       0
       2
       2
       0
       2
       0
       2
       0
       0
       1
       2
       0
       2
       1
       1
       0
       2
       0
       1
       2
       0
       0
       0
       2
       1
       2
       1
       2
       2
       0
       0
       2
       0
       0
       0
       2
       0
       1
       1
       1
       2
       0
       1
       1
       1
       0
       0
       0
       0
       2
       2
       0
       2
       2
       0
       0
       0
       1
       2
       1
       0
       0
       2
       0
       0
       1
       0
       1
       2
       0
       3
       2
       0
       1
       1
       0
       2
       1
       1
       1
       0
       1
       2
       0
       1
       0
       1
       0
       1
       1
       1
       1
       0
       0
       1
       0
       2
       0
       2
       0
       0
       0
       2
       0
       1
       0
       0
       1
       2
       1
       0
       0
       1
       1
       0
       2
       3
       1
       0
       1
       0
       2
       0
       0
       0
       1
       0
       1
       1
       0
       0
       3
       1
       3
       1
       1
       1
       0
       0
       1
       0
       1
       2
       0
       1
       1
       0
       2
       1
       0
       2
       2
       2
       0
       0
       0
       0
       0
       3
       0
       1
       0
       1
       0
       1
       0
       0
       1
       0
       2
       0
       0
       1
       1
       0
       0
       0
       2
       1
       0
       1
       0
       0
       2
       2
       1
       0
       1
       1
       0
       0
       0
       1
       1
       1
       0
       1
       0
       0
       0
       0
       1
       0
       2
       1
       0
       0
       1
       0
       0
       4
       1
       0
       1
       1
       1
       0
       0
       2
       1
       0
       3
       0
       1
       0
       0
       1
       0
       0
       0
       2
       3
       0
       0
       0
       0
       1
       0
       2
       0
       1
       0
       0
       0
       1
       0
       1
       1
       1
       2
       0
       0
       4
       0
       0
       1
       0
       1
       2
       1
       0
       1
       1
       1
       0
       3
       0
       0
       0
       0
       2
       2
       3
       6
       0
       3
       0
       2
       0
       0
       1
       2
       1
       0
       0
       1
       1
       1
       0
       1
       6
       1
       0
       2
       1
       1
       2
       1
       1
       2
       2
       2
       0
       0
       2
       1
       1
       1
       0
       0
       0
       3
       0
       3
       2
       1
       1
       1
       0
       0
       1
       3
       0
       2
       0
       1
       0
       1
       4
       1
       0
       0
       0
       0
       0
       0
       1
       1
       0
       0
       2
       1
       0
       1
       1
       0
       0
       1
       1
       0
       4
       0
       5
       3
       2
       0
       0
       0
       0
       1
       0
       0
       2
       2
       3
       0
       1
       2
       1
       0
       1
       2
       1
       0
       0
       0
       0
       1
       1
       0
       0
       0
       1
       1
       0
       2
       3
       0
       1
       0
       0
       0
       0
       0
       0
       0
       1
       0
       0
       1
       1
       1
       1
       1
       0
       0
       0
       0
       0
       0
       0
       0
       0
       0
       0
       0
       0
       0
       0
       0
       0
       0
       0
       0
       0
       0
       0
       0
       0
       0
       0
       0
       0
       0
       0
       0
       0
       0
       0
       0
       0
       0
       0
       0
       0
       0
       0
       0
       0
       0
       0
       0
       0
       0
       0
       0
       0
       0
       0
       0
       0
       0
       0
       0
       0
       0
       0
       0
       0
       0
       0
       0
       0
       0
       0
       0
       0
       0
       0
       0
       0
       0
       0
       0
       0
       0
       0
       0
       0
       0
       0
       0
       0
       0
       0
       0
       0
       0
       0
       0
       0
       0
       0
       0
       0
       0
       0
       0
       0
       0
       0
       0
       0
       0
       0
       0
       0
       0
       0
       0
       0
       0
       0
       0
       0
       0
       0
       0
       0
       0
       0
       0
       0
       0
       0
       0
       0
       0
       0
       0
       0
       0
       0
       0
       0
       0
       0
       0
       0
       0
       0
       0
       0
       0
       0
       0
       0
       0
       0
       0
       0
       0
       0
       0
       0
       0
       0
       0
       0
       0
       0
       0
       0
       0
       0
       0
       0
       0
       0
       0
       0
       0
       0
       0
       0
       0
       0
       0
       0
       0
       0
       0
       0
       0
       0
       0
       0
       0
       0
       0
       0
       0
       0
       0
       0
       0
       0
       0
       0
       0
       0
       0
       0
       0
       0
       0
       0
       0
       0
       0
       0
       0
       0
       0
       0
       0
       0
       0
       0
       0
       0
       0
       0
       0
       0
       0
       0
       0
       0
       0
       0
       0
       0
       0
       0
       0
       0
       0
       0
       0
       0
       0
       0
       0
       0
       0
       0
       0
       0
       0
       0
       0
       0
       0
       0
       0
       0
       0
       0
       0
       0
       0
       0
       0
       0
       0
       0
       0
       0
$ROI:
1
849 850
$PRESETS:
Live Time
999999
0
$ENER_FIT:
0.000000 0.749264
$MCA_CAL:
3
0.000000E+000 7.492638E-001 0.000000E+000 keV
$SHAPE_CAL:
3
0.000000E+000 0.000000E+000 0.000000E+000
