$SPEC_ID:
none
$SPEC_REM:
DET# 1
DETDESC# GRAD-LAB Easy-MCA-2k SN 14163589
AP# Maestro Version 7.01
$DATE_MEA:
09/21/2016 12:24:45
$MEAS_TIM:
288 288
$DATA:
0 2047
       0
       0
       0
       0
       0
       1
       1
       1
       3
       2
       3
       5
       3
       1
       3
       2
       0
       9
      44
      25
      22
      32
      31
      34
      30
      23
      18
      28
      25
      27
      19
      33
      32
      23
      26
      36
      32
      25
      28
      35
      22
      34
      37
      37
      34
      26
      27
      43
      40
      33
      30
      46
      35
      38
      49
      50
      42
      39
      30
      44
      40
      54
      41
      54
      41
      37
      43
      41
      45
      40
      39
      45
      45
      45
      44
      41
      37
      55
      50
      47
      52
      50
      40
      55
      58
      62
      44
      46
      56
      52
      48
      60
      55
      54
      50
      44
      44
      49
      50
      52
      49
      50
      53
      63
      59
      50
      48
      54
      38
      51
      51
      65
      72
      67
      57
      80
      67
      64
      87
      92
      87
     106
     130
     120
     120
     129
     154
     143
     177
     180
     159
     187
     206
     226
     206
     233
     209
     230
     224
     225
     208
     223
     219
     187
     181
     173
     171
     184
     181
     164
     140
     165
     141
     126
     123
     132
     119
     114
     128
     102
     115
     112
     120
     105
      96
      86
      88
      69
      91
      80
      81
      67
      77
      76
      67
      68
      77
      66
      71
      78
      77
      64
      78
      52
      75
      84
      66
      60
      74
      56
      84
      72
      80
      68
      81
      81
      71
      75
      77
      62
      81
      70
      65
      85
      79
      68
      87
      81
      63
      62
      66
      81
      76
      83
      81
      79
      75
      79
      62
      79
      75
      80
      58
      94
      70
      70
      67
      82
      77
      63
      64
      61
      71
      73
      80
      81
      90
      69
      66
      77
      89
      73
      88
      74
      73
      80
      77
      75
      64
      57
      75
      69
      66
      84
      83
      73
      84
      76
      71
      78
      87
      78
      72
      83
      76
      66
      76
      70
      63
      77
      74
      77
      77
      74
      72
      73
      63
      86
      75
      90
      80
      72
      69
      78
      76
      82
      88
      80
      78
      79
      85
      67
      74
      79
      94
     101
      86
      66
      88
      89
      74
      88
     103
      83
      74
      91
      99
      79
      97
     101
      97
      99
      80
      80
      92
      92
     109
      95
     102
      86
      94
      96
     104
     106
      90
      89
      92
      81
     114
      98
      97
      93
      84
      99
      99
      87
      72
      85
      99
      94
      95
      99
      99
      87
      99
      74
      86
      78
      96
      99
      79
      82
      97
      92
      97
      97
      95
      89
      79
      82
      91
      82
      98
      82
      76
      81
      91
      87
      72
     104
      74
      76
      87
      92
      93
      86
      96
      85
      95
      89
      98
      76
      69
      92
      88
      87
      68
      70
      80
     100
      72
      79
      80
      73
      94
      92
      90
      76
      76
      66
      90
      82
      87
      81
      72
      69
     101
      61
      82
      89
      84
      65
      78
      72
      98
      79
      74
      70
      74
      60
      69
      54
      68
      74
      67
      74
      74
      68
      76
      78
      70
      78
      79
      77
      87
      73
      87
      58
      71
      78
      53
      76
      74
      89
      76
      69
      74
      56
      66
      71
      72
      69
      73
      50
      75
      68
      69
      71
      60
      73
      74
      77
      58
      72
      69
      70
      69
      74
      88
      70
      60
      75
      68
      89
      57
      62
      68
      57
      62
      70
      72
      66
      68
      71
      67
      79
      73
      72
      63
      64
      70
      70
      70
      67
      60
      66
      66
      88
      66
      66
      74
      66
      75
      56
      64
      70
      73
      71
      68
      54
      68
      71
      61
      78
      57
      72
      69
      41
      67
      72
      54
      67
      80
      68
      65
      58
      62
      70
      77
      58
      77
      70
      71
      71
      83
      69
      61
      58
      63
      69
      70
      79
      73
      56
      68
      67
      66
      65
      69
      69
      80
      52
      70
      59
      64
      67
      69
      79
      58
      59
      79
      62
      63
      62
      70
      84
      81
      66
      69
      67
      74
      72
      70
      75
      84
      45
      60
      68
      52
      72
      56
      60
      71
      62
      75
      78
      61
      67
      68
      61
      57
      76
      68
      76
      66
      62
      72
      63
      63
      60
      72
      62
      70
      67
      63
      70
      58
      45
      89
      62
      73
      60
      66
      64
      70
      62
      59
      72
      63
      66
      57
      56
      70
      70
      55
      55
      51
      49
      62
      56
      59
      58
      56
      70
      53
      71
      46
      58
      69
      47
      57
      53
      53
      65
      62
      59
      70
      64
      54
      68
      52
      47
      39
      52
      54
      53
      56
      54
      47
      71
      54
      56
      40
      66
      46
      56
      60
      60
      55
      58
      55
      56
      43
      56
      46
      54
      51
      38
      60
      57
      42
      50
      46
      64
      50
      57
      51
      53
      57
      57
      56
      53
      61
      60
      52
      44
      59
      49
      48
      44
      48
      51
      46
      55
      67
      68
      53
      55
      60
      59
      52
      50
      50
      52
      49
      60
      45
      52
      52
      54
      45
      57
      57
      55
      42
      53
      60
      61
      57
      57
      59
      57
      64
      53
      53
      54
      57
      56
      66
      56
      65
      55
      54
      57
      54
      52
      64
      63
      44
      65
      49
      59
      50
      70
      53
      63
      66
      69
      40
      55
      70
      63
      75
      59
      58
      66
      54
      73
      79
      52
      68
      61
      77
      53
      63
      62
      72
      65
      64
      78
      70
      61
      69
      81
      70
      72
      67
      57
      62
      69
      70
      70
      70
      60
      83
      59
      65
      66
      61
      81
      69
      73
      89
      59
      75
      75
      62
      87
      64
      73
      60
      61
      70
      69
      91
      73
      55
      83
      72
      71
      69
      73
      80
      81
      85
      88
      75
      85
      77
      76
      83
      76
      67
      78
      84
      84
      70
      78
      86
      91
      71
      75
      81
     110
      84
      88
      92
      78
      86
      78
      71
      82
      91
      90
      99
      87
      85
      90
      92
      80
      84
      81
      70
      95
      75
      89
      83
      83
      72
      57
      79
      74
      81
      80
      89
      90
      74
      81
      69
      78
      66
      70
      59
      66
      73
      78
      70
      59
      63
      54
      72
      41
      72
      56
      47
      67
      65
      67
      47
      41
      36
      50
      50
      41
      52
      31
      39
      41
      42
      40
      33
      37
      34
      39
      29
      21
      27
      17
      21
      24
      21
      20
      22
      21
      20
      26
      22
      22
      21
       5
      17
      15
      13
      14
      16
      15
      18
      15
      14
      10
      15
       9
      14
      12
      12
       9
      12
       9
       8
      11
      10
      10
      10
       6
       6
       8
       7
       9
       8
      10
       7
       4
       4
       8
       4
       8
       9
       5
       5
       7
       3
       3
       5
       5
       5
       5
       3
       5
       3
       5
       3
       4
       2
       4
       4
       3
       4
       3
       5
       3
       8
       2
       7
       6
       5
       3
       2
       2
       5
       6
       6
       2
       0
       5
       3
       2
       2
       3
       2
       5
       4
       4
       4
       3
       3
       4
       4
       3
       1
       5
       7
       2
       7
       7
       5
       4
       2
       4
       3
       4
       6
       2
       8
       3
       5
       4
       3
       2
       4
       1
       2
       2
       3
       5
       5
       4
       5
       6
       2
       1
       4
       3
       6
       5
       5
       4
       2
       1
       5
       3
       2
       1
       3
       3
       4
       3
       1
       5
       7
       4
       3
       3
       7
       2
       4
       7
       5
       2
       5
       6
       3
       2
       3
       3
       4
       5
       3
       2
       4
       8
       3
       3
       4
       1
       5
       4
       3
       2
       0
       5
       2
       0
       2
       2
       7
       0
       1
       0
       5
       3
       2
       2
       2
       4
       3
       4
       1
       5
       4
       2
       4
       3
       3
       2
       1
       4
       3
       4
       2
       6
       2
       4
       6
       1
       4
       2
       6
       2
       3
       5
       4
       4
       1
       5
       1
       5
       1
       2
       2
       4
       3
       5
       5
       0
       0
       4
       3
       4
       3
       1
       8
       4
       1
       1
       2
       0
       1
       4
       3
       3
       1
       0
       6
       3
       7
       4
       2
       4
       3
       2
       1
       1
       1
       3
       2
       2
       2
       3
       3
       0
       1
       6
       4
       4
       3
       2
       2
       7
       1
       5
       2
       5
       6
       2
       6
       3
       3
       8
       4
       2
       2
       1
       4
       1
       5
       7
       1
       3
       4
       3
       1
       2
       1
       5
       3
       3
       2
       3
       1
       3
       1
       2
       2
       5
       5
       3
       3
       0
       2
       3
       7
       1
       3
       2
       4
       4
       1
       5
       5
       2
       4
       4
       3
       1
       3
       3
       2
       5
       3
       1
       1
       7
       0
       1
       1
       2
       3
       5
       4
       0
       5
       6
       5
       3
       2
       3
       3
       4
       6
       1
       4
       3
       1
       1
       4
       4
       4
       2
       2
       3
       2
       1
       1
       0
       4
       1
       3
       3
       3
       2
       4
       2
       2
       4
       5
       4
       2
       3
       2
       3
       1
       0
       2
       3
       4
       4
       6
       1
       3
       2
       1
       1
       0
       4
       3
       0
       3
       1
       1
       0
       1
       1
       8
       2
       2
       2
       5
       6
       3
       6
       2
       4
       1
       6
       4
       2
       3
       3
       1
       3
       3
       2
       7
       2
       1
       1
       2
       5
       4
       2
       0
       2
       4
       5
       3
       1
       3
       2
       3
       3
       2
       1
       2
       1
       0
       0
       4
       3
       0
       1
       2
       2
       4
       2
       2
       1
       1
       2
       0
       4
       2
       1
       1
       1
       1
       2
       4
       1
       1
       3
       3
       3
       1
       1
       2
      10
       1
       2
       1
       2
       1
       3
       1
       1
       2
       4
       1
       2
       5
       5
       2
       3
       2
       3
       1
       0
       4
       1
       1
       1
       1
       1
       1
       1
       3
       4
       4
       0
       2
       5
       1
       5
       1
       2
       2
       2
       1
       1
       3
       3
       1
       3
       2
       1
       2
       3
       0
       2
       2
       1
       2
       2
       1
       1
       1
       2
       4
       2
       1
       3
       1
       0
       1
       0
       2
       1
       3
       2
       3
       2
       1
       1
       4
       1
       2
       1
       0
       2
       1
       3
       2
       0
       1
       4
       1
       2
       1
       2
       1
       1
       2
       1
       1
       0
       1
       2
       2
       0
       4
       2
       1
       1
       0
       2
       1
       1
       1
       2
       1
       0
       4
       1
       2
       1
       2
       1
       2
       0
       2
       1
       0
       3
       1
       2
       1
       1
       0
       0
       0
       0
       1
       3
       1
       2
       1
       2
       2
       0
       1
       2
       2
       1
       2
       2
       1
       0
       1
       0
       1
       6
       1
       1
       3
       1
       1
       0
       1
       1
       0
       0
       0
       1
       1
       1
       3
       1
       2
       4
       0
       1
       3
       0
       2
       2
       1
       2
       4
       0
       2
       3
       2
       1
       2
       3
       3
       2
       1
       1
       2
       1
       4
       2
       0
       5
       2
       2
       3
       3
       2
       4
       3
       1
       3
       1
       1
       0
       1
       3
       2
       1
       2
       2
       1
       1
       0
       1
       1
       3
       4
       3
       2
       4
       1
       3
       0
       5
       2
       2
       2
       2
       0
       1
       0
       2
       1
       1
       3
       2
       4
       3
       2
       1
       2
       3
       2
       3
       2
       1
       2
       4
       0
       2
       4
       0
       3
       1
       0
       2
       4
       1
       2
       2
       1
       3
       2
       2
       2
       2
       1
       2
       2
       4
       2
       2
       1
       6
       3
       1
       2
       0
       2
       3
       4
       3
       0
       5
       2
       1
       1
       0
       2
       5
       2
       3
       2
       3
       1
       0
       2
       2
       1
       3
       2
       2
       2
       0
       1
       1
       0
       1
       0
       0
       0
       2
       2
       3
       2
       1
       1
       0
       1
       0
       0
       4
       3
       0
       0
       3
       1
       1
       2
       2
       2
       1
       2
       0
       2
       1
       2
       1
       0
       2
       2
       3
       1
       1
       1
       3
       1
       1
       0
       0
       0
       0
       0
       1
       1
       0
       1
       1
       0
       1
       0
       2
       0
       0
       0
       0
       1
       0
       0
       0
       0
       0
       0
       0
       0
       0
       0
       0
       0
       0
       0
       0
       0
       0
       0
       0
       0
       0
       0
       0
       0
       0
       0
       0
       0
       0
       0
       0
       0
       0
       0
       0
       0
       0
       0
       0
       0
       0
       0
       0
       0
       0
       0
       0
       0
       0
       0
       0
       0
       0
       0
       0
       0
       0
       0
       0
       0
       0
       0
       0
       0
       0
       0
       0
       0
       0
       0
       0
       0
       0
       0
       0
       0
       0
       0
       0
       0
       0
       0
       0
       0
       0
       0
       0
       0
       0
       0
       0
       0
       0
       0
       0
       0
       0
       0
       0
       0
       0
       0
       0
       0
       0
       0
       0
       0
       0
       0
       0
       0
       0
       0
       0
       0
       0
       0
       0
       0
       0
       0
       0
       0
       0
       0
       0
       0
       0
       0
       0
       0
       0
       0
       0
       0
       0
       0
       0
       0
       0
       0
       0
       0
       0
       0
       0
       0
       0
       0
       0
       0
       0
       0
       0
       0
       0
       0
       0
       0
       0
       0
       0
       0
       0
       0
       0
       0
       0
       0
       0
       0
       0
       0
       0
       0
       0
       0
       0
       0
       0
       0
       0
       0
       0
       0
       0
       0
       0
       0
       0
       0
       0
       0
       0
       0
       0
       0
       0
       0
       0
       0
       0
       0
       0
       0
       0
       0
       0
       0
       0
       0
       0
       0
       0
       0
       0
       0
       0
       0
       0
       0
       0
       0
       0
       0
       0
       0
       0
       0
       0
       0
       0
       0
       0
       0
       0
       0
       0
       0
       0
       0
       0
       0
       0
       0
       0
       0
       0
       0
       0
       0
       0
       0
       0
       0
       0
       0
       0
       0
       0
       0
       0
       0
       0
       0
       0
       0
       0
$ROI:
1
849 850
$PRESETS:
Live Time
999999
0
$ENER_FIT:
0.000000 0.749264
$MCA_CAL:
3
0.000000E+000 7.492638E-001 0.000000E+000 keV
$SHAPE_CAL:
3
0.000000E+000 0.000000E+000 0.000000E+000
