$SPEC_ID:
none
$SPEC_REM:
DET# 1
DETDESC# GRAD-LAB Easy-MCA-2k SN 14163589
AP# Maestro Version 7.01
$DATE_MEA:
09/19/2016 12:22:42
$MEAS_TIM:
981 981
$DATA:
0 2047
       0
       0
       0
       0
       0
       0
       2
       3
       3
       0
       0
       2
       1
       1
       2
       7
       3
      14
      35
      43
      40
      92
     117
     200
      68
      44
      16
      25
      30
      26
      23
      25
      23
      22
      19
      20
      23
      24
      25
      23
      25
      20
      22
      31
      31
      24
      24
      36
      34
      38
      34
      37
      36
      33
      31
      40
      25
      44
      32
      30
      45
      36
      35
      28
      29
      33
      36
      34
      31
      28
      31
      35
      33
      44
      45
      28
      44
      44
      38
      39
      50
      62
      42
      35
      41
      38
      41
      43
      47
      57
      33
      50
      48
      43
      45
      56
      53
      51
      44
      54
      55
      56
      61
      51
      74
      73
      57
      80
      78
      81
      77
      92
      84
      97
     114
     101
     112
     123
     112
     147
     129
     142
     126
     139
     164
     151
     153
     170
     168
     159
     175
     151
     155
     135
     162
     147
     141
     143
     133
     150
     142
     174
     147
     133
     125
     133
     111
     138
     101
     116
     142
     122
     121
     114
     112
     117
      97
     105
     119
     121
      98
     106
      85
      92
     110
     102
     102
      93
     103
     119
     100
     127
     113
      95
     118
     106
     103
     102
      98
     101
      98
     108
     108
     115
     110
     115
     105
     124
     112
     108
     100
     113
     101
     108
      95
      99
     101
      99
     105
      93
     107
      99
     107
      89
     106
      98
      77
     103
      99
     107
     107
      96
      93
     103
      91
      77
     100
      96
     100
      85
      92
     100
      91
     101
      89
     100
      98
      82
      93
      78
      98
      79
      91
      92
      92
      95
      82
      89
      90
      82
      81
     102
      90
     105
      99
      89
     108
      92
      86
      88
      84
      93
      88
      81
      89
      92
      86
      88
      78
      90
      77
      79
      96
      83
      76
      86
      86
      66
      94
      83
      99
      77
      85
      74
      73
      86
      79
      74
      85
      77
      74
     103
      76
      72
      99
      58
      86
      92
      77
      88
      93
      75
      74
      67
      82
      58
      83
      86
      66
      84
      86
      66
      80
      75
      67
      71
      90
      71
      78
      68
      76
      80
      87
      68
      75
      65
      68
      78
      67
      60
      84
      67
      82
      76
      58
      77
      94
      63
      72
      64
      65
      76
      64
      73
      45
      69
      65
      61
      58
      66
      76
      78
      64
      64
      59
      55
      78
      70
      77
      70
      57
      71
      55
      86
      54
      82
      72
      58
      62
      60
      59
      65
      72
      54
      51
      69
      66
      60
      56
      58
      52
      63
      47
      62
      59
      51
      54
      60
      49
      60
      61
      54
      66
      62
      50
      58
      66
      49
      60
      60
      56
      64
      62
      50
      58
      59
      53
      56
      66
      45
      45
      85
      59
      46
      50
      62
      49
      54
      47
      54
      49
      56
      62
      49
      59
      52
      54
      45
      54
      44
      51
      42
      50
      54
      59
      61
      43
      51
      57
      57
      49
      51
      46
      53
      53
      63
      49
      48
      45
      58
      48
      50
      60
      53
      63
      45
      59
      47
      52
      50
      46
      54
      28
      49
      54
      57
      43
      50
      56
      65
      56
      50
      56
      48
      62
      49
      53
      62
      48
      58
      46
      57
      54
      43
      66
      47
      50
      46
      57
      51
      59
      41
      50
      73
      60
      61
      51
      54
      58
      68
      66
      53
      71
      78
      58
      52
      67
      67
      64
      67
      70
      65
      76
      74
      59
      68
      65
      74
      79
      81
      60
      80
      62
      76
      75
      88
      73
      88
      83
      95
      72
      80
      77
      95
      85
      73
      93
      93
      78
      79
      93
      78
      86
     114
      85
     100
      86
     114
      83
      92
     104
      88
     107
      81
     109
      99
      85
     115
     102
      90
      94
      99
     102
      86
      88
      92
      98
      94
      80
     115
      85
     116
      85
      88
      97
      90
      86
      78
      78
      96
      93
      99
      83
      86
      92
     108
      78
      94
      81
      91
      83
      82
      86
      75
      81
      88
      82
      62
      70
      64
      64
      81
      70
      62
      78
      67
      67
      79
      68
      69
      59
      47
      58
      61
      61
      50
      46
      51
      53
      55
      48
      49
      44
      34
      47
      49
      45
      39
      55
      41
      46
      32
      41
      35
      41
      28
      35
      41
      46
      29
      33
      44
      23
      35
      24
      34
      29
      41
      27
      27
      19
      32
      24
      27
      31
      23
      33
      25
      21
      28
      36
      38
      22
      18
      16
      27
      26
      19
      27
      24
      18
      19
      26
      24
      23
      19
      24
      25
      21
      23
      25
      26
      24
      24
      26
      21
      30
      25
      18
      22
      23
      18
      22
      19
      22
      21
      24
      16
      23
      22
      24
      14
      18
      18
      20
      24
      13
      15
      15
      19
      13
      19
      24
      13
      21
      15
      26
      19
      16
      11
      17
      19
      22
      14
      13
      16
      17
      23
      17
      13
      15
      18
      18
      20
      22
      24
      20
      19
      17
      19
      17
      18
      18
      24
      24
      21
      21
      27
      15
      13
      29
      15
      16
      16
      19
      25
      17
      23
      27
      17
      14
      21
      18
      17
      15
      17
      21
      17
      20
      18
      16
      14
      17
      23
      23
      13
      12
      21
      15
      18
      17
      20
      13
      10
      17
      13
      16
      17
      17
      12
      19
      23
      14
      18
      16
      14
      15
      20
      11
      14
      14
      18
      18
      26
      22
      21
      11
      21
      18
      20
      17
      20
      16
      20
      15
      21
      14
      28
      18
      16
      20
      13
      19
      18
      19
      22
      17
      20
      16
      14
      24
      15
      18
      19
      15
      19
      20
      22
      18
      16
      17
      15
      10
      14
      20
      18
      21
      13
      16
      11
      12
      15
      16
      20
      14
      12
      19
       7
      22
      24
      19
      11
      13
      11
      14
      21
      13
      12
      10
      10
      13
      17
      13
      13
      12
      17
      15
      19
      15
      14
       8
       7
      11
      13
      12
       9
      17
       9
      17
       8
      13
       9
      15
      12
      14
      10
      14
      12
      14
       6
      10
      10
       9
      12
       3
      16
      13
      11
      13
      10
      17
      12
      16
      18
       9
      12
      15
      10
      17
      16
      18
       7
      11
      14
      14
      12
      18
      14
      18
       9
      12
       7
      12
       6
      11
      13
      10
      14
      14
      12
      10
       5
      19
      15
       9
       8
      14
       9
       8
      13
      11
      10
       9
      10
       9
      12
      13
      12
      11
      13
      13
      14
      10
       8
       8
      12
      10
      13
      10
      12
       8
      16
       9
      15
      11
       7
      15
       7
      10
      12
      14
      13
       9
      11
      12
      12
      12
      11
      14
      16
      12
       6
      10
      11
       7
       8
      11
      21
      12
      15
       7
      10
       5
      10
       7
      15
      10
      13
      16
      17
      14
       4
       9
      13
       5
      15
      11
       9
      12
      10
       9
       5
       5
      13
      11
      12
       6
      11
      11
      11
      15
       3
      14
      12
      13
       6
      11
      14
       9
      10
      13
       6
       6
      11
       7
      14
       6
       9
      15
       8
      11
       8
       8
      11
       6
       8
       9
       9
       7
      10
       7
      11
       9
      11
      12
       7
       8
      12
      11
      10
      10
      14
      14
      13
      10
       7
       6
      12
      10
       8
       9
       9
      11
       8
       7
      11
      13
      10
      13
       7
      11
       6
       6
      12
      14
       7
      14
      18
      11
       8
      11
      12
       2
      14
       7
       6
      10
       7
       6
      11
       4
      11
      14
       9
       8
       4
      11
       8
      10
      12
      11
      13
      13
      16
       7
      10
       9
       9
      14
      10
       7
      13
       9
       6
       9
      10
       6
       8
       9
      10
      14
       8
      11
       7
      10
       9
      13
       4
       8
      13
       9
      10
       7
      10
      10
      14
      11
       9
      11
       8
       9
      11
      11
      10
      10
      12
      14
       7
       7
      13
       9
      11
      12
      14
      13
       8
       8
      18
      11
       9
       7
       8
      19
       8
       6
       9
       7
       8
      11
      10
      13
       7
      11
      10
      10
       9
      11
      11
      10
      16
       8
      11
       9
      11
       7
      13
       8
       8
      11
      10
      13
      11
      14
      11
      11
      10
      11
      10
       4
      10
      12
       5
       6
      11
       6
       6
       8
      10
      10
      14
       4
      10
       6
      15
      16
       8
       9
      11
      10
      12
       9
      10
       6
      15
      16
       8
      11
       9
      15
       4
       7
       6
      12
      13
       3
       6
       9
      13
       8
       9
      12
      15
      14
      13
       7
       5
      11
      10
      11
       7
      15
      13
      12
       6
       6
       7
       7
      15
       7
      13
      12
      11
       7
       7
       6
       7
       5
      11
      10
       6
      10
       7
       5
       6
      14
       5
       8
       8
       8
       9
      10
      11
       8
       8
       8
       5
      10
       5
      12
       9
      11
       6
       4
       9
       4
      10
       6
       5
       9
       8
      11
       3
       3
       7
       6
       3
       9
      11
      13
       5
       8
       7
       4
       8
      12
       6
      10
      10
       5
       4
       7
      10
       6
       4
       5
       5
      11
       6
       5
       3
       5
       4
       5
       3
       8
       7
       2
       4
       5
       5
       7
       5
       6
       8
       6
       3
       5
       5
       7
       9
       9
       4
       8
       4
       5
       7
       6
       5
       7
       9
       3
       9
       7
       6
       4
       9
       7
       2
       5
       9
       4
       6
       7
       4
       5
       5
       6
       6
       8
       7
       7
       6
       4
       5
       5
       7
       4
       6
       4
       2
       6
       6
       3
       4
       3
       7
       5
       4
       5
       6
       6
       3
       6
       5
       6
       6
       4
       9
       9
       6
       7
       4
       3
       4
       3
       8
      10
       7
       1
       7
       6
       2
       2
       2
       3
       5
       9
       5
      10
       5
       3
       5
       8
       6
       4
      11
       4
       4
       5
       5
       4
       6
       5
       8
       7
      11
       4
       5
       6
       5
      10
       6
       7
       3
       7
       6
       8
      11
       6
       7
       5
       4
       6
       0
       5
       7
       4
       8
       9
       9
       7
       7
       4
       4
      10
       2
       7
       3
       5
       6
       8
      13
       7
       5
       9
      11
       9
      12
       9
       6
       5
       7
       5
      10
       5
       6
      12
       8
      10
       6
       8
       9
       9
       9
       8
      11
       9
       8
       8
      12
      13
      12
       6
      10
      12
      10
      16
       8
      14
       7
       7
       7
      10
       8
      12
       4
       5
       6
      11
      10
      11
       9
       7
      13
       5
      12
      16
       4
      14
       8
       7
       9
      12
       4
       8
       7
       5
       9
       9
      12
      11
       6
      12
       7
       6
       6
      10
      15
       9
      11
      14
       6
       3
      11
       7
       5
       9
       1
       8
       8
       4
       8
       7
      10
       5
       7
       7
       9
      10
       8
      11
       4
       7
       6
       7
       7
       6
       4
       7
       4
       6
       7
       6
      10
       7
       7
       5
       2
       4
       2
       5
       5
       4
       5
       5
       3
       3
       5
       5
       9
       5
       8
       5
       3
       5
       1
       8
       2
       3
       4
       6
       5
       6
       5
       2
       2
       3
       4
       7
       3
       2
       4
       3
       6
       3
       4
       2
       3
       4
       3
       2
       7
       6
       3
       4
       4
       3
       2
       0
       3
       4
       1
       3
       1
       0
       1
       1
       4
       7
       2
       6
       1
       5
       5
       2
       3
       2
       6
       3
       4
       1
       4
       2
       4
       3
       3
       3
       3
       2
       3
       3
       3
       2
       1
       2
       5
       2
       1
       5
       2
       2
       3
       5
       2
       3
       0
       4
       1
       0
       6
       2
       3
       5
       1
       2
       0
       4
       3
       2
       3
       5
       2
       6
       3
       2
       2
       7
       2
       5
       7
       3
       2
       4
       2
       3
       3
       1
       2
       3
       2
       2
       2
       1
       5
       0
       3
       5
       2
       5
       2
       1
       6
       1
       3
       5
       4
       1
       3
       3
       3
       6
       3
       2
       4
       3
       6
       2
       4
       2
       2
       6
       2
       1
       2
       2
       2
       1
       1
       1
       0
       0
       1
       0
       0
       0
       0
       0
       0
       0
       0
       0
       0
       0
       0
       0
       0
       0
       0
       0
       0
       0
       0
       0
       0
       0
       0
       0
       0
       0
       0
       0
       0
       0
       0
       0
       0
       0
       0
       0
       0
       0
       0
       0
       0
       0
       0
       0
       0
       0
       0
       0
       0
       0
       0
       0
       0
       0
       0
       0
       0
       0
       0
       0
       0
       0
       0
       0
       0
       0
       0
       0
       0
       0
       0
       0
       0
       0
       0
       0
       0
       0
       0
       0
       0
       0
       0
       0
       0
       0
       0
       0
       0
       0
       0
       0
       0
       0
       0
       0
       0
       0
       0
       0
       0
       0
       0
       0
       0
       0
       0
       0
       0
       0
       0
       0
       0
       0
       0
       0
       0
       0
       0
       0
       0
       0
       0
       0
       0
       0
       0
       0
       0
       0
       0
       0
       0
       0
       0
       0
       0
       0
       0
       0
       0
       0
       0
       0
       0
       0
       0
       0
       0
       0
       0
       0
       0
       0
       0
       0
       0
       0
       0
       0
       0
       0
       0
       0
       0
       0
       0
       0
       0
       0
       0
       0
       0
       0
       0
       0
       0
       0
       0
       0
       0
       0
       0
       0
       0
       0
       0
       0
       0
       0
       0
       0
       0
       0
       0
       0
       0
       0
       0
       0
       0
       0
       0
       0
       0
       0
       0
       0
       0
       0
       0
       0
       0
       0
       0
       0
       0
       0
       0
       0
       0
       0
       0
       0
       0
       0
       0
       0
       0
       0
       0
       0
       0
       0
       0
       0
       0
       0
       0
       0
       0
       0
       0
       0
       0
       0
       0
       0
       0
       0
       0
       0
       0
       0
       0
       0
       0
       0
       0
       0
       0
       0
       0
       0
       0
$ROI:
1
849 850
$PRESETS:
Live Time
999999
0
$ENER_FIT:
0.000000 0.749264
$MCA_CAL:
3
0.000000E+000 7.492638E-001 0.000000E+000 keV
$SHAPE_CAL:
3
0.000000E+000 0.000000E+000 0.000000E+000
