$SPEC_ID:
none
$SPEC_REM:
DET# 1
DETDESC# GRAD-LAB Easy-MCA-2k SN 14163589
AP# Maestro Version 7.01
$DATE_MEA:
09/26/2016 13:49:35
$MEAS_TIM:
1306 1306
$DATA:
0 2047
       0
       0
       0
       0
       0
       0
       0
       0
       0
       0
       0
       0
       0
       0
       0
       1
       1
       9
      21
      21
      17
      23
      18
      24
      26
      25
      31
      14
      24
      16
      25
      18
      19
      17
      21
      24
      25
      18
      22
      13
      24
      30
      22
      24
      24
      26
      23
      18
      26
      23
      20
      20
      38
      22
      31
      28
      33
      27
      40
      24
      32
      36
      36
      44
      33
      34
      28
      35
      37
      38
      35
      30
      36
      30
      34
      25
      13
      32
      26
      40
      40
      33
      42
      42
      31
      30
      41
      36
      37
      34
      41
      47
      41
      33
      53
      48
      44
      36
      32
      40
      36
      38
      40
      41
      39
      54
      52
      43
      51
      41
      42
      40
      43
      52
      57
      46
      41
      54
      51
      64
      58
      57
      70
      88
      76
      88
     100
     113
      98
     103
     122
     103
     123
     133
     121
     133
     106
     128
     122
     135
     140
     146
     120
     125
     116
     123
     121
     127
     110
     125
      97
     107
     113
      86
      91
      99
     105
     103
      95
     110
      87
      94
      75
      84
      78
      66
      83
      67
      82
      86
      71
      68
      83
      71
      75
      71
      84
      58
      79
      59
      62
      74
      87
      70
      69
      92
      73
      77
      89
      69
      66
      79
      85
      86
      77
      79
      78
      71
      61
      89
      55
      87
      82
      68
      85
      76
      75
      70
      73
      92
      75
      83
      73
      74
      64
      69
      73
      64
      63
      64
      74
      73
      82
      80
      89
      68
      81
      73
      62
      60
      87
      77
      77
      63
      73
      72
      83
      64
      70
      59
      60
      89
      76
      59
      47
      55
      76
      65
      85
      58
      67
      75
      59
      87
      68
      75
      73
      82
      71
      65
      78
      66
      71
      70
      89
      59
      77
      77
      63
      75
      69
      68
      74
      69
      65
      61
      71
      69
      79
      72
      62
      67
      78
      78
      61
      67
      76
      64
      59
      74
      62
      68
      83
      74
      83
      80
      63
      61
      61
      74
      96
      74
      72
      73
      71
      70
      79
      54
      84
      75
      91
      60
      77
      73
      70
      56
      74
      64
      85
      54
      58
      70
      74
      61
      88
      65
      68
      69
      56
      54
      61
      75
      69
      57
      60
      60
      70
      63
      72
      58
      53
      47
      69
      58
      72
      57
      67
      60
      59
      68
      71
      60
      64
      82
      58
      57
      63
      68
      50
      56
      83
      67
      57
      68
      74
      55
      47
      61
      54
      56
      57
      61
      57
      47
      63
      58
      48
      48
      56
      70
      56
      67
      55
      69
      60
      50
      54
      72
      61
      57
      51
      55
      49
      56
      59
      68
      46
      66
      56
      58
      63
      50
      45
      49
      43
      46
      50
      39
      55
      42
      41
      52
      44
      52
      45
      44
      51
      43
      54
      61
      62
      52
      52
      36
      39
      57
      56
      52
      48
      45
      49
      38
      54
      41
      39
      57
      46
      53
      46
      44
      50
      49
      45
      52
      34
      60
      44
      65
      48
      49
      50
      61
      51
      53
      40
      48
      38
      52
      47
      53
      56
      48
      41
      58
      44
      45
      47
      45
      70
      55
      55
      46
      47
      61
      41
      48
      51
      42
      43
      47
      45
      56
      56
      48
      48
      33
      48
      50
      51
      46
      54
      46
      51
      47
      59
      51
      40
      38
      48
      55
      47
      50
      41
      52
      56
      48
      30
      47
      57
      45
      44
      48
      42
      52
      46
      39
      39
      47
      51
      46
      41
      28
      38
      49
      43
      50
      47
      47
      47
      49
      37
      41
      46
      55
      46
      37
      34
      42
      43
      40
      43
      37
      30
      51
      47
      40
      43
      39
      39
      41
      44
      38
      41
      31
      36
      33
      35
      36
      42
      33
      31
      41
      46
      37
      39
      47
      30
      41
      42
      36
      34
      36
      35
      32
      50
      43
      51
      43
      43
      47
      37
      44
      27
      38
      35
      39
      36
      40
      38
      25
      40
      38
      29
      37
      25
      29
      40
      42
      41
      21
      34
      37
      27
      22
      33
      37
      37
      30
      33
      35
      36
      31
      30
      32
      32
      36
      36
      28
      42
      38
      25
      34
      43
      41
      29
      32
      40
      36
      37
      26
      35
      36
      22
      33
      30
      25
      37
      42
      21
      21
      29
      39
      25
      36
      32
      24
      32
      41
      36
      24
      20
      30
      32
      38
      27
      27
      34
      33
      27
      35
      30
      41
      31
      35
      35
      39
      33
      27
      28
      30
      22
      36
      38
      35
      29
      33
      29
      35
      24
      28
      37
      28
      28
      30
      38
      31
      27
      32
      32
      41
      34
      29
      29
      23
      41
      28
      29
      36
      27
      33
      34
      19
      34
      26
      36
      41
      34
      31
      32
      39
      40
      36
      31
      32
      39
      29
      38
      42
      45
      36
      48
      26
      43
      27
      35
      33
      42
      35
      43
      37
      30
      36
      36
      48
      45
      34
      34
      31
      54
      41
      48
      51
      36
      47
      42
      36
      43
      43
      58
      55
      48
      41
      50
      41
      64
      55
      48
      42
      67
      42
      42
      54
      64
      63
      59
      48
      52
      66
      64
      54
      66
      68
      61
      61
      61
      60
      59
      78
      68
      73
      61
      80
      72
      70
      76
      81
      76
      65
      77
      65
      70
      90
      98
      75
      74
      73
      81
      80
      73
      85
      77
      68
      74
      83
      84
      82
      91
      83
      62
      90
      81
      82
      60
      71
      82
      83
      64
      54
      76
      82
      64
      72
      82
      73
      64
      69
      73
      67
      60
      60
      63
      56
      70
      65
      68
      76
      56
      44
      61
      55
      63
      67
      69
      58
      44
      46
      60
      52
      49
      47
      42
      52
      47
      36
      40
      53
      46
      51
      45
      51
      43
      38
      43
      38
      50
      36
      37
      38
      36
      43
      38
      25
      31
      41
      36
      33
      36
      35
      36
      25
      34
      38
      28
      43
      22
      27
      36
      32
      30
      30
      24
      24
      26
      29
      22
      30
      19
      24
      26
      22
      42
      16
      22
      22
      20
      16
      15
      14
      26
      15
      20
      18
      24
      19
      17
      20
      21
      15
      22
      12
      23
      17
      18
      19
      18
      14
      14
      17
      24
      19
      14
      13
      14
      26
      13
      15
      16
      12
      17
      23
      18
      14
      22
      19
      10
      16
      11
      14
      12
      10
      18
      18
      17
      24
      10
      13
      13
      11
      16
      11
      16
      17
      15
       8
      11
      11
      11
      15
      11
      17
      14
      12
      16
      18
      14
      10
      11
      15
      22
      16
      21
       6
      12
      12
      16
      17
       8
      12
      17
      15
      12
      15
      10
      10
      12
       9
      15
      16
       8
      18
      10
      13
      14
      12
      11
       9
      23
      10
      13
      17
      10
      14
      13
      13
      12
      17
       9
      12
      11
      17
      18
       6
      19
      13
       9
      20
       8
      16
      16
      12
      28
      17
      11
      13
       9
      20
       9
      17
      16
      19
      12
      19
      10
       5
      13
      12
      15
       9
       8
      13
       7
       8
      19
       9
      10
      12
      12
      19
      16
      12
      16
       6
      15
      14
       9
      12
       9
      22
      15
      11
       9
      17
      11
      12
      14
      15
      12
       9
      19
      13
      13
      10
      15
       8
      20
      16
      14
       9
      13
      12
      11
      14
      12
      11
      11
      14
      10
       9
      16
      18
      13
      11
      18
       5
      13
       8
      14
      10
      12
      14
      15
      10
      17
      11
      13
      11
      11
      12
       5
      11
      10
      13
       9
      12
       9
       8
      13
       8
      19
       8
      16
      11
       8
      12
      11
      21
       8
      16
       7
      13
       9
       7
      14
       8
      10
      22
      14
      11
      12
      18
      14
       8
      11
      10
       9
      15
      17
      10
      10
       7
      15
       9
       9
      11
      10
      17
      12
      10
      21
      13
      12
      16
      15
      14
      12
      10
      14
      13
      12
       7
      15
      15
       8
       9
       6
       6
      10
       3
       9
       9
      15
      14
      12
      13
      14
       9
       8
      12
      13
      13
      13
       7
      16
      15
      11
      12
      14
      10
       8
       9
      16
      10
      12
      13
      11
      10
       7
       7
      14
      15
      11
      11
      10
      16
      11
      19
       8
      13
      11
      17
      15
      12
       6
      11
      11
       9
      12
      14
       9
      14
       7
      16
      15
       9
      10
      15
      10
      12
      10
      11
       8
      12
       9
       8
      11
      11
      14
      16
       8
      15
      16
      14
      14
      14
       9
      10
      11
       9
      16
      11
       9
      17
       9
      16
      10
       5
      11
      14
      13
      12
      13
      15
       9
      17
       7
      12
      11
      13
      10
       8
      13
      14
      15
      12
      11
      17
       8
      19
      10
       9
      13
      14
      13
      10
      15
      11
      15
      14
      16
      11
       9
      15
      11
      18
      10
      14
      10
      18
      10
      11
      10
      10
      11
      12
       9
       9
      15
      11
      14
      14
      11
      12
      11
      11
      13
      14
      21
      11
       9
       9
      15
      10
       9
       8
       8
      13
       8
      10
      13
      13
      19
       9
      11
      12
      10
      11
       8
       8
      15
      10
      10
      10
       6
      12
      13
       6
       7
      10
       9
       7
       6
       9
       7
      11
      15
      12
       7
      13
       4
       9
      14
      12
      10
      12
       8
      11
      11
       7
      10
       5
      10
      11
      11
      13
      10
      17
      12
       9
       6
      16
      10
       6
       8
      15
       7
      11
      11
       4
       8
      11
       7
       5
      10
       5
       7
       9
       7
      14
       5
      10
       5
      14
       9
      11
      12
       9
      11
       7
       7
       6
       4
       6
       3
       8
       5
       7
      13
       5
       7
      15
       9
      14
      13
       4
       8
       8
      11
       6
       6
       7
       7
       8
       3
       7
       6
      10
       8
      11
      12
       7
      13
       4
       3
      12
       8
       5
       6
       4
      11
       3
       7
       6
       9
      12
       8
       8
       8
       4
       6
       4
      10
       7
       8
       8
       5
       5
      10
      11
       8
       3
       7
       4
       9
       4
       4
       6
       3
       5
       5
       9
       6
       9
       3
       9
       7
      11
       6
       5
       4
      12
      10
       7
       5
       4
       8
       3
       8
       7
      15
       6
       7
      10
       4
       3
       5
       6
      12
       6
       5
       6
      10
       8
       9
       6
       9
       3
       5
       5
       8
       7
       9
       7
       8
       3
       2
       8
       4
       4
       4
       5
       9
       8
       9
       8
       6
       5
      10
       4
       5
       1
      11
       9
       8
       7
       2
       8
       6
       2
       7
       5
       6
       4
       3
       4
       7
       4
      13
       7
       7
       5
       5
       6
      12
      11
       4
       6
       4
       5
       5
       5
       8
       4
      10
      10
      12
       9
      13
      10
      16
      16
       8
       9
       7
      10
       8
       8
       9
      13
       9
       9
      12
      15
      14
      12
      11
      12
      11
      14
      10
      13
      16
       7
      14
       7
       9
      11
      14
      12
      13
      13
      13
       5
      16
      17
       5
      16
      11
      11
      12
      16
      14
       7
      14
      13
      17
      12
      10
      16
      10
      12
      24
      10
       9
       9
      17
      12
      11
       6
      17
      15
      11
      13
      13
      11
       9
      10
      20
      18
      12
      14
      20
      14
      11
       8
      13
      12
      12
      12
       5
       9
       8
       6
       5
       7
      11
       9
      10
       9
       7
       8
       7
       8
       8
       5
       5
       9
       7
      16
       7
       9
       8
       6
       7
       7
       8
       4
       7
      13
       7
       8
       8
      11
       8
       9
       5
       8
       8
       6
      12
      11
       9
       8
       4
      12
       4
       8
       6
       3
       7
       8
       4
       6
       8
       5
       5
       5
       5
       6
       4
       4
       4
       8
       7
       2
       3
       5
       4
       7
       8
       3
       4
       6
       4
       3
       5
       4
       8
       2
       1
       3
       6
       4
       3
       4
       6
       5
       4
       1
       4
       3
       5
       3
       1
       0
       1
       0
       0
       0
       0
       0
       0
       0
       0
       0
       0
       0
       0
       0
       0
       0
       0
       0
       0
       0
       0
       0
       0
       0
       0
       0
       0
       0
       0
       0
       0
       0
       0
       0
       0
       0
       0
       0
       0
       0
       0
       0
       0
       0
       0
       0
       0
       0
       0
       0
       0
       0
       0
       0
       0
       0
       0
       0
       0
       0
       0
       0
       0
       0
       0
       0
       0
       0
       0
       0
       0
       0
       0
       0
       0
       0
       0
       0
       0
       0
       0
       0
       0
       0
       0
       0
       0
       0
       0
       0
       0
       0
       0
       0
       0
       0
       0
       0
       0
       0
       0
       0
       0
       0
       0
       0
       0
       0
       0
       0
       0
       0
       0
       0
       0
       0
       0
       0
       0
       0
       0
       0
       0
       0
       0
       0
       0
       0
       0
       0
       0
       0
       0
       0
       0
       0
       0
       0
       0
       0
       0
       0
       0
       0
       0
       0
       0
       0
       0
       0
       0
       0
       0
       0
       0
       0
       0
       0
       0
       0
       0
       0
       0
       0
       0
       0
       0
       0
       0
       0
       0
       0
       0
       0
       0
       0
       0
       0
       0
       0
       0
       0
       0
       0
       0
       0
       0
       0
       0
       0
       0
       0
       0
       0
       0
       0
       0
       0
       0
       0
       0
       0
       0
       0
       0
       0
       0
       0
       0
       0
       0
       0
       0
       0
       0
       0
       0
       0
       0
       0
       0
       0
       0
       0
       0
       0
       0
       0
       0
       0
       0
       0
       0
       0
       0
       0
       0
       0
       0
       0
       0
       0
       0
       0
       0
       0
       0
       0
       0
       0
       0
       0
       0
       0
       0
       0
       0
       0
       0
       0
       0
       0
       0
       0
       0
       0
       0
       0
       0
       0
       0
       0
       0
       0
$ROI:
1
849 850
$PRESETS:
Live Time
999999
0
$ENER_FIT:
0.000000 0.749264
$MCA_CAL:
3
0.000000E+000 7.492638E-001 0.000000E+000 keV
$SHAPE_CAL:
3
0.000000E+000 0.000000E+000 0.000000E+000
