$SPEC_ID:
none
$SPEC_REM:
DET# 1
DETDESC# GRAD-LAB Easy-MCA-2k SN 14163589
AP# Maestro Version 7.01
$DATE_MEA:
09/12/2016 12:41:14
$MEAS_TIM:
450 450
$DATA:
0 2047
       0
       0
       0
       0
       0
       0
       0
       0
       0
       0
       0
       0
       0
       0
       0
       0
       0
      23
      73
      91
      85
      71
      73
      65
      56
      66
      59
      71
      68
      70
      69
      60
      75
      63
      74
      65
      64
      68
      85
      77
      79
      68
      80
      69
      86
      86
      79
      81
      76
     115
     119
     135
     162
     203
     241
     280
     347
     423
     501
     553
     595
     635
     663
     699
     642
     650
     591
     510
     493
     426
     411
     356
     309
     234
     259
     234
     204
     174
     137
     149
     128
     123
     123
     124
      89
     125
      98
     105
     102
      91
     105
     108
      82
     107
      86
      93
     105
      90
     110
      82
      97
      99
      90
     103
     125
      98
      96
      95
      83
     103
     103
     111
      96
      87
      85
      98
     106
     114
     121
     113
     124
     132
     114
     132
     151
     117
     123
     164
     155
     168
     173
     173
     191
     233
     203
     189
     216
     223
     245
     239
     214
     210
     205
     216
     230
     201
     227
     229
     197
     210
     205
     188
     202
     189
     189
     189
     179
     159
     186
     163
     168
     140
     183
     148
     143
     139
     134
     147
     141
     151
     137
     133
     144
     146
     125
     118
     123
     123
     110
     109
     109
     123
     110
     105
     106
     101
     112
     131
     155
     110
     117
     122
     129
     122
     100
     113
     117
     104
     126
     113
     113
     118
     100
     113
     124
     119
     116
     115
     108
     124
     130
     121
     129
     128
     129
      89
     110
     141
     118
     130
     134
     113
     121
     136
     111
     127
     124
     117
     111
     120
     113
     116
     112
     118
     127
     130
     134
     128
     116
     139
     121
     126
     129
     123
     128
     123
     134
     147
     114
     119
     117
     131
     123
     119
     112
     101
     145
     112
     130
     129
     111
     120
     128
     143
     133
     124
     128
     130
     128
     131
     110
     121
     144
     121
     149
     132
     134
     136
     120
     134
     128
     134
     133
     138
     129
     138
     143
     120
     150
     142
     123
     144
     148
     133
     140
     162
     147
     127
     161
     138
     166
     165
     155
     158
     159
     152
     197
     181
     176
     175
     189
     167
     186
     134
     182
     171
     176
     178
     165
     205
     158
     172
     167
     168
     186
     172
     192
     161
     187
     143
     145
     182
     188
     164
     179
     165
     155
     162
     170
     177
     161
     145
     163
     165
     179
     181
     150
     168
     168
     164
     155
     163
     169
     179
     156
     157
     183
     152
     158
     167
     162
     149
     159
     156
     144
     160
     174
     146
     150
     173
     154
     140
     150
     138
     154
     145
     146
     144
     154
     141
     148
     150
     153
     147
     137
     169
     149
     156
     137
     151
     139
     153
     147
     131
     137
     137
     148
     143
     140
     134
     132
     141
     156
     152
     135
     136
     143
     140
     124
     157
     132
     128
     119
     161
     141
     147
     159
     121
     152
     134
     129
     124
     146
     121
     139
     146
     139
     129
     142
     127
     138
     123
     128
     129
     154
     136
     148
     130
     133
     135
     155
     132
     134
     119
     162
     124
     112
     127
     136
     144
     134
     137
     154
     133
     152
     145
     127
     148
     131
     150
     145
     154
     133
     131
     132
     120
     137
     141
     122
     136
     136
     127
     142
     139
     138
     146
     158
     147
     133
     142
     125
     146
     156
     143
     143
     125
     137
     145
     131
     147
     157
     147
     145
     154
     148
     139
     156
     122
     138
     128
     135
     147
     135
     117
     143
     150
     154
     136
     148
     150
     148
     149
     121
     139
     134
     143
     164
     130
     160
     155
     126
     121
     143
     160
     145
     133
     150
     152
     130
     147
     116
     127
     147
     133
     140
     146
     133
     148
     140
     125
     155
     139
     123
     151
     132
     167
     154
     123
     149
     135
     174
     164
     135
     148
     156
     146
     142
     146
     135
     147
     160
     138
     145
     138
     134
     136
     136
     155
     158
     143
     149
     117
     138
     132
     135
     127
     160
     166
     133
     150
     135
     139
     145
     148
     137
     135
     126
     153
     138
     123
     149
     161
     159
     130
     161
     158
     153
     145
     147
     158
     149
     152
     170
     167
     165
     163
     155
     159
     151
     145
     154
     167
     142
     158
     163
     155
     171
     158
     149
     159
     157
     170
     173
     159
     158
     155
     156
     165
     165
     167
     172
     143
     146
     137
     143
     197
     140
     151
     162
     156
     143
     160
     156
     144
     112
     149
     149
     128
     137
     135
     135
     149
     133
     150
     133
     135
     130
     135
     144
     144
     145
     127
     110
     127
      98
     126
     129
     124
     108
     116
     109
      95
     120
     109
     105
     107
     109
      81
     105
     114
     123
      83
      94
      87
      90
      86
      83
      90
      86
      92
      83
      70
      98
      85
      91
     103
      79
      98
      93
      82
      84
      79
      68
      78
      70
      68
      76
      79
      62
      69
      72
      70
      60
      67
      62
      77
      58
      75
      66
      78
      84
      72
      84
      70
      71
      59
      48
      59
      61
      61
      51
      62
      60
      71
      59
      76
      58
      62
      68
      50
      60
      63
      69
      68
      62
      48
      45
      55
      66
      49
      67
      45
      62
      60
      49
      53
      57
      76
      51
      53
      67
      65
      47
      62
      46
      60
      53
      56
      63
      58
      47
      60
      52
      41
      57
      61
      63
      45
      37
      49
      55
      44
      54
      41
      54
      56
      44
      48
      51
      55
      48
      48
      58
      38
      43
      59
      49
      55
      54
      41
      42
      55
      56
      55
      40
      50
      57
      43
      60
      45
      49
      46
      42
      60
      52
      38
      53
      50
      62
      62
      55
      64
      62
      68
      58
      79
      69
      64
      68
      60
      64
      56
      98
      77
     101
      69
      81
      96
     109
     116
     104
     131
     132
     140
     154
     136
     139
     146
     178
     180
     185
     220
     209
     218
     190
     226
     251
     251
     315
     281
     310
     320
     321
     331
     339
     378
     389
     414
     422
     418
     429
     465
     516
     506
     474
     506
     512
     625
     600
     561
     612
     619
     676
     664
     717
     684
     697
     721
     651
     708
     797
     793
     737
     728
     803
     811
     790
     791
     785
     761
     841
     844
     800
     792
     820
     861
     847
     805
     805
     812
     770
     770
     808
     792
     785
     723
     726
     762
     753
     775
     714
     719
     668
     702
     602
     634
     650
     605
     619
     594
     633
     561
     580
     537
     529
     550
     538
     527
     498
     473
     462
     483
     442
     403
     393
     382
     364
     366
     387
     343
     330
     320
     314
     319
     297
     308
     273
     267
     248
     246
     240
     248
     225
     240
     244
     197
     213
     187
     166
     197
     166
     168
     168
     180
     143
     142
     129
     142
     115
     113
     105
     102
      81
     102
     115
      99
      94
      95
      94
      77
      66
      57
      81
      66
      61
      60
      47
      47
      60
      62
      49
      48
      36
      48
      44
      33
      32
      43
      40
      40
      25
      25
      22
      25
      20
      20
      14
      19
      26
      19
      12
      22
      14
      17
       9
      17
      12
      10
      11
       6
      13
       8
       8
       6
       7
      10
       6
       6
       4
      11
       9
       6
       3
       8
       9
      17
       7
       7
       6
       7
       2
       7
       8
       5
       7
       6
       4
       6
       3
       6
       6
       4
       9
       3
       4
       5
       2
       5
       3
       1
       5
       4
       4
       3
       3
       5
       7
       4
       5
       1
       3
       5
       6
       3
       5
       3
       6
       6
       3
       7
       5
       4
       3
       5
       4
       4
       3
       1
       2
       2
       3
       9
       2
       6
       5
       2
       5
       0
       7
       5
       5
       6
       3
       3
       6
       2
       3
       1
       3
       2
       2
      10
       3
       4
       2
       5
       3
       4
       4
       4
       4
       2
       9
       3
       3
       7
       8
       0
       2
       2
       9
       6
       6
       3
       2
       5
       3
       1
       8
       1
       5
       4
       5
       4
       5
       3
       4
       2
       4
       3
       6
       2
       1
       5
       3
       4
       5
       4
       6
       3
       3
       6
       6
       2
       5
       6
       0
       9
       4
       7
       8
       5
       3
       6
       4
       5
       0
       4
       2
       2
       3
       5
       8
       4
       5
       7
       2
       3
       2
       3
       5
       6
       7
       4
       1
       3
       4
       5
       6
       4
       2
       7
       3
       9
       4
       2
       1
       4
       3
       3
       4
       4
       4
       5
       3
       6
       0
       4
       1
       4
       9
       3
       3
       5
       4
       5
       2
       5
       4
       4
       5
       5
       5
       5
       2
       2
       2
       5
       8
       6
       7
       7
       6
       6
       6
       1
       4
       7
       2
       5
       5
       4
       5
       4
       4
       5
       5
       5
       4
       4
       7
       3
       7
       6
       4
       3
       6
       4
       2
       3
       1
       2
       6
       3
       4
       6
       4
       6
       4
       2
       2
       2
       4
       3
       7
       8
       3
       2
       1
       1
       3
       2
       5
       2
       2
       5
       5
       5
       3
       3
       3
       4
       6
       6
       0
      10
       3
       7
       6
       5
       4
       3
       4
       5
       4
       3
       5
       2
       3
       4
       4
       7
       4
       1
       2
       3
       4
       3
       0
       3
       7
       3
       4
       5
       3
       7
       5
       3
       9
       3
      10
       6
       6
       4
       6
       4
       3
       3
       3
       1
       4
       3
       4
       0
       1
       7
       3
       6
       1
       3
       4
       5
       3
       4
       5
       2
       5
       5
       9
       4
       8
       2
       6
       4
       1
       2
       4
       5
       5
       4
       2
       6
       3
       3
       5
       4
       5
       3
       3
       8
       3
       4
       5
       4
       2
       3
       3
       4
       4
       7
       5
       5
       3
       6
       2
       5
       1
       5
       3
       6
       2
       2
       3
       5
       4
       4
       1
       2
       2
       4
       3
       5
       3
       1
       2
       6
       2
       3
       3
       5
       2
       6
       2
       3
       2
       1
       5
       2
       1
       2
       3
       2
       3
       4
       0
       2
       2
       6
       6
       4
       2
       5
       3
       3
       1
       4
       1
       6
       4
       6
       3
       3
       3
       3
       1
       1
       4
       2
       5
       9
       2
       6
       3
       3
       7
       3
       3
       2
       0
       6
       1
       2
       2
       6
       1
       2
       2
       3
       1
       1
       4
       1
       3
       1
       3
       4
       3
       1
       1
       1
       6
       3
       5
       3
       0
       5
       2
       3
       3
       3
       3
       3
       1
       5
       3
       3
       1
       3
       2
       1
       1
       2
       2
       1
       2
       0
       1
       5
       1
       2
       0
       6
       6
       2
       3
       3
       0
       0
       3
       4
       2
       5
       1
       0
       1
       1
       2
       3
       1
       3
       1
       1
       1
       1
       5
       0
       2
       4
       2
       0
       0
       7
       1
       4
       2
       1
       4
       0
       2
       1
       2
       0
       1
       2
       1
       1
       2
       1
       0
       2
       3
       3
       1
       3
       2
       4
       3
       0
       3
       1
       5
       3
       2
       0
       3
       1
       0
       1
       1
       6
       1
       4
       2
       2
       2
       2
       1
       2
       2
       2
       1
       2
       2
       2
       0
       3
       2
       6
       1
       5
       3
       4
       2
       6
       3
       0
       3
       4
       2
       2
       4
       1
       7
       2
       3
       4
       1
       1
       4
       3
       6
       3
       2
       4
       6
       8
       6
       1
       6
       6
       6
       3
       5
       3
       2
       6
       2
       5
       4
       1
       3
       5
       1
       5
       2
       1
       7
       5
       3
       2
       4
       4
       5
       4
       3
       3
       4
       6
       6
       4
       4
       2
       5
       7
       6
       6
       4
       5
       7
       8
       3
       5
       5
       3
       3
       2
       3
       1
       7
       3
       5
       2
       1
       1
       3
       2
       4
       5
       5
       2
       3
       1
       4
       2
       6
       1
       4
       2
       2
       1
       5
       1
       3
       6
       1
       1
       0
       5
       4
       6
       1
       5
       1
       5
       2
       1
       8
       3
       3
       2
       4
       3
       1
       2
       3
       5
       2
       8
       2
       2
       5
       1
       5
       5
       3
       1
       3
       1
       2
       2
       1
       3
       5
       0
       2
       1
       0
       0
       0
       0
       0
       0
       0
       0
       0
       0
       0
       0
       0
       0
       0
       0
       0
       0
       0
       0
       0
       0
       0
       0
       0
       0
       0
       0
       0
       0
       0
       0
       0
       0
       0
       0
       0
       0
       0
       0
       0
       0
       0
       0
       0
       0
       0
       0
       0
       0
       0
       0
       0
       0
       0
       0
       0
       0
       0
       0
       0
       0
       0
       0
       0
       0
       0
       0
       0
       0
       0
       0
       0
       0
       0
       0
       0
       0
       0
       0
       0
       0
       0
       0
       0
       0
       0
       0
       0
       0
       0
       0
       0
       0
       0
       0
       0
       0
       0
       0
       0
       0
       0
       0
       0
       0
       0
       0
       0
       0
       0
       0
       0
       0
       0
       0
       0
       0
       0
       0
       0
       0
       0
       0
       0
       0
       0
       0
       0
       0
       0
       0
       0
       0
       0
       0
       0
       0
       0
       0
       0
       0
       0
       0
       0
       0
       0
       0
       0
       0
       0
       0
       0
       0
       0
       0
       0
       0
       0
       0
       0
       0
       0
       0
       0
       0
       0
       0
       0
       0
       0
       0
       0
       0
       0
       0
       0
       0
       0
       0
       0
       0
       0
       0
       0
       0
       0
       0
       0
       0
       0
       0
       0
       0
       0
       0
       0
       0
       0
       0
       0
       0
       0
       0
       0
       0
       0
       0
       0
       0
       0
       0
       0
       0
       0
       0
       0
       0
       0
       0
       0
       0
       0
       0
       0
       0
       0
       0
       0
       0
       0
       0
       0
       0
       0
       0
       0
       0
       0
       0
       0
       0
       0
       0
       0
       0
       0
       0
       0
       0
       0
       0
       0
       0
       0
       0
       0
       0
       0
       0
       0
       0
       0
       0
       0
       0
       0
       0
       0
       0
       0
       0
$ROI:
0
$PRESETS:
Live Time
999999
0
$ENER_FIT:
0.000000 0.749264
$MCA_CAL:
3
0.000000E+000 7.492638E-001 0.000000E+000 keV
$SHAPE_CAL:
3
0.000000E+000 0.000000E+000 0.000000E+000
