$SPEC_ID:
none
$SPEC_REM:
DET# 1
DETDESC# GRAD-LAB Easy-MCA-2k SN 14163589
AP# Maestro Version 7.01
$DATE_MEA:
09/19/2016 12:09:43
$MEAS_TIM:
667 667
$DATA:
0 2047
       0
       0
       0
       0
       0
       0
       0
       0
       0
       0
       0
       2
       1
       0
       3
       6
      14
      36
      61
      63
      53
      58
      42
      45
      44
      31
      29
      31
      31
      25
      35
      22
      25
      26
      29
      24
      24
      30
      24
      25
      19
      20
      29
      21
      22
      27
      20
      17
      19
      21
      23
      19
      32
      22
      29
      21
      24
      31
      32
      23
      36
      30
      27
      20
      22
      16
      27
      30
      17
      23
      21
      19
      20
      29
      25
      15
      19
      17
      22
      24
      18
      23
      29
      23
      31
      26
      22
      30
      26
      31
      23
      36
      30
      24
      31
      25
      36
      33
      28
      19
      36
      29
      32
      31
      37
      33
      37
      36
      39
      43
      47
      42
      50
      49
      50
      52
      59
      61
      64
      61
      49
      66
      81
      86
      83
      77
      90
      72
      90
      79
      89
      96
      96
      83
     123
     101
     110
      96
      94
     111
      91
      94
      91
     105
      98
      96
     100
      86
      85
      68
      97
      89
     100
      74
      79
      85
      81
      70
      75
      92
      77
      80
      70
      70
      74
      77
      75
      68
      65
      69
      66
      67
      83
      71
      82
      57
      65
      80
      66
      58
      79
      71
      63
      69
      70
      65
      69
      62
      58
      71
      63
      78
      65
      61
      75
      60
      81
      74
      77
      61
      71
      66
      67
      69
      62
      71
      65
      76
      62
      68
      65
      69
      60
      54
      65
      65
      70
      66
      55
      77
      60
      68
      70
      57
      57
      63
      66
      74
      56
      71
      58
      75
      67
      70
      62
      61
      45
      59
      60
      71
      61
      46
      65
      59
      64
      65
      61
      61
      45
      66
      69
      68
      55
      68
      62
      53
      70
      53
      79
      65
      49
      50
      58
      61
      66
      58
      46
      59
      69
      51
      63
      63
      46
      64
      61
      54
      62
      55
      70
      49
      59
      51
      66
      55
      57
      51
      66
      62
      53
      59
      49
      52
      49
      68
      53
      63
      52
      56
      42
      47
      57
      53
      45
      42
      46
      59
      62
      50
      60
      48
      48
      53
      52
      62
      63
      41
      59
      57
      53
      52
      56
      44
      49
      46
      54
      51
      44
      51
      37
      39
      52
      52
      52
      55
      45
      50
      40
      54
      42
      42
      57
      58
      47
      48
      50
      57
      46
      43
      46
      47
      38
      42
      34
      49
      49
      46
      41
      47
      38
      48
      54
      34
      46
      33
      45
      47
      52
      42
      39
      42
      51
      34
      55
      47
      48
      54
      45
      45
      45
      35
      44
      46
      37
      36
      45
      43
      42
      50
      57
      36
      58
      41
      33
      43
      37
      38
      36
      33
      44
      46
      43
      41
      56
      47
      47
      47
      43
      45
      46
      39
      36
      41
      50
      49
      47
      40
      38
      41
      43
      39
      40
      53
      44
      39
      33
      42
      40
      33
      38
      30
      32
      32
      38
      44
      36
      38
      41
      44
      31
      39
      30
      27
      43
      34
      35
      32
      26
      32
      36
      40
      32
      46
      26
      29
      34
      38
      39
      28
      31
      35
      34
      28
      44
      37
      34
      34
      32
      34
      31
      27
      36
      30
      33
      48
      43
      33
      35
      27
      46
      21
      34
      31
      42
      49
      30
      37
      35
      27
      29
      40
      40
      41
      41
      32
      34
      33
      25
      33
      33
      34
      31
      28
      34
      33
      37
      29
      27
      32
      26
      25
      33
      36
      34
      21
      35
      30
      34
      38
      23
      41
      29
      27
      32
      36
      36
      31
      35
      31
      34
      36
      38
      38
      37
      33
      31
      24
      27
      26
      27
      32
      34
      38
      21
      40
      42
      48
      28
      35
      38
      29
      29
      32
      36
      38
      30
      29
      46
      50
      32
      28
      33
      47
      30
      39
      38
      43
      36
      35
      34
      28
      38
      23
      39
      49
      42
      39
      54
      33
      48
      37
      42
      38
      42
      42
      38
      42
      52
      44
      52
      35
      45
      44
      50
      53
      49
      47
      53
      46
      46
      41
      48
      49
      54
      59
      55
      50
      49
      51
      57
      58
      59
      43
      47
      52
      73
      54
      39
      54
      54
      47
      67
      49
      49
      51
      63
      47
      52
      64
      60
      47
      57
      65
      64
      58
      57
      62
      65
      57
      58
      48
      46
      52
      72
      61
      57
      67
      47
      62
      50
      60
      53
      68
      60
      67
      59
      53
      50
      54
      46
      51
      35
      63
      58
      57
      47
      60
      46
      54
      60
      58
      41
      49
      58
      41
      53
      60
      53
      55
      46
      56
      37
      47
      51
      47
      43
      48
      41
      48
      43
      42
      44
      51
      50
      38
      51
      29
      42
      32
      38
      30
      43
      48
      38
      37
      35
      38
      33
      20
      49
      38
      41
      24
      24
      35
      29
      38
      33
      35
      30
      28
      29
      38
      25
      30
      29
      30
      32
      27
      32
      40
      26
      22
      33
      30
      20
      30
      12
      15
      24
      24
      25
      24
      24
      17
      18
      15
      20
      19
      26
      28
      25
      21
      20
      15
      19
      26
      21
      11
      21
      24
      15
      21
      16
      18
      16
      12
      21
      18
      16
      12
      16
      11
      13
      14
      19
      14
      12
      15
      14
      12
      15
      18
      16
      14
      14
      11
      20
      12
       7
      18
      17
      11
      16
      15
      15
      15
      12
      18
      18
       8
      16
      10
      10
      16
      16
      14
      12
      14
      13
      15
      10
      11
      13
      11
      13
      10
      18
      11
      13
       9
      13
       5
       6
      10
      18
       9
      11
      14
       8
       9
      12
      11
      12
       9
      17
      13
       7
      10
      14
       7
       9
      12
      16
       3
       8
      12
      13
       8
       8
      10
      15
       8
      10
      10
       8
      10
      11
       8
      15
      12
      10
      15
      17
       7
       7
       7
       7
      13
      15
       9
       8
       7
      11
      10
       9
      15
      10
       9
      11
       9
       5
       9
      10
      12
      10
      16
      17
      13
       4
       6
      10
       5
       6
      17
      12
      17
       5
      10
      12
       5
       4
       6
       7
       8
       6
      15
      14
       7
      11
      11
       3
       7
       6
      14
       9
       9
      21
      10
       7
       8
       5
       4
       9
       7
      13
       3
       8
      13
       7
       9
       7
      11
      10
       5
       5
       6
       7
      11
       8
      10
       8
       4
       7
       8
       9
      14
       5
      11
       6
       5
       6
       9
      11
      10
      10
       7
       8
       7
       3
       7
       4
       8
       4
       4
      10
       3
      11
       5
       9
      10
       5
      10
       9
      12
      13
      10
       6
       7
       5
      11
       7
       2
       7
       6
       6
       6
       7
       8
       8
       4
      11
       5
       6
      11
      12
      11
       8
       8
       7
       3
       8
       7
      10
       8
       6
       5
       9
       7
       8
       6
       7
       9
       8
       9
       6
       7
       9
       9
       5
       9
       2
       8
       7
       5
       5
       8
      10
       7
       9
       7
      10
       6
       6
       5
      14
      12
       4
       5
       8
       4
       8
       8
       5
       9
       4
      16
       3
       9
       7
       5
       8
       7
       7
       8
      12
      10
      10
       7
       7
       5
       4
       2
       7
       4
       6
       3
       5
       7
       6
       5
       6
      11
       9
       9
       3
       6
       6
       8
       4
       3
       2
       3
       7
       6
       7
       5
      11
       2
       3
       3
       7
       6
       5
       6
      12
       4
       6
       6
      10
      10
       3
       9
       7
       8
       5
       9
       2
       4
       5
       8
       6
       8
       9
       5
       6
       7
       7
       5
       2
      10
       8
       7
       9
       4
       5
       7
       7
       4
       3
       6
       6
       4
       3
       9
       6
       4
       3
       4
      10
       6
       4
       6
       9
       9
       6
       6
       4
       5
       6
       7
       3
       8
       6
       4
       3
       3
       9
       7
       7
       9
       9
       8
       5
      10
       8
       7
       7
       7
       7
       6
       6
       4
       5
       7
       5
       3
       2
       8
       7
       5
       5
       8
       6
      10
       9
       7
       8
       8
       6
       2
       7
       5
       7
       5
       6
       7
       9
      14
       9
       9
       6
       3
       5
       8
       3
       8
       7
      14
       4
       7
       7
       9
       5
       5
       5
       4
       4
       4
       7
       8
       3
       9
      10
       6
       6
       6
       3
       5
       5
      10
       8
       6
       5
      10
       7
       7
       7
       0
       7
       4
      11
       8
       9
       8
      10
       8
      11
       2
       6
       9
       7
       6
      10
       5
       5
       5
       2
      17
       7
       8
       5
       9
       5
       5
       8
       8
       2
       3
       2
      10
       6
      11
       8
       2
       5
       9
       5
       6
       7
       4
       3
       3
       6
      10
       4
       7
       4
       6
      10
       7
       4
      11
       6
       6
       5
       8
       6
      10
       8
       5
       3
       2
       6
       7
       5
       7
      10
       3
       2
       4
       6
       8
       7
       6
       5
       6
       6
       6
       6
       5
       3
       3
       5
       5
       8
       4
       2
       5
       4
       4
       8
       3
       5
       6
       8
       4
       4
       5
       4
      10
       4
       6
       3
       7
       9
       5
       5
       6
       6
       6
       5
       1
       4
       4
      10
       5
       7
       5
       6
       7
       8
       3
       8
       7
       4
       3
       2
       5
       5
       9
       6
       1
       5
       1
       7
       6
       4
       6
       2
       5
       5
       5
      10
       9
       3
       5
       6
       6
       4
       5
       4
      11
       4
       4
       6
       5
       5
       4
       4
       6
       3
       3
       8
       5
      10
       5
       6
       6
       6
       6
       4
       4
       3
       4
       3
       4
       7
       2
       3
       3
       7
       5
       2
       2
       5
       5
       2
       5
       3
       7
       8
       2
       8
       3
       4
       2
       3
       2
       6
       4
       3
       1
       9
       2
       4
       2
       3
       3
       2
       1
       5
       5
       5
       5
       4
       3
       5
       5
       2
       4
       4
      10
       2
       3
       1
       3
       3
       7
       6
       3
       5
       8
       2
       9
       6
       4
       4
       5
       1
       3
       0
       2
       4
       1
       7
       2
       3
       2
       6
       3
       4
       3
       4
       2
       3
       5
       5
       3
       6
       6
       5
       5
       8
       7
       4
       4
       3
       3
       3
       4
       7
       4
       2
       3
       4
       6
       7
       2
       3
       5
       4
       4
       5
       3
       5
       3
       4
       3
       4
       5
       4
       7
       3
       4
       6
       6
       4
       6
       4
       4
       5
       4
       3
       4
       6
       3
       5
       2
       3
       7
       6
       4
       5
       6
       2
       4
       5
       6
       6
       3
       1
       9
       5
       3
       2
       4
       6
       8
       3
       2
       2
       2
       7
       2
       3
       4
       6
       6
       3
       3
       6
       2
       4
       6
       5
       3
       4
       3
       2
       2
       2
       3
       2
       3
       6
       5
       2
       2
       7
       7
       2
       8
       2
       4
       5
       3
       5
       3
       3
       8
       5
       3
       6
       4
       6
       3
       7
       5
       4
       3
       6
       3
       4
       5
       2
       4
       3
       4
       4
       4
       5
       2
       4
       0
       7
       3
       4
       7
       5
       0
       7
       3
       3
       4
       2
       9
       4
       6
       2
       5
       4
       3
       3
       3
       0
       3
       7
       6
       8
       7
       1
       2
       4
       6
       7
       6
       4
       6
       5
       3
       7
       3
       3
       3
       4
       2
       3
       1
       1
       5
       6
       3
       5
       5
       6
       8
       5
       5
       9
       2
       2
       1
       6
       5
       5
       3
       5
       2
       5
       8
       1
       2
       4
       5
      11
       3
       1
       3
       1
       6
       1
       2
       6
       2
       0
       0
       4
       5
       3
       7
       3
       4
       2
       2
       2
       6
       3
       5
       5
       8
       2
      10
       5
       3
       5
       4
       3
       2
       7
       2
       1
       2
       4
       3
       5
       1
       2
       2
       2
       4
       2
       3
       4
       1
       5
       5
       1
       3
       4
       4
       5
       3
       3
       1
       3
       1
       4
       3
       2
       0
       3
       4
       2
       3
       3
       1
       1
       0
       1
       0
       0
       0
       0
       0
       0
       0
       0
       0
       0
       0
       0
       0
       0
       0
       0
       0
       0
       0
       0
       0
       0
       0
       0
       0
       0
       0
       0
       0
       0
       0
       0
       0
       0
       0
       0
       0
       0
       0
       0
       0
       0
       0
       0
       0
       0
       0
       0
       0
       0
       0
       0
       0
       0
       0
       0
       0
       0
       0
       0
       0
       0
       0
       0
       0
       0
       0
       0
       0
       0
       0
       0
       0
       0
       0
       0
       0
       0
       0
       0
       0
       0
       0
       0
       0
       0
       0
       0
       0
       0
       0
       0
       0
       0
       0
       0
       0
       0
       0
       0
       0
       0
       0
       0
       0
       0
       0
       0
       0
       0
       0
       0
       0
       0
       0
       0
       0
       0
       0
       0
       0
       0
       0
       0
       0
       0
       0
       0
       0
       0
       0
       0
       0
       0
       0
       0
       0
       0
       0
       0
       0
       0
       0
       0
       0
       0
       0
       0
       0
       0
       0
       0
       0
       0
       0
       0
       0
       0
       0
       0
       0
       0
       0
       0
       0
       0
       0
       0
       0
       0
       0
       0
       0
       0
       0
       0
       0
       0
       0
       0
       0
       0
       0
       0
       0
       0
       0
       0
       0
       0
       0
       0
       0
       0
       0
       0
       0
       0
       0
       0
       0
       0
       0
       0
       0
       0
       0
       0
       0
       0
       0
       0
       0
       0
       0
       0
       0
       0
       0
       0
       0
       0
       0
       0
       0
       0
       0
       0
       0
       0
       0
       0
       0
       0
       0
       0
       0
       0
       0
       0
       0
       0
       0
       0
       0
       0
       0
       0
       0
       0
       0
       0
       0
       0
       0
       0
       0
       0
       0
       0
       0
       0
       0
       0
       0
       0
       0
       0
       0
$ROI:
1
849 850
$PRESETS:
Live Time
999999
0
$ENER_FIT:
0.000000 0.749264
$MCA_CAL:
3
0.000000E+000 7.492638E-001 0.000000E+000 keV
$SHAPE_CAL:
3
0.000000E+000 0.000000E+000 0.000000E+000
