$SPEC_ID:
none
$SPEC_REM:
DET# 1
DETDESC# GRAD-LAB Easy-MCA-2k SN 14163589
AP# Maestro Version 7.01
$DATE_MEA:
10/03/2016 12:34:54
$MEAS_TIM:
548 548
$DATA:
0 2047
       0
       0
       0
       0
       0
       0
       0
       0
       0
       0
       0
       0
       1
       0
       1
       0
       3
       6
      18
      10
      11
      19
      29
      14
      20
      14
      19
      15
      12
      14
      14
      27
      16
      15
      27
      12
      23
      13
      14
      16
      11
      17
      23
      15
      26
      18
      15
      19
      19
      22
      13
      20
      22
      22
      26
      22
      20
      26
      25
      30
      30
      20
      28
      21
      26
      18
      20
      20
      21
      27
      24
      21
      15
      25
      22
      25
      16
      24
      29
      34
      28
      27
      32
      20
      31
      34
      36
      36
      31
      26
      30
      17
      27
      30
      33
      26
      17
      26
      29
      23
      29
      25
      31
      33
      30
      29
      25
      29
      33
      26
      31
      22
      35
      38
      35
      33
      44
      41
      39
      38
      45
      50
      53
      48
      68
      46
      81
      67
      74
      79
      64
      75
      76
     102
      80
      83
      98
      85
      86
      87
      86
      98
      91
     101
     101
     105
      86
      88
      99
     102
      84
      84
      87
      82
      83
      76
      73
      92
      78
      65
      56
      84
      70
      72
      75
      71
      57
      74
      46
      51
      65
      58
      56
      60
      57
      64
      81
      72
      53
      46
      64
      57
      61
      51
      60
      58
      49
      55
      62
      42
      61
      55
      42
      52
      71
      72
      43
      47
      72
      52
      42
      56
      54
      55
      62
      70
      43
      53
      48
      58
      59
      54
      60
      68
      58
      68
      39
      49
      34
      60
      62
      57
      57
      52
      62
      58
      54
      51
      61
      59
      59
      59
      62
      53
      48
      33
      51
      53
      37
      59
      41
      52
      51
      48
      60
      38
      65
      59
      43
      49
      51
      42
      53
      46
      52
      63
      42
      50
      58
      52
      44
      59
      46
      60
      57
      31
      53
      50
      56
      56
      41
      48
      44
      52
      66
      44
      53
      56
      48
      60
      55
      63
      51
      50
      50
      62
      50
      58
      40
      60
      50
      48
      54
      58
      45
      47
      55
      54
      53
      47
      62
      61
      50
      51
      43
      50
      57
      67
      52
      59
      51
      46
      51
      46
      61
      77
      63
      57
      46
      56
      55
      60
      46
      51
      45
      55
      45
      49
      39
      64
      51
      54
      63
      55
      78
      45
      53
      54
      59
      55
      44
      51
      56
      51
      60
      44
      53
      45
      55
      42
      46
      50
      43
      42
      43
      57
      46
      47
      58
      42
      41
      44
      46
      43
      44
      51
      38
      41
      54
      58
      53
      52
      42
      46
      47
      39
      55
      39
      48
      32
      33
      29
      38
      52
      42
      53
      44
      53
      41
      43
      35
      33
      39
      47
      45
      41
      50
      37
      39
      43
      46
      32
      51
      39
      52
      49
      54
      38
      40
      40
      55
      45
      42
      41
      44
      45
      41
      36
      42
      50
      30
      45
      51
      48
      49
      45
      46
      38
      52
      44
      38
      47
      41
      46
      44
      36
      37
      44
      37
      30
      38
      44
      37
      47
      37
      44
      37
      36
      31
      37
      28
      45
      40
      45
      43
      43
      51
      46
      39
      37
      34
      46
      43
      45
      41
      30
      34
      42
      35
      40
      42
      28
      32
      30
      40
      29
      26
      40
      29
      43
      33
      34
      38
      33
      46
      42
      51
      35
      25
      38
      40
      30
      33
      36
      35
      39
      37
      26
      37
      46
      27
      35
      38
      44
      32
      39
      50
      37
      43
      45
      42
      49
      32
      44
      35
      30
      31
      38
      31
      38
      44
      37
      48
      43
      26
      32
      36
      39
      31
      42
      35
      37
      38
      25
      37
      39
      40
      30
      36
      39
      30
      30
      35
      35
      44
      28
      31
      47
      27
      36
      46
      42
      28
      21
      46
      31
      35
      38
      33
      38
      34
      24
      39
      31
      34
      35
      35
      37
      28
      45
      41
      32
      34
      33
      36
      27
      25
      32
      37
      33
      30
      37
      31
      48
      30
      47
      32
      35
      30
      31
      36
      43
      37
      40
      24
      31
      41
      30
      45
      38
      40
      33
      30
      22
      34
      36
      28
      23
      38
      33
      36
      36
      32
      34
      31
      37
      28
      25
      32
      39
      35
      38
      28
      24
      28
      30
      27
      32
      31
      37
      29
      18
      24
      27
      28
      22
      27
      36
      41
      24
      32
      31
      32
      28
      30
      28
      23
      39
      26
      37
      33
      22
      37
      29
      33
      31
      29
      18
      32
      21
      35
      33
      22
      25
      29
      34
      26
      32
      22
      27
      35
      33
      29
      31
      19
      27
      31
      30
      23
      28
      32
      41
      24
      22
      30
      27
      31
      29
      26
      33
      33
      20
      32
      26
      34
      23
      30
      33
      30
      29
      30
      34
      30
      20
      33
      26
      26
      32
      31
      33
      19
      37
      24
      29
      23
      22
      26
      25
      30
      26
      26
      34
      37
      29
      33
      31
      32
      42
      32
      36
      31
      39
      24
      30
      24
      30
      34
      33
      34
      33
      42
      37
      35
      35
      50
      27
      36
      28
      30
      39
      46
      36
      47
      46
      37
      43
      40
      41
      40
      44
      47
      40
      55
      47
      49
      47
      50
      40
      52
      41
      52
      55
      47
      51
      41
      65
      54
      47
      57
      56
      52
      50
      47
      55
      57
      64
      62
      72
      56
      69
      44
      59
      51
      59
      77
      48
      67
      55
      63
      61
      52
      52
      60
      53
      62
      69
      66
      75
      73
      71
      82
      64
      54
      80
      73
      74
      67
      67
      67
      67
      72
      65
      75
      77
      77
      81
      76
      66
      76
      85
      87
      91
      74
      90
      79
      71
      80
      76
      71
      54
      66
      70
      75
      86
      70
      73
      77
      79
      62
      59
      70
      97
      76
      77
      64
      73
      61
      65
      79
      58
      66
      80
      66
      76
      73
      67
      72
      59
      66
      68
      59
      60
      60
      69
      60
      53
      57
      63
      46
      51
      57
      51
      53
      58
      44
      53
      54
      42
      39
      51
      37
      50
      30
      45
      46
      52
      42
      41
      39
      31
      40
      38
      29
      22
      36
      36
      29
      28
      29
      19
      36
      25
      25
      22
      25
      35
      23
      30
      23
      23
      26
      17
      17
      21
      21
      13
      20
      26
      12
      19
      17
      17
      11
      16
      21
      18
      11
      20
      10
      12
      18
       9
      14
      16
       9
      11
      14
       8
       8
      10
      17
       7
       7
       7
      10
       6
      11
      11
      10
      14
      13
      10
       5
       4
      10
       9
       9
       4
       9
       5
       5
       7
       9
       8
       8
       9
       7
       6
       6
       9
       4
       8
       5
       5
       6
      11
       8
       6
       6
       8
       9
       9
      10
      10
       4
       9
       3
       5
       6
       7
       8
       5
       6
       7
       4
       4
       6
      11
       7
       4
       6
       4
       7
       4
       3
       8
       5
       8
       6
       4
       6
       7
       8
       4
       5
       4
       7
      10
       4
       6
       9
       7
       7
       2
       3
       4
       6
       5
      10
       8
       2
       5
       3
       3
       3
       3
       1
       7
       3
       6
       4
       7
       5
       4
       5
       4
       4
       8
       4
       9
       6
       7
       6
       5
       4
       2
       9
       6
       3
       3
       9
       5
       7
       5
       4
       9
       6
       7
       3
       4
       3
      10
       5
       2
       4
       5
       6
      10
       4
       8
       5
       4
       6
       2
      10
       5
       5
       9
       5
       5
      10
       5
       3
       5
       7
       6
       8
       3
       8
       6
       2
       4
       5
       9
       7
       3
       6
       7
       4
       6
       5
       8
      10
       8
       2
       4
       3
       5
       4
       6
       5
       6
       5
       2
       7
       4
       2
       7
       3
       5
       3
       7
       3
       5
       6
       5
       5
       5
       3
       3
       4
       2
       5
       3
       4
       8
       3
       6
       6
       5
       5
       4
       6
       3
       3
       5
       9
       6
       2
       9
       5
       6
       4
       6
       7
       5
       4
       3
       5
       5
       2
       3
       5
       7
      10
      10
       5
       6
       6
       6
       6
       4
       4
       4
       4
       4
       4
       4
       7
       9
       3
       3
       3
       4
       1
       6
       2
       3
       6
       1
       7
       5
       3
       8
       4
       9
       3
       4
       3
       4
       6
       4
       6
       4
       7
       4
       4
       3
       2
       4
       6
       5
       3
       7
       5
       8
       6
       5
       3
       6
       6
      10
       2
       5
       2
       5
       3
       5
       4
       3
       6
       3
       6
       8
       4
       7
       7
       4
       5
       3
       4
       7
       2
       8
       9
       4
       7
       3
       4
       3
       9
       6
       4
       1
       6
       5
       2
       3
       2
       4
       5
       6
       6
       7
       8
       4
       4
       3
       7
       8
       9
       3
       4
       3
       4
       1
       5
       6
       4
       2
      11
       7
       6
      10
       6
       4
       6
       3
       6
       7
       7
       7
       6
       8
       1
       2
       4
       4
       6
       7
       6
       2
       4
       2
       4
      10
       5
       6
       3
       4
       5
       3
       4
       6
       1
       5
       6
       3
       4
       5
      10
       4
       8
       4
       2
       2
       3
       3
       2
       1
       3
       6
       2
       1
       7
       3
       3
       2
      10
       6
      12
       6
       5
       8
       4
       1
       5
       5
       2
       6
       2
       4
       3
       7
       5
       4
       2
       5
       4
       6
       5
       5
       5
       4
       5
       5
       1
       5
       5
       9
       4
       4
       3
       3
       3
       6
       4
       5
       5
      10
       7
       5
       5
      10
       2
       3
       6
       3
       4
       6
       2
       4
       6
       2
       2
       3
       4
      10
       3
       6
       5
       3
       5
       5
       5
       4
       1
       2
       5
       3
       4
       2
       2
       7
       2
       5
       3
       3
       5
       2
       2
       5
       4
       4
       6
       5
       4
       3
       5
       4
       8
       6
       5
       1
       5
       4
       3
       4
       2
       1
       2
       3
       0
       4
       4
       5
       4
       2
       2
       1
       5
       2
       2
       3
       5
       4
       0
       0
       5
       4
       3
       2
       0
       3
       1
       1
       4
       2
       4
       3
       3
       4
       2
       3
       1
       2
       2
       3
       2
       4
       4
       3
       0
       9
       2
       3
       5
       3
       1
       1
       8
       3
       1
       5
       4
       3
       1
       3
       2
       3
       2
       3
       2
       4
       5
       7
       0
       2
       4
       1
       1
       5
       4
       1
       2
       0
       6
       4
       4
       4
       4
       5
       3
       4
       3
       2
       1
       1
       1
       2
       2
       6
       1
       3
       8
       2
       3
       3
       0
       6
       3
       4
       2
       2
       3
       5
       5
       5
       2
       4
       4
       4
       0
       1
       6
       1
       3
       4
       2
       5
       1
       1
       2
       2
       1
       0
       1
       4
       1
       1
       2
       6
       3
       0
       3
       0
       3
       2
       1
       3
       1
       3
       1
       1
       3
       2
       4
       5
       4
       2
       7
       2
       0
       2
       3
       4
       1
       4
       6
       2
       6
       1
       2
       7
       4
       3
       2
       3
       1
       2
       3
       1
       2
       3
       4
       3
       4
       3
       4
       3
       5
       3
       2
       3
       6
       8
       4
       5
       8
       7
       0
       6
       3
       7
       4
       3
       5
       4
       2
       4
      11
       2
       3
       5
       4
       6
       3
       5
       4
       5
       8
       0
       7
       5
       6
       4
       8
       4
       4
       3
       1
       3
       4
       3
       3
       4
       9
       5
       1
       1
       4
       6
       3
       2
       3
       3
       4
       7
       4
       3
       8
       5
       5
       7
       3
       3
       4
       6
       2
       4
       6
       5
       1
       2
       4
       3
       2
       4
       2
       4
       5
       4
       2
       4
       5
       3
       1
       2
       5
       5
       4
       4
       8
       4
       6
       5
       3
       5
       3
       3
       0
       7
       2
       3
       4
       0
       4
       6
       6
       5
       2
       4
       6
       3
       6
       3
       2
       5
       3
       2
       0
       3
       5
       0
       2
       2
       0
       4
       5
       1
       6
       1
       1
       1
       0
       0
       0
       0
       0
       0
       0
       0
       0
       0
       0
       0
       0
       0
       0
       0
       0
       0
       0
       0
       0
       0
       0
       0
       0
       0
       0
       0
       0
       0
       0
       0
       0
       0
       0
       0
       0
       0
       0
       0
       0
       0
       0
       0
       0
       0
       0
       0
       0
       0
       0
       0
       0
       0
       0
       0
       0
       0
       0
       0
       0
       0
       0
       0
       0
       0
       0
       0
       0
       0
       0
       0
       0
       0
       0
       0
       0
       0
       0
       0
       0
       0
       0
       0
       0
       0
       0
       0
       0
       0
       0
       0
       0
       0
       0
       0
       0
       0
       0
       0
       0
       0
       0
       0
       0
       0
       0
       0
       0
       0
       0
       0
       0
       0
       0
       0
       0
       0
       0
       0
       0
       0
       0
       0
       0
       0
       0
       0
       0
       0
       0
       0
       0
       0
       0
       0
       0
       0
       0
       0
       0
       0
       0
       0
       0
       0
       0
       0
       0
       0
       0
       0
       0
       0
       0
       0
       0
       0
       0
       0
       0
       0
       0
       0
       0
       0
       0
       0
       0
       0
       0
       0
       0
       0
       0
       0
       0
       0
       0
       0
       0
       0
       0
       0
       0
       0
       0
       0
       0
       0
       0
       0
       0
       0
       0
       0
       0
       0
       0
       0
       0
       0
       0
       0
       0
       0
       0
       0
       0
       0
       0
       0
       0
       0
       0
       0
       0
       0
       0
       0
       0
       0
       0
       0
       0
       0
       0
       0
       0
       0
       0
       0
       0
       0
       0
       0
       0
       0
       0
       0
       0
       0
       0
       0
       0
       0
       0
       0
       0
       0
       0
       0
       0
       0
       0
       0
       0
       0
       0
       0
       0
       0
       0
       0
       0
       0
       0
       0
       0
       0
       0
       0
       0
       0
$ROI:
1
849 850
$PRESETS:
Live Time
999999
0
$ENER_FIT:
0.000000 0.749264
$MCA_CAL:
3
0.000000E+000 7.492638E-001 0.000000E+000 keV
$SHAPE_CAL:
3
0.000000E+000 0.000000E+000 0.000000E+000
