$SPEC_ID:
none
$SPEC_REM:
DET# 1
DETDESC# GRAD-LAB Easy-MCA-2k SN 14163589
AP# Maestro Version 7.01
$DATE_MEA:
09/21/2016 12:29:52
$MEAS_TIM:
488 488
$DATA:
0 2047
       0
       0
       0
       0
       0
       0
       0
       0
       0
       0
       0
       0
       0
       0
       0
       0
       1
      14
      44
      41
      48
      46
      59
      41
      44
      48
      52
      44
      49
      35
      34
      56
      34
      40
      46
      57
      45
      46
      54
      63
      64
      52
      53
      45
      57
      48
      55
      60
      51
      58
      70
      52
      66
      68
      78
      62
      73
      73
      63
      59
      58
      71
      73
      53
      68
      71
      64
      67
      62
      60
      67
      79
      75
      72
      92
      67
      81
      85
      85
      78
     107
      73
      82
      97
      92
     110
      88
      89
     101
      82
      93
      84
      90
      89
      64
      88
      66
      96
      92
      78
      95
      78
      81
     100
      91
      91
     105
     109
      93
     105
      99
     111
     129
      89
     137
     150
     129
     137
     146
     198
     223
     221
     218
     221
     257
     273
     292
     330
     354
     351
     351
     356
     368
     371
     432
     396
     358
     389
     363
     362
     324
     350
     358
     317
     278
     300
     286
     267
     261
     285
     241
     203
     234
     203
     236
     187
     191
     188
     180
     166
     166
     164
     172
     147
     146
     125
     131
     132
     133
     129
     119
     113
     145
     109
     134
     109
     116
     125
     119
     114
     135
     134
     126
     123
     127
     104
     108
     101
     122
     119
     115
     113
     138
     127
     127
     104
     123
     123
     126
     128
     107
     121
     125
     122
     133
     123
     126
     128
     123
     121
     126
     139
     142
     112
     113
     119
     112
     139
     116
     137
     132
     103
     121
     129
     133
     117
     136
     136
     138
     102
     105
     124
     140
     123
     128
     123
     127
     138
     142
     113
     132
     127
     121
     136
     134
     132
     120
     125
     127
     119
     125
     129
     123
     130
     106
     131
     138
     128
     113
     116
     129
     131
     134
     127
     135
     131
     125
     145
     125
     133
     124
     139
     154
     134
     135
     126
     124
     138
     127
     162
     141
     167
     162
     149
     137
     137
     146
     146
     149
     142
     136
     147
     137
     157
     146
     170
     151
     178
     163
     129
     137
     158
     156
     158
     150
     157
     157
     173
     161
     158
     150
     178
     140
     145
     157
     166
     181
     146
     161
     133
     177
     158
     159
     161
     165
     187
     168
     184
     172
     140
     175
     155
     169
     167
     162
     170
     166
     159
     169
     175
     179
     169
     158
     160
     166
     138
     142
     150
     130
     155
     110
     136
     145
     176
     156
     167
     151
     160
     174
     148
     157
     122
     154
     137
     166
     153
     147
     150
     133
     148
     146
     163
     171
     135
     139
     149
     141
     162
     140
     145
     147
     121
     151
     134
     128
     135
     132
     131
     138
     137
     140
     148
     126
     150
     137
     129
     140
     120
     147
     146
     119
     118
     146
     143
     128
     126
     131
     136
     133
     128
     117
     127
     148
     130
     123
     128
     128
     116
     137
     132
     143
     135
     143
     122
     119
     117
     108
     146
     121
     113
     113
     129
     124
     130
     112
     125
     130
     124
     135
     121
     114
     125
     136
     118
     127
     122
     116
     124
     130
     126
     104
     124
     139
     120
     107
     109
     139
     123
     122
     118
     108
     130
     129
     126
     115
     111
     135
     142
     131
     117
     107
     123
     119
     118
     138
     108
     129
     126
     114
     104
     118
     111
     130
     110
     124
     108
     126
     106
     113
     107
     115
     116
     125
     123
     119
     108
     117
     109
     142
     115
     108
     119
     113
     109
     127
     122
     113
     113
     110
     125
     104
     128
     114
     110
     120
     132
     115
     101
     116
     127
     134
     113
      93
     108
     116
     102
      98
     105
     134
     104
     134
     114
     107
     119
     121
     119
     113
     121
     106
     134
     114
      99
     123
     116
     105
     110
     118
     122
     104
     109
     111
     111
     123
     108
     122
     116
     104
     114
      95
     100
     106
     102
     111
     107
     115
     117
     109
     102
     119
     121
     111
      93
      99
     111
     117
     131
     120
     127
     142
     110
     125
     105
     112
     110
     118
     121
     120
     115
     142
     137
     106
     110
     123
     102
     116
     120
     107
     108
     110
     117
     128
     107
     120
     123
     114
     108
     100
     119
     106
     115
     104
     118
     104
     103
     111
      96
     119
     104
     119
     102
     116
     101
     115
     112
     114
     101
      79
      91
      94
      89
      95
      90
     113
     119
      93
      99
     108
     123
      97
      91
      87
     109
      81
      91
      87
      79
      80
      82
      97
      84
      97
      97
      99
     104
      95
      95
      97
      69
      95
      98
      91
     108
      92
      89
      92
     111
     117
      89
     100
      98
      93
     102
      96
     105
      92
      93
      87
      84
      89
      95
      98
      97
      79
     104
      97
      96
     104
     100
     104
      79
      87
     100
      79
      90
      87
      90
      83
      93
      89
      89
      98
      84
     101
     102
      95
      87
      90
      99
      79
     107
      95
      89
      90
     107
      92
     104
      92
      78
     100
      93
      95
     106
     108
     102
     104
      99
     106
     100
      93
      85
      96
      94
     108
     121
      94
      99
     110
     103
     115
     112
     106
     104
     118
      98
     119
     116
     121
      93
      99
     126
     110
     118
     130
     122
     102
     119
     104
     114
     106
     128
      91
      99
     106
     111
     118
     113
     109
     126
     110
     121
     119
     106
     108
     124
     105
     135
     106
     137
     118
     123
     121
     117
     126
     123
     117
     103
     126
     118
     120
     113
     134
     125
     102
     110
     113
     118
     106
     140
     126
     109
     125
     114
     121
     116
     121
     123
     133
     125
     114
     134
     111
     128
     129
     131
     148
     113
     146
     135
     127
     126
     166
     127
     146
     134
     152
     148
     133
     139
     109
     157
     119
     139
     149
     149
     146
     183
     149
     167
     170
     153
     163
     178
     151
     173
     154
     156
     169
     163
     173
     181
     156
     176
     158
     167
     148
     163
     177
     156
     141
     136
     115
     127
     161
     136
     162
     129
     133
     123
     138
      99
     129
     100
     108
     101
     102
     110
     111
     106
     112
      94
      77
      73
      90
      64
      84
      85
      76
      79
      81
      90
      68
      81
      65
      56
      48
      52
      67
      49
      51
      47
      41
      48
      39
      36
      40
      25
      27
      33
      32
      32
      23
      19
      29
      30
      27
      22
      26
      18
      16
      19
      22
      22
      22
      12
      22
      19
      13
      12
      20
      16
       9
      12
      15
      11
       7
      21
      10
      16
      17
      10
       8
       9
       6
       5
      11
      13
       9
       8
       8
       7
       3
      10
       8
       8
       4
       5
       6
       9
       8
       8
       7
       9
       7
       2
       9
      11
       6
       3
       7
       8
       7
       5
       8
       7
       6
      12
       2
       3
       6
      10
      10
       6
       6
       4
       2
       7
       7
       5
       7
       6
       6
       9
      11
       5
       7
       6
       8
       2
       5
       6
       7
       7
       9
       4
       3
       7
       6
       7
       9
       1
       6
       5
       3
       6
       3
       9
       7
      10
       8
       4
       3
       7
      12
       3
       5
       7
       2
       7
       4
      11
       8
       6
       6
       4
       4
       7
       5
       2
       5
       4
      11
       6
       5
       1
       6
       3
       7
       7
       4
       4
       9
       5
       4
       6
       5
       4
       5
       7
       5
       8
       4
       5
       8
       4
       4
       5
       3
       8
       7
       4
       5
      11
       3
       9
       4
       5
       9
       2
       4
       5
       6
       5
       7
       7
       7
       5
       5
       2
       5
       7
       5
       2
       6
       3
       3
       5
       5
      10
       3
       4
       7
      11
       5
       3
       6
       7
       6
       4
       6
       7
       6
       7
       4
       2
       5
       4
       6
       6
      11
       8
       7
       6
       5
       7
       1
       3
       6
       6
       4
       4
       3
       3
       3
       5
       3
       4
       7
       6
       2
       4
       4
       7
       4
       4
       4
       8
       1
       2
       6
       3
       6
       5
       3
      13
       5
       4
       2
       3
       2
       6
       6
       5
       5
       2
       7
       5
       4
       5
       3
       6
       7
       5
       6
       2
       9
       5
       6
       5
       7
       4
       9
       3
       2
       5
       6
       4
       1
       3
       1
       3
       5
       4
       5
       2
       3
       5
       4
       7
       6
       8
       8
       4
       3
       2
       4
       2
       6
       4
       5
       6
       2
       5
       5
       7
      11
       4
      10
       7
      10
       6
       1
       3
       4
       9
       6
       3
       5
       3
       5
       3
       6
       2
       6
       7
       4
      10
       6
       2
       5
       6
       8
       4
       3
       1
       1
       8
       5
       5
       4
       6
       4
       6
       8
       7
       2
       7
       5
       3
       4
       6
       4
       5
       8
       4
       5
      10
       4
       3
       7
       6
       2
       4
       4
       3
       5
       6
       6
       7
       9
       1
       7
       4
       7
       7
       0
       5
       7
       8
       4
       9
      13
       7
       5
       4
       1
       2
       4
       3
       2
       5
       7
       6
       5
       2
       6
       5
       4
       7
       6
      11
       5
       5
       5
       3
       2
       6
       6
       4
       7
       4
       3
       4
       4
       5
       4
       5
       6
       8
       7
       7
       6
       7
       3
       1
       5
       4
       2
       7
       7
       9
       6
       4
       6
       7
       2
       2
       3
       2
       0
       5
       3
       6
       5
       4
       9
       2
       3
       6
       3
       3
       7
       7
       6
       4
       4
       5
       4
       1
       2
       5
       2
       4
       5
       6
       1
       7
       5
      10
       1
       2
       6
       6
       3
       5
       1
       0
       8
       3
       5
       4
       5
       3
       4
       4
       4
       3
       3
       3
       1
       3
       2
       1
       4
       4
       2
       6
       3
       3
       3
       2
       4
       2
       3
       3
       4
       7
       5
       1
       1
       5
       1
       3
       4
       3
       4
       1
       4
       1
       5
       6
       5
       2
       4
       2
       3
       3
       4
       4
       4
       5
       4
       2
       2
       1
       3
       5
       2
       3
       2
       3
       4
       5
       4
       0
       4
       3
       4
       3
       1
       3
       3
       1
       5
       4
       2
       1
       1
       2
       1
       5
       6
       3
       5
       2
       0
       3
       3
       5
       1
       5
       0
       4
       1
       3
       3
       1
       3
       1
       0
       1
       4
       6
       4
       2
       3
       2
       4
       2
       1
       3
       1
       1
       3
       6
       1
       4
       2
       1
       5
       3
       3
       3
       4
       3
       3
       3
       3
       1
       4
       1
       2
       3
       2
       4
       3
       0
       1
       3
       2
       2
       1
       2
       4
       4
       0
       0
       2
       3
       1
       0
       0
       1
       3
       2
       1
       2
       1
       3
       4
       9
       4
       1
       5
       2
       4
       5
       2
       5
       2
       5
       6
       3
       5
       4
       1
       3
       5
       4
       2
       5
       3
       1
       9
       4
       3
       4
       1
       5
       2
       4
       7
       3
       1
       2
       7
       4
       4
       1
       5
       5
       1
       4
       3
       4
       9
       6
       5
       2
       3
       1
       4
       5
       6
       6
       2
       6
       4
       3
       4
       6
       5
       3
       3
       5
       5
       3
       3
       4
       4
       2
       5
       4
       5
       6
       0
       6
       3
       4
       2
       5
       3
      10
       5
       8
       3
       5
       2
       4
       2
       4
       6
       5
       7
       2
       5
       5
       3
       6
       5
       2
       1
       4
       4
       2
       5
       2
       2
       3
       6
       3
       3
       3
       1
       2
       3
       4
       3
       3
       5
       4
       2
       7
       6
       2
       4
       1
       3
       5
       6
       4
       1
       5
       0
       3
       2
       3
       3
       2
       3
       2
       5
       1
       6
       1
       2
       4
       6
       5
       3
       1
       3
       2
       1
       2
       0
       4
       2
       1
       3
       1
       6
       1
       1
       5
       3
       2
       0
       2
       3
       1
       4
       2
       1
       5
       4
       1
       1
       5
       2
       2
       2
       1
       0
       3
       3
       4
       0
       1
       2
       0
       0
       1
       4
       3
       0
       2
       2
       2
       5
       1
       2
       2
       1
       1
       1
       3
       0
       5
       2
       0
       0
       2
       1
       0
       1
       4
       2
       1
       1
       0
       1
       0
       3
       2
       0
       1
       0
       0
       0
       0
       0
       0
       0
       0
       0
       0
       0
       0
       0
       0
       0
       0
       0
       0
       0
       0
       0
       0
       0
       0
       0
       0
       0
       0
       0
       0
       0
       0
       0
       0
       0
       0
       0
       0
       0
       0
       0
       0
       0
       0
       0
       0
       0
       0
       0
       0
       0
       0
       0
       0
       0
       0
       0
       0
       0
       0
       0
       0
       0
       0
       0
       0
       0
       0
       0
       0
       0
       0
       0
       0
       0
       0
       0
       0
       0
       0
       0
       0
       0
       0
       0
       0
       0
       0
       0
       0
       0
       0
       0
       0
       0
       0
       0
       0
       0
       0
       0
       0
       0
       0
       0
       0
       0
       0
       0
       0
       0
       0
       0
       0
       0
       0
       0
       0
       0
       0
       0
       0
       0
       0
       0
       0
       0
       0
       0
       0
       0
       0
       0
       0
       0
       0
       0
       0
       0
       0
       0
       0
       0
       0
       0
       0
       0
       0
       0
       0
       0
       0
       0
       0
       0
       0
       0
       0
       0
       0
       0
       0
       0
       0
       0
       0
       0
       0
       0
       0
       0
       0
       0
       0
       0
       0
       0
       0
       0
       0
       0
       0
       0
       0
       0
       0
       0
       0
       0
       0
       0
       0
       0
       0
       0
       0
       0
       0
       0
       0
       0
       0
       0
       0
       0
       0
       0
       0
       0
       0
       0
       0
       0
       0
       0
       0
       0
       0
       0
       0
       0
       0
       0
       0
       0
       0
       0
       0
       0
       0
       0
       0
       0
       0
       0
       0
       0
       0
       0
       0
       0
       0
       0
       0
       0
       0
       0
       0
       0
       0
       0
       0
       0
       0
       0
       0
       0
       0
       0
       0
       0
       0
       0
       0
       0
       0
       0
       0
       0
       0
       0
       0
$ROI:
1
849 850
$PRESETS:
Live Time
999999
0
$ENER_FIT:
0.000000 0.749264
$MCA_CAL:
3
0.000000E+000 7.492638E-001 0.000000E+000 keV
$SHAPE_CAL:
3
0.000000E+000 0.000000E+000 0.000000E+000
