$SPEC_ID:
none
$SPEC_REM:
DET# 1
DETDESC# GRAD-LAB Easy-MCA-2k SN 14163589
AP# Maestro Version 7.01
$DATE_MEA:
09/14/2016 12:41:26
$MEAS_TIM:
298 300
$DATA:
0 2047
       0
       0
       0
       1
       0
       3
       0
       1
       2
       0
       1
       0
       2
       5
       2
       4
       8
      34
     191
     229
     215
     234
     204
     236
     228
     204
     220
     218
     199
     218
     250
     224
     225
     226
     211
     234
     235
     241
     236
     204
     228
     236
     229
     251
     206
     264
     219
     234
     243
     237
     249
     239
     237
     238
     267
     240
     274
     256
     284
     287
     258
     254
     267
     272
     256
     269
     287
     270
     272
     270
     254
     287
     305
     259
     276
     291
     293
     274
     297
     285
     296
     300
     287
     296
     305
     333
     349
     319
     315
     313
     349
     281
     320
     301
     329
     309
     310
     366
     338
     272
     305
     297
     311
     308
     293
     302
     318
     329
     290
     293
     331
     344
     354
     304
     327
     332
     340
     332
     341
     348
     323
     386
     362
     364
     413
     424
     451
     388
     478
     495
     494
     525
     572
     589
     570
     622
     614
     632
     697
     655
     687
     734
     729
     700
     622
     706
     716
     645
     652
     623
     651
     604
     636
     561
     621
     563
     563
     568
     500
     542
     485
     475
     479
     500
     510
     468
     431
     479
     442
     402
     442
     394
     397
     413
     411
     418
     384
     377
     387
     362
     392
     385
     371
     365
     372
     375
     334
     390
     333
     400
     397
     393
     373
     390
     404
     372
     347
     402
     360
     371
     369
     372
     360
     383
     384
     415
     441
     402
     389
     391
     410
     414
     430
     397
     409
     434
     398
     456
     395
     414
     375
     424
     411
     452
     430
     459
     425
     438
     408
     454
     433
     480
     447
     432
     490
     411
     404
     407
     437
     423
     460
     430
     454
     408
     456
     456
     445
     448
     442
     474
     435
     465
     456
     452
     503
     447
     435
     402
     452
     489
     436
     432
     472
     515
     440
     492
     483
     472
     469
     502
     456
     509
     491
     500
     471
     482
     452
     505
     499
     506
     511
     492
     506
     453
     471
     507
     529
     585
     559
     553
     561
     535
     581
     542
     540
     570
     583
     567
     601
     564
     589
     613
     601
     592
     634
     581
     622
     621
     687
     615
     706
     649
     658
     692
     609
     702
     637
     707
     655
     695
     716
     693
     677
     665
     695
     695
     686
     677
     714
     727
     744
     720
     732
     699
     710
     674
     729
     658
     729
     707
     718
     710
     704
     742
     714
     641
     717
     680
     676
     720
     679
     713
     674
     661
     673
     687
     650
     735
     684
     680
     681
     652
     673
     656
     680
     670
     666
     624
     664
     663
     665
     653
     655
     612
     671
     652
     614
     648
     613
     657
     659
     611
     660
     636
     671
     638
     616
     626
     608
     621
     595
     639
     609
     612
     665
     602
     592
     634
     576
     601
     570
     611
     581
     596
     583
     645
     592
     609
     623
     607
     564
     621
     615
     581
     559
     591
     542
     581
     594
     574
     596
     547
     599
     642
     561
     563
     547
     572
     565
     548
     550
     550
     563
     552
     612
     570
     560
     524
     593
     537
     548
     565
     606
     584
     575
     593
     548
     576
     525
     562
     499
     561
     553
     569
     596
     528
     553
     529
     530
     548
     554
     535
     551
     543
     538
     524
     519
     536
     545
     524
     569
     521
     538
     540
     550
     557
     548
     565
     512
     560
     528
     556
     551
     587
     506
     534
     553
     553
     556
     537
     510
     541
     564
     502
     533
     525
     552
     538
     564
     545
     481
     565
     544
     475
     538
     515
     565
     529
     505
     533
     522
     529
     567
     584
     513
     509
     547
     523
     542
     534
     521
     538
     564
     538
     566
     558
     532
     545
     560
     513
     544
     549
     530
     574
     550
     519
     507
     548
     520
     562
     540
     513
     544
     558
     513
     537
     510
     524
     507
     504
     495
     588
     542
     524
     551
     562
     522
     510
     529
     525
     525
     548
     506
     534
     536
     533
     545
     568
     534
     512
     550
     564
     553
     563
     590
     536
     584
     580
     566
     577
     542
     558
     561
     557
     567
     597
     554
     571
     571
     547
     603
     620
     612
     543
     588
     576
     565
     574
     583
     600
     562
     587
     558
     581
     598
     544
     556
     605
     594
     607
     584
     618
     586
     593
     569
     617
     562
     581
     609
     558
     605
     605
     595
     587
     601
     605
     610
     588
     571
     588
     617
     573
     558
     616
     601
     538
     581
     592
     562
     554
     561
     556
     587
     584
     565
     572
     564
     585
     523
     532
     546
     521
     525
     542
     477
     538
     525
     498
     510
     489
     527
     510
     521
     488
     507
     470
     488
     462
     501
     428
     444
     468
     461
     453
     406
     424
     399
     432
     429
     395
     412
     375
     406
     395
     394
     370
     393
     378
     351
     345
     357
     359
     351
     331
     331
     320
     320
     334
     335
     331
     341
     320
     323
     321
     295
     314
     322
     297
     309
     276
     306
     299
     294
     276
     279
     311
     294
     291
     272
     276
     286
     265
     253
     286
     279
     268
     283
     244
     266
     253
     261
     288
     277
     243
     258
     284
     266
     247
     253
     251
     259
     254
     248
     278
     248
     247
     250
     244
     231
     268
     254
     241
     231
     245
     260
     233
     237
     227
     234
     244
     251
     268
     234
     219
     251
     209
     213
     254
     223
     243
     247
     246
     270
     203
     212
     216
     235
     207
     212
     229
     202
     230
     212
     224
     232
     239
     214
     210
     217
     207
     225
     211
     226
     235
     230
     249
     209
     224
     223
     218
     225
     237
     233
     227
     215
     236
     210
     232
     218
     205
     231
     231
     218
     229
     241
     239
     265
     279
     254
     229
     243
     275
     263
     243
     285
     277
     237
     280
     275
     287
     298
     323
     302
     324
     322
     391
     334
     332
     409
     405
     414
     448
     435
     473
     512
     507
     534
     565
     601
     558
     624
     663
     638
     761
     775
     784
     863
     834
     902
     917
    1011
    1045
    1015
    1088
    1120
    1169
    1220
    1308
    1307
    1312
    1415
    1508
    1587
    1522
    1545
    1774
    1770
    1764
    1910
    1886
    2053
    2018
    2033
    2079
    2127
    2236
    2269
    2358
    2439
    2367
    2454
    2569
    2532
    2549
    2623
    2630
    2737
    2724
    2737
    2775
    2795
    2797
    2820
    2871
    2889
    2910
    2950
    3023
    2919
    2901
    2923
    2911
    2968
    2980
    2923
    2925
    2958
    2931
    2850
    2842
    2944
    2884
    2924
    2772
    2845
    2779
    2761
    2666
    2596
    2647
    2597
    2565
    2526
    2479
    2422
    2380
    2311
    2307
    2227
    2281
    2225
    2157
    2135
    2054
    2027
    1971
    1978
    1892
    1844
    1845
    1801
    1834
    1730
    1617
    1583
    1612
    1482
    1520
    1473
    1423
    1398
    1376
    1289
    1280
    1223
    1228
    1154
    1112
    1095
    1101
    1039
     962
    1001
     954
     950
     962
     834
     816
     822
     748
     808
     765
     712
     648
     645
     630
     635
     600
     563
     543
     508
     496
     460
     458
     462
     453
     450
     413
     394
     398
     364
     335
     290
     318
     311
     294
     289
     273
     251
     289
     247
     220
     215
     201
     201
     195
     197
     176
     164
     165
     175
     135
     117
     103
     124
     126
     114
     102
      89
      95
      85
      91
      90
      92
      90
      79
      60
      61
      84
      56
      50
      50
      61
      64
      61
      59
      40
      49
      39
      43
      25
      34
      41
      28
      27
      31
      21
      29
      29
      24
      16
      27
      18
      18
      18
      15
      15
      13
      25
      17
      14
      11
      11
      15
       8
      15
      14
      10
      10
       7
       8
       6
      15
      10
       9
      17
      13
      15
       6
       8
      11
      10
       7
       6
       6
       7
       3
       7
       7
       3
      11
       4
       4
       4
       2
       8
       6
       2
       4
       4
       1
      10
       2
       9
       7
       1
       5
       5
       3
       5
       7
       7
       6
       4
      11
       7
       5
       6
       2
       5
       2
       4
       5
       5
       4
       5
       6
       4
       3
       4
       9
       3
       4
       2
       7
       5
       2
       6
       3
       5
       5
       5
       8
       6
       8
       5
       5
       3
       4
       6
       5
       3
       2
       3
       3
       5
       5
       8
       4
      10
       2
       5
       4
       3
       3
       7
       5
       5
       6
       3
       6
       5
       4
       5
       2
       5
       8
       3
       4
       2
       6
       5
       5
       3
       9
       6
       5
       6
       5
       3
       8
       7
       2
       2
       6
       3
       0
       4
       5
       7
       4
       3
       7
       5
       2
       5
       6
       3
       2
       5
       0
       5
       6
       3
       6
       6
       5
       2
       7
       2
       4
       7
       3
       6
       4
       4
       1
       4
       5
       3
       5
       5
       1
       4
       4
       3
       1
       3
       2
       1
       8
       1
       2
       6
       3
       4
       3
       4
       3
       1
       5
       5
       5
       4
       2
       4
       6
       2
       4
       4
       2
       4
       4
       2
       6
       1
       3
       8
       1
       4
       4
       4
       4
       4
       4
       0
       4
       2
       6
       1
       2
       2
       5
       1
       1
       1
       5
       2
       2
       3
       5
       1
       0
       4
       6
       3
       2
       2
       1
       3
       3
       1
       4
       5
       4
       2
       3
       3
       6
       8
       3
       4
       4
       7
       6
       6
       5
       4
       3
       3
       3
       4
       3
       3
       3
       3
       2
       5
       6
       7
       1
       2
       4
       3
       5
       2
       4
       3
       5
       4
       4
       6
       6
       5
       3
       3
       5
       4
       3
       3
       2
       0
       3
       4
       9
       4
       1
       6
       4
       3
       1
       5
       4
       7
       4
       4
       3
       4
       6
       3
       3
       1
       9
       0
       6
       2
       3
       2
       1
       4
       4
       5
       3
       3
       2
       4
       2
       2
       5
       3
       2
       3
       2
       2
       4
       3
       1
       6
       2
       3
       2
       2
       2
       0
       3
       3
       2
       3
       2
       7
       1
       2
       1
       3
       3
       3
       3
       5
       0
       2
       3
       5
       5
       4
       1
       3
       4
       0
       2
       3
       4
       5
       2
       2
       1
       3
       3
       4
       5
       3
       2
       1
       2
       1
       3
       5
       0
       1
       4
       3
       4
       1
       0
       3
       1
       2
       4
       4
       1
       1
       1
       6
       2
       1
       3
       2
       1
       4
       2
       5
       0
       4
       4
       1
       3
       7
       6
       3
       3
       1
       1
       2
       1
       1
       3
       1
       1
       4
       2
       2
       5
       1
       2
       4
       0
       2
       3
       0
       3
       1
       3
       2
       1
       2
       3
       7
       5
       2
       3
       1
       2
       0
       2
       1
       0
       2
       3
       1
       6
       4
       1
       0
       2
       0
       3
       7
       0
       0
       3
       3
       1
       1
       1
       2
       1
       2
       5
       1
       2
       2
       1
       2
       4
       1
       1
       2
       4
       1
       3
       2
       0
       3
       2
       2
       0
       3
       2
       1
       2
       1
       3
       3
       2
       3
       3
       1
       1
       1
       1
       1
       0
       2
       1
       2
       3
       1
       4
       1
       2
       2
       1
       3
       2
       2
       3
       3
       3
       5
       2
       5
       3
       2
       2
       2
       5
       3
       0
       5
       2
       1
       5
       4
       2
       4
       3
       4
       1
       7
       2
       6
       1
       3
       7
       5
       3
       2
       3
       5
       3
       6
       1
       3
       3
       6
       6
       2
       4
       2
       3
       2
       1
       5
       2
       7
       4
       4
       2
       6
       2
       4
       4
       1
       1
       4
       4
       5
       3
       6
       1
       4
       4
       5
       5
       1
       2
       4
       3
       3
       6
       3
       7
       1
       4
       4
       6
       4
       6
       3
       3
       6
       3
       6
       6
       3
       3
       7
       3
       4
       5
       6
       1
       4
       5
       6
       5
       2
       4
       7
       1
       4
       4
       5
       3
       3
       5
       5
       5
       3
       8
       5
       0
       1
       5
       6
       5
       3
       8
       1
       8
       6
       0
       3
       4
       3
       1
       7
       4
       5
       1
       4
       5
       4
       3
       2
       4
       3
       6
       4
       5
       3
       2
       3
       4
       1
       5
       2
       3
       5
       3
       0
       2
       5
       3
       3
       7
       4
       1
       0
       2
       4
       1
       1
       3
       3
       3
       4
       1
       3
       3
       0
       1
       3
       1
       1
       0
       4
       2
       3
       0
       1
       1
       1
       0
       0
       0
       0
       0
       0
       0
       0
       0
       0
       0
       0
       0
       0
       0
       0
       0
       0
       0
       0
       0
       0
       0
       0
       0
       0
       0
       0
       0
       0
       0
       0
       0
       0
       0
       0
       0
       0
       0
       0
       0
       0
       0
       0
       0
       0
       0
       0
       0
       0
       0
       0
       0
       0
       0
       0
       0
       0
       0
       0
       0
       0
       0
       0
       0
       0
       0
       0
       0
       0
       0
       0
       0
       0
       0
       0
       0
       0
       0
       0
       0
       0
       0
       0
       0
       0
       0
       0
       0
       0
       0
       0
       0
       0
       0
       0
       0
       0
       0
       0
       0
       0
       0
       0
       0
       0
       0
       0
       0
       0
       0
       0
       0
       0
       0
       0
       0
       0
       0
       0
       0
       0
       0
       0
       0
       0
       0
       0
       0
       0
       0
       0
       0
       0
       0
       0
       0
       0
       0
       0
       0
       0
       0
       0
       0
       0
       0
       0
       0
       0
       0
       0
       0
       0
       0
       0
       0
       0
       0
       0
       0
       0
       0
       0
       0
       0
       0
       0
       0
       0
       0
       0
       0
       0
       0
       0
       0
       0
       0
       0
       0
       0
       0
       0
       0
       0
       0
       0
       0
       0
       0
       0
       0
       0
       0
       0
       0
       0
       0
       0
       0
       0
       0
       0
       0
       0
       0
       0
       0
       0
       0
       0
       0
       0
       0
       0
       0
       0
       0
       0
       0
       0
       0
       0
       0
       0
       0
       0
       0
       0
       0
       0
       0
       0
       0
       0
       0
       0
       0
       0
       0
       0
       0
       0
       0
       0
       0
       0
       0
       0
       0
       0
       0
       0
       0
       0
       0
       0
       0
       0
       0
       0
       0
       0
       0
       0
$ROI:
1
539 549
$PRESETS:
Live Time
999999
0
$ENER_FIT:
0.000000 0.749264
$MCA_CAL:
3
0.000000E+000 7.492638E-001 0.000000E+000 keV
$SHAPE_CAL:
3
0.000000E+000 0.000000E+000 0.000000E+000
