$SPEC_ID:
none
$SPEC_REM:
DET# 1
DETDESC# GRAD-LAB Easy-MCA-2k SN 14163589
AP# Maestro Version 7.01
$DATE_MEA:
09/14/2016 13:48:20
$MEAS_TIM:
2487 2490
$DATA:
0 2047
       0
       0
       0
       1
       0
       0
       0
       0
       0
       0
       0
       0
       0
       0
       0
       2
       2
      43
     195
     194
     185
     199
     251
     202
     226
     196
     185
     226
     250
     234
     227
     205
     224
     255
     221
     253
     226
     207
     244
     227
     226
     240
     233
     228
     231
     222
     262
     251
     248
     249
     266
     284
     277
     303
     307
     304
     301
     310
     329
     346
     340
     299
     305
     295
     310
     296
     295
     316
     318
     292
     288
     322
     334
     318
     326
     318
     330
     327
     330
     381
     372
     367
     389
     425
     373
     434
     424
     454
     446
     414
     427
     433
     444
     408
     372
     417
     375
     372
     377
     386
     363
     373
     365
     387
     401
     399
     402
     438
     367
     421
     440
     400
     441
     406
     449
     415
     472
     439
     516
     490
     530
     588
     621
     654
     677
     735
     900
     880
     911
    1033
    1186
    1241
    1298
    1451
    1484
    1556
    1624
    1696
    1708
    1763
    1872
    1855
    1777
    1803
    1736
    1761
    1694
    1626
    1575
    1497
    1472
    1375
    1369
    1339
    1275
    1232
    1236
    1170
    1101
    1046
     976
    1053
     915
     905
     871
     843
     768
     725
     696
     649
     670
     638
     652
     584
     601
     587
     527
     559
     532
     526
     552
     535
     544
     494
     550
     508
     539
     522
     491
     538
     519
     472
     533
     537
     515
     530
     567
     498
     509
     561
     521
     552
     552
     513
     512
     542
     545
     536
     525
     523
     540
     552
     601
     533
     559
     564
     570
     571
     591
     571
     557
     551
     546
     583
     519
     549
     567
     576
     537
     540
     543
     573
     566
     516
     513
     570
     500
     549
     535
     562
     599
     548
     556
     543
     533
     569
     554
     552
     555
     553
     530
     546
     569
     524
     564
     608
     553
     518
     587
     550
     562
     579
     520
     577
     581
     595
     585
     549
     576
     571
     547
     614
     556
     598
     566
     570
     573
     596
     601
     646
     586
     570
     597
     582
     560
     605
     587
     627
     595
     595
     566
     604
     655
     632
     570
     633
     641
     638
     653
     633
     635
     663
     711
     658
     640
     668
     646
     658
     721
     710
     736
     651
     667
     693
     742
     704
     671
     757
     700
     702
     738
     734
     716
     728
     716
     747
     710
     678
     779
     712
     760
     744
     766
     757
     752
     716
     776
     733
     727
     745
     784
     759
     752
     724
     767
     748
     730
     754
     765
     735
     741
     775
     706
     744
     710
     764
     778
     751
     675
     760
     735
     714
     717
     702
     757
     680
     678
     721
     777
     715
     688
     720
     721
     730
     721
     704
     741
     679
     694
     679
     663
     671
     642
     700
     716
     642
     711
     641
     699
     684
     627
     675
     636
     676
     651
     668
     671
     610
     673
     650
     619
     614
     672
     645
     672
     644
     624
     656
     626
     638
     603
     576
     634
     644
     673
     605
     619
     647
     644
     662
     649
     596
     606
     611
     613
     614
     644
     603
     593
     567
     605
     634
     588
     573
     555
     570
     647
     606
     574
     621
     581
     613
     559
     555
     585
     636
     575
     592
     597
     587
     614
     583
     576
     607
     583
     589
     602
     591
     605
     534
     598
     554
     547
     584
     579
     601
     584
     593
     550
     569
     603
     572
     593
     571
     595
     572
     600
     577
     582
     580
     565
     575
     550
     573
     523
     542
     578
     577
     531
     532
     550
     574
     549
     548
     587
     534
     552
     565
     593
     585
     635
     555
     597
     587
     608
     525
     588
     617
     513
     516
     585
     565
     575
     556
     582
     569
     551
     588
     588
     570
     563
     538
     554
     534
     569
     574
     534
     561
     510
     540
     559
     569
     527
     593
     561
     550
     559
     552
     573
     540
     578
     522
     571
     576
     576
     579
     544
     558
     526
     583
     553
     540
     540
     517
     548
     597
     558
     534
     567
     559
     579
     592
     552
     539
     549
     518
     524
     557
     565
     565
     544
     561
     544
     556
     539
     572
     558
     543
     556
     570
     543
     519
     595
     525
     534
     582
     585
     534
     544
     547
     536
     592
     522
     560
     506
     500
     512
     536
     558
     551
     527
     540
     588
     521
     551
     508
     547
     519
     541
     559
     557
     546
     553
     517
     597
     510
     510
     575
     525
     534
     552
     506
     519
     584
     535
     536
     570
     568
     510
     547
     547
     546
     546
     529
     515
     516
     524
     539
     516
     535
     525
     521
     520
     507
     533
     476
     509
     525
     520
     555
     511
     513
     491
     518
     512
     512
     474
     497
     487
     503
     543
     579
     484
     481
     520
     464
     455
     485
     469
     488
     439
     459
     448
     466
     452
     469
     485
     487
     409
     443
     433
     459
     459
     464
     462
     468
     440
     454
     437
     438
     437
     441
     455
     465
     409
     442
     460
     436
     442
     465
     449
     466
     431
     447
     450
     426
     474
     425
     460
     424
     431
     402
     418
     448
     471
     449
     453
     454
     405
     415
     453
     411
     430
     480
     458
     448
     438
     427
     421
     432
     452
     412
     427
     419
     426
     445
     466
     426
     491
     408
     469
     439
     467
     471
     479
     453
     459
     469
     412
     453
     428
     443
     468
     445
     473
     460
     466
     527
     476
     498
     474
     492
     479
     457
     506
     488
     489
     492
     504
     459
     497
     481
     473
     506
     532
     484
     532
     537
     563
     476
     542
     474
     517
     484
     521
     516
     527
     535
     538
     499
     531
     524
     550
     559
     564
     520
     538
     573
     510
     591
     546
     571
     546
     564
     547
     533
     545
     566
     526
     595
     564
     610
     575
     545
     601
     603
     554
     542
     554
     505
     589
     584
     569
     559
     560
     573
     554
     585
     558
     561
     614
     575
     581
     559
     562
     568
     603
     590
     580
     587
     580
     657
     608
     591
     588
     583
     594
     606
     621
     598
     632
     604
     673
     592
     631
     616
     626
     647
     651
     637
     618
     621
     651
     697
     653
     697
     703
     685
     677
     677
     709
     682
     722
     742
     698
     713
     724
     732
     739
     715
     757
     771
     703
     715
     706
     763
     786
     710
     715
     759
     742
     746
     769
     717
     776
     710
     736
     696
     728
     676
     691
     694
     677
     656
     635
     698
     664
     630
     634
     630
     577
     581
     604
     577
     566
     591
     548
     544
     524
     486
     539
     486
     473
     480
     488
     405
     392
     408
     374
     381
     357
     377
     367
     342
     360
     345
     324
     304
     290
     288
     260
     270
     263
     219
     196
     189
     227
     195
     215
     191
     194
     163
     180
     142
     165
     171
     159
     140
     120
     138
     116
     123
     119
      98
     100
     111
     106
     100
      91
     101
      97
      91
      75
      84
      70
     102
      73
      55
      67
      74
      57
      62
      65
      55
      49
      58
      52
      52
      58
      59
      45
      67
      36
      38
      53
      46
      38
      40
      36
      45
      28
      55
      37
      31
      34
      37
      37
      31
      31
      34
      35
      28
      27
      30
      17
      29
      31
      23
      35
      34
      27
      21
      22
      30
      31
      31
      31
      21
      39
      27
      24
      21
      24
      27
      34
      28
      28
      21
      24
      25
      24
      24
      32
      27
      19
      31
      32
      24
      17
      32
      20
      19
      22
      33
      26
      20
      18
      20
      16
      23
      23
      24
      14
      17
      20
      24
      23
      25
      25
      21
      22
      33
      34
      20
      22
      20
      30
      28
      26
      26
      18
      15
      19
      16
      37
      19
      19
      22
      24
      26
      22
      28
      19
      33
      19
      32
      26
      31
      23
      19
      28
      10
      16
      23
      19
      25
      20
      15
      18
      37
      24
      31
      17
      20
      22
      34
      24
      19
      22
      23
      22
      21
      26
      26
      18
      24
      29
      18
      23
      30
      21
      26
      21
      22
      23
      17
      30
      24
      22
      14
      18
      21
      27
      20
      24
      27
      13
      25
      25
      28
      21
      27
      20
      17
      26
      20
      20
      27
      23
      22
      21
      23
      19
      14
      22
      17
      14
      26
      20
      18
      21
      20
      27
      25
      15
      29
      24
      12
      22
      19
      22
      18
      20
      24
      18
      24
      15
      26
      13
      17
      24
      33
      25
      20
      20
      28
      20
      24
      26
      18
      25
      15
      17
      24
      22
      27
      24
      27
      22
      19
      17
      29
      20
      21
      21
      23
      25
      26
      21
      25
      22
      20
      18
      22
      26
      22
      19
      27
      26
      24
      27
      20
      20
      25
      19
      21
      11
      17
      18
      25
      21
      24
      25
      17
      16
      15
      21
      20
      23
      25
      17
      18
      21
      21
      22
      26
      19
      26
      20
      16
      17
      19
      24
      28
      25
      22
      27
      25
      12
      20
      22
      26
      15
      13
      26
      26
      24
      19
      22
      33
      16
      18
      18
      28
      20
      26
      23
      26
      19
      25
      20
      25
      19
      19
      23
      21
      21
      18
      17
      18
      28
      16
      17
      22
      18
      35
      19
      29
      23
      23
      26
      14
      20
      21
      20
      30
      21
      22
      25
      24
      15
      20
      11
      30
      24
      27
      18
      25
      20
      16
      16
      22
      20
      31
      26
      19
      30
      32
      20
      16
      22
      23
      17
      28
      10
      18
      18
      26
      23
      20
      32
      25
      17
      15
      27
      25
      31
      24
      27
      22
      31
      22
      25
      15
      19
      24
      14
      20
      19
      20
      31
      21
      20
      25
      30
      23
      24
      22
      20
      18
      18
      13
      19
      19
      16
      32
      12
      19
      19
      19
      14
      19
      19
      16
      17
      18
      26
      22
      20
      17
      18
      16
      20
      28
      23
       7
      16
      23
      15
      11
      16
      18
      13
      19
      25
      16
      20
      20
      16
      21
      17
      20
      22
      27
      16
      23
      18
      15
      15
      19
      19
      18
      22
      20
      18
      15
      16
      13
      18
      19
      13
      23
      15
      19
      15
      17
      12
      24
      19
      17
      22
      10
      14
      21
      14
      14
      16
      10
      11
      17
      11
      11
      14
      16
      25
      19
      19
      18
       9
      16
      14
      16
      22
      15
      13
      14
      22
      15
      16
      14
      16
      11
      16
      12
      14
      18
      15
      17
      19
      20
      18
      15
      10
      20
      18
      13
      13
      15
      13
      16
      17
      20
      14
      13
      17
      15
      11
      12
      18
      17
      12
      11
      11
      10
      18
      10
      12
      20
      11
       9
       8
      17
       9
      11
      13
       9
      10
      15
      15
      12
      16
       8
      16
      12
       9
      17
      15
      12
      12
      13
       9
      17
       8
      13
      20
      15
      13
      15
      20
      15
      13
      12
      12
      12
       9
      10
      13
      12
      10
       9
      12
      15
      12
      12
       6
      16
      14
      13
      10
      11
       8
      11
      10
      13
      15
      16
      16
       6
       4
      12
      14
      15
      21
       9
      13
      14
      12
      10
      12
      12
      13
       9
      13
      13
      16
       4
      12
       8
      17
       9
       6
      12
      14
      11
       6
       8
       9
       8
      11
      13
       9
       9
      13
      10
      12
      19
      14
      10
      17
      13
      18
       8
      15
       6
       5
      17
      14
       9
      10
      19
      16
      15
      14
      12
      17
      15
      10
      12
       9
       9
      17
      18
      10
      29
      14
      13
      14
      18
      18
      18
      13
      25
      14
      13
       9
      16
      18
      17
      18
      13
      15
      12
      34
      16
      17
      12
       8
      11
      20
      19
      20
       8
      20
      19
      16
      18
      14
      25
      27
      17
      20
      24
      20
      20
      26
      15
      20
      26
      14
      15
      26
      20
      22
      24
      21
      24
      17
      24
      25
      15
      14
      20
      18
      30
      16
      14
      22
      25
      20
      18
      21
      23
      25
      23
      18
      14
      14
      20
      21
      26
      17
      14
      30
      22
      14
      17
      22
      16
      21
      24
      21
      18
      17
      23
      19
      17
      20
      22
      16
      13
      18
      22
      23
      26
      13
      14
      20
      19
      15
      16
      15
       8
      10
      20
      16
      12
      19
      18
      18
      19
      18
      20
      11
      14
      13
      17
      14
      21
      17
      13
      15
      10
      10
       8
       8
       2
       3
       2
       1
       0
       0
       0
       0
       0
       0
       0
       0
       0
       0
       0
       0
       0
       0
       0
       0
       0
       0
       0
       0
       0
       0
       0
       0
       0
       0
       0
       0
       0
       0
       0
       0
       0
       0
       0
       0
       0
       0
       0
       0
       0
       0
       0
       0
       0
       0
       0
       0
       0
       0
       0
       0
       0
       0
       0
       0
       0
       0
       0
       0
       0
       0
       0
       0
       0
       0
       0
       0
       0
       0
       0
       0
       0
       0
       0
       0
       0
       0
       0
       0
       0
       0
       0
       0
       0
       0
       0
       0
       0
       0
       0
       0
       0
       0
       0
       0
       0
       0
       0
       0
       0
       0
       0
       0
       0
       0
       0
       0
       0
       0
       0
       0
       0
       0
       0
       0
       0
       0
       0
       0
       0
       0
       0
       0
       0
       0
       0
       0
       0
       0
       0
       0
       0
       0
       0
       0
       0
       0
       0
       0
       0
       0
       0
       0
       0
       0
       0
       0
       0
       0
       0
       0
       0
       0
       0
       0
       0
       0
       0
       0
       0
       0
       0
       0
       0
       0
       0
       0
       0
       0
       0
       0
       0
       0
       0
       0
       0
       0
       0
       0
       0
       0
       0
       0
       0
       0
       0
       0
       0
       0
       0
       0
       0
       0
       0
       0
       0
       0
       0
       0
       0
       0
       0
       0
       0
       0
       0
       0
       0
       0
       0
       0
       0
       0
       0
       0
       0
       0
       0
       0
       0
       0
       0
       0
       0
       0
       0
       0
       0
       0
       0
       0
       0
       0
       0
       0
       0
       0
       0
       0
       0
       0
       0
       0
       0
       0
       0
       0
       0
       0
       0
       0
       0
       0
       0
       0
       0
       0
       0
       0
       0
       0
       0
       0
       0
       0
       0
       0
       0
$ROI:
1
539 549
$PRESETS:
Live Time
999999
0
$ENER_FIT:
0.000000 0.749264
$MCA_CAL:
3
0.000000E+000 7.492638E-001 0.000000E+000 keV
$SHAPE_CAL:
3
0.000000E+000 0.000000E+000 0.000000E+000
