$SPEC_ID:
none
$SPEC_REM:
DET# 1
DETDESC# GRAD-LAB Easy-MCA-2k SN 14163589
AP# Maestro Version 7.01
$DATE_MEA:
10/03/2016 12:18:43
$MEAS_TIM:
194 195
$DATA:
0 2047
       0
       0
       0
       1
       0
       0
       0
       0
       0
       0
       0
       0
       0
       0
       0
       0
       0
       9
      48
      40
      38
      38
      39
      48
      47
      54
      36
      49
      52
      55
      55
      47
      51
      49
      49
      55
      54
      66
      59
      47
      65
      63
      64
      51
      55
      51
      56
      68
      68
      52
      50
      61
      51
      56
      65
      58
      55
      69
      64
      70
      50
      58
      62
      56
      58
      74
      72
      72
      56
      78
      61
      68
      67
      71
      64
      78
      48
      72
      67
      75
      69
      60
      84
      63
      69
      72
      88
      64
      79
      71
      71
      80
      67
      89
      70
      66
      53
      81
      90
      77
      77
      69
      76
      69
      75
      79
      91
      83
      56
      75
      88
      68
      69
      74
      95
      95
      85
      79
      75
      85
      94
      76
      88
      90
      98
     104
     104
     110
      97
     131
     141
     128
     134
     166
     124
     147
     169
     163
     162
     170
     161
     174
     160
     180
     151
     144
     149
     142
     131
     145
     127
     131
     134
     135
     132
     124
     123
     135
     108
     111
     104
     146
     118
     113
      94
     137
     123
     102
     113
      94
      95
      87
     111
      99
     104
      97
      97
     104
      99
      95
      90
      81
      88
     106
      90
      90
      88
     101
     110
     101
      91
      82
     103
     108
      98
      74
      93
      90
     103
      85
      95
      78
      92
      81
      86
      84
      93
      88
      93
     118
     106
      95
      90
      96
     101
     106
     100
     110
      99
     108
     103
     106
      94
     110
     117
     101
      87
      98
     100
     110
      90
      83
     100
      84
     106
     101
      95
      99
     103
      99
     102
     108
     106
     110
     114
      93
     112
      97
     115
     100
      90
      97
     113
     109
     115
     102
     111
     100
     113
     101
      92
      95
     110
     101
     109
     102
     114
      98
     105
      94
     110
     129
     106
     123
     127
     126
     109
     111
     109
     117
     114
     124
     110
     127
     121
     116
     131
     104
     123
     116
     133
     122
     130
     132
     134
     113
     116
     110
     137
     124
     125
     130
     114
     139
     134
     135
     159
     148
     145
     137
     148
     147
     149
     140
     136
     123
     142
     157
     155
     143
     141
     145
     160
     138
     139
     142
     138
     161
     151
     153
     140
     135
     138
     135
     158
     141
     151
     145
     151
     168
     132
     151
     148
     156
     133
     148
     142
     148
     168
     161
     148
     139
     130
     144
     137
     162
     150
     135
     135
     112
     142
     171
     144
     146
     131
     128
     145
     148
     130
     110
     172
     137
     149
     144
     132
     140
     141
     139
     141
     145
     142
     135
     131
     118
     142
     123
     149
     134
     114
     147
     143
     149
     171
     133
     128
     134
     148
     126
     120
     142
     127
     130
     135
     119
     148
     127
     128
     133
     116
     133
     131
     155
     131
     124
     133
     132
     119
     124
     133
     136
     127
     119
     118
     126
     122
     136
     144
     147
     133
     142
     119
     131
     129
     131
     124
     131
     138
     106
     110
     147
     136
     125
     128
     136
     134
     136
     137
     108
     116
     148
      97
     114
     125
     111
     135
     133
     130
     139
     119
     128
     120
     114
     132
     133
     114
     132
     128
     116
     112
     125
     116
     119
     121
     142
     113
     127
     139
     118
     118
     136
     117
     116
     123
     107
     115
     108
     112
     127
     110
     125
     118
     136
     116
     119
     136
     111
     127
     136
     130
     142
     124
     102
     126
     113
     127
     117
     125
     127
     117
     124
     119
     150
     135
     109
     110
     124
     116
     130
     115
     134
      98
     129
     121
     125
     141
     140
     108
     119
     113
     106
     126
     109
     128
     137
     106
     152
     108
     118
     132
     137
     127
     111
     112
     132
     128
     133
     143
     124
     142
     142
     145
     127
     144
     132
     114
     120
     126
     130
     114
     132
     151
     138
     115
     114
     125
     146
     130
     130
     117
     136
     138
     131
     121
     145
     151
     115
     154
     133
     115
     139
     122
     151
     137
     125
     122
     119
     152
     134
     138
     147
     134
     151
     146
     138
     136
     114
     128
     161
     135
     116
     129
     135
     141
     136
     134
     139
     142
     140
     144
     142
     122
     155
     139
     144
     140
     139
     120
     121
     154
     123
     126
     142
     125
     136
     144
     125
     128
     144
     120
     153
     139
     150
     122
     120
     123
     143
     114
     124
     145
     134
     133
     120
     114
     125
     145
     123
     105
     127
     135
     114
     107
     123
     112
     120
     104
      94
     107
     103
     118
     103
      91
     107
     110
      99
     118
     105
      92
     101
      91
      95
      91
      94
     104
      97
      83
      90
      82
      96
      87
      99
      81
      76
      77
      90
      63
      87
      65
      67
      65
      77
      86
      75
      83
      68
      70
      70
      85
      82
      63
      87
      82
      74
      85
      66
      93
      74
      86
      62
      74
      55
      74
      57
      58
      70
      78
      70
      65
      76
      66
      62
      56
      56
      63
      59
      62
      65
      61
      64
      67
      53
      55
      72
      71
      56
      65
      67
      64
      56
      66
      53
      54
      65
      48
      70
      55
      52
      56
      60
      55
      72
      69
      42
      49
      69
      56
      58
      45
      67
      56
      52
      54
      43
      64
      53
      47
      58
      45
      65
      62
      58
      57
      57
      47
      75
      59
      66
      63
      69
      63
      56
      69
      54
      63
      50
      66
      60
      57
      59
      43
      57
      53
      65
      69
      57
      56
      52
      48
      52
      62
      50
      44
      74
      69
      58
      44
      61
      60
      70
      58
      49
      64
      68
      55
      64
      57
      57
      52
      70
      73
      75
      68
      71
      75
      60
      85
      72
      78
      92
      86
      84
      98
      98
     112
      86
     106
      87
      97
     126
     138
     112
     116
     133
     143
     141
     164
     147
     161
     173
     181
     186
     223
     225
     223
     236
     223
     228
     244
     265
     270
     273
     287
     319
     337
     363
     334
     362
     396
     410
     411
     397
     402
     459
     413
     471
     465
     465
     550
     533
     561
     559
     563
     579
     588
     598
     621
     614
     637
     671
     649
     636
     678
     716
     652
     664
     643
     687
     741
     712
     783
     705
     708
     690
     707
     685
     757
     709
     658
     680
     674
     692
     671
     619
     693
     641
     687
     655
     616
     605
     572
     591
     610
     554
     535
     569
     553
     571
     554
     519
     476
     515
     470
     420
     448
     410
     426
     417
     427
     432
     371
     353
     369
     359
     334
     382
     300
     319
     301
     283
     273
     278
     247
     276
     243
     242
     240
     232
     213
     212
     208
     188
     204
     182
     184
     168
     162
     166
     165
     154
     146
     143
     120
     128
     106
     117
     101
     107
     104
      94
      92
      91
      81
      81
      81
      83
      56
      90
      68
      66
      47
      55
      63
      46
      53
      53
      57
      54
      47
      42
      32
      23
      35
      35
      33
      19
      23
      22
      30
      24
      13
      17
      29
      12
      11
      13
      17
      15
      16
      11
      18
       8
       9
       6
       9
       7
       5
      10
       6
       4
      10
       1
       4
       7
       5
       4
       6
       5
       3
       3
       1
       4
       3
       7
       4
       5
       1
       3
       2
       4
       2
       4
       4
       4
       4
       6
       5
       0
       3
       2
       1
       0
       4
       3
       1
       3
       1
       3
       2
       4
       1
       4
       2
       0
       3
       2
       1
       1
       2
       4
       3
       1
       2
       1
       1
       2
       2
       1
       5
       6
       2
       4
       4
       1
       3
       3
       3
       2
       1
       4
       1
       2
       0
       1
       2
       2
       2
       1
       4
       0
       1
       7
       1
       2
       2
       1
       4
       1
       2
       1
       0
       2
       1
       1
       1
       3
       2
       5
       2
       1
       2
       4
       2
       3
       1
       1
       0
       4
       3
       1
       2
       1
       2
       2
       1
       1
       0
       3
       2
       4
       2
       2
       0
       4
       0
       1
       1
       1
       3
       0
       2
       3
       0
       4
       4
       1
       3
       2
       2
       0
       1
       0
       1
       5
       0
       3
       3
       1
       3
       3
       1
       5
       3
       1
       2
       3
       3
       3
       1
       2
       2
       2
       4
       2
       2
       2
       1
       2
       1
       0
       1
       2
       2
       2
       2
       2
       3
       4
       2
       3
       2
       1
       1
       2
       1
       5
       3
       1
       6
       0
       2
       3
       0
       1
       2
       0
       7
       0
       2
       1
       0
       4
       3
       1
       2
       2
       3
       1
       2
       3
       2
       1
       1
       3
       0
       1
       2
       1
       0
       1
       1
       2
       1
       2
       1
       1
       3
       1
       2
       3
       0
       2
       2
       2
       2
       2
       0
       1
       3
       2
       3
       2
       2
       1
       4
       0
       4
       2
       1
       2
       2
       2
       1
       2
       3
       2
       4
       4
       1
       0
       1
       2
       2
       2
       2
       1
       2
       5
       5
       1
       3
       2
       1
       1
       0
       2
       2
       4
       2
       2
       2
       2
       2
       2
       3
       3
       1
       1
       3
       2
       1
       0
       3
       2
       3
       0
       0
       1
       4
       4
       3
       1
       1
       2
       3
       2
       3
       2
       0
       3
       0
       2
       2
       1
       1
       2
       1
       2
       3
       3
       0
       1
       4
       3
       1
       4
       2
       2
       3
       3
       3
       2
       2
       1
       1
       2
       1
       3
       1
       1
       2
       2
       3
       1
       1
       0
       0
       1
       1
       1
       2
       0
       2
       1
       1
       2
       0
       2
       0
       0
       2
       3
       1
       3
       1
       0
       2
       0
       1
       0
       2
       2
       3
       0
       0
       1
       4
       1
       2
       2
       0
       1
       2
       3
       2
       1
       1
       2
       0
       1
       1
       2
       0
       0
       1
       1
       2
       1
       5
       0
       0
       0
       1
       2
       3
       0
       0
       1
       2
       0
       0
       3
       1
       3
       2
       0
       1
       1
       2
       2
       1
       1
       2
       2
       0
       3
       1
       2
       0
       3
       1
       2
       1
       4
       1
       2
       1
       2
       2
       1
       1
       2
       2
       0
       0
       0
       2
       1
       1
       2
       1
       1
       2
       3
       1
       1
       0
       1
       3
       3
       3
       2
       0
       1
       1
       3
       1
       3
       0
       1
       0
       2
       0
       3
       1
       3
       0
       1
       0
       1
       2
       1
       3
       0
       0
       1
       2
       0
       0
       0
       0
       3
       1
       1
       0
       0
       0
       0
       1
       1
       0
       1
       1
       1
       0
       1
       2
       3
       0
       1
       1
       1
       0
       3
       0
       1
       2
       2
       0
       0
       2
       1
       1
       1
       1
       1
       2
       1
       2
       0
       1
       1
       1
       0
       0
       1
       1
       0
       1
       0
       1
       3
       1
       2
       0
       1
       1
       1
       0
       0
       0
       1
       0
       1
       0
       2
       2
       2
       2
       1
       1
       1
       0
       0
       1
       0
       1
       0
       1
       1
       1
       0
       0
       1
       1
       2
       0
       1
       0
       1
       0
       1
       2
       1
       0
       3
       1
       1
       0
       0
       1
       0
       1
       2
       1
       0
       2
       2
       2
       1
       0
       0
       0
       0
       2
       2
       0
       3
       1
       1
       1
       0
       0
       0
       2
       1
       1
       0
       1
       0
       0
       1
       0
       4
       2
       2
       4
       2
       3
       0
       1
       1
       2
       2
       3
       2
       0
       3
       0
       1
       1
       4
       3
       1
       1
       0
       0
       1
       1
       1
       3
       1
       0
       3
       0
       2
       2
       1
       1
       1
       2
       0
       2
       1
       2
       1
       4
       1
       1
       0
       1
       4
       4
       2
       1
       2
       0
       0
       0
       4
       0
       3
       0
       2
       4
       1
       3
       2
       0
       4
       4
       1
       2
       0
       2
       3
       1
       4
       0
       1
       3
       2
       3
       0
       0
       2
       0
       3
       1
       0
       1
       0
       1
       1
       0
       1
       1
       2
       1
       2
       1
       1
       2
       2
       2
       0
       0
       0
       4
       1
       1
       0
       3
       0
       1
       0
       0
       1
       1
       2
       1
       0
       1
       0
       0
       0
       0
       0
       0
       0
       0
       0
       0
       0
       0
       0
       0
       0
       0
       0
       0
       0
       0
       0
       0
       0
       0
       0
       0
       0
       0
       0
       0
       0
       0
       0
       0
       0
       0
       0
       0
       0
       0
       0
       0
       0
       0
       0
       0
       0
       0
       0
       0
       0
       0
       0
       0
       0
       0
       0
       0
       0
       0
       0
       0
       0
       0
       0
       0
       0
       0
       0
       0
       0
       0
       0
       0
       0
       0
       0
       0
       0
       0
       0
       0
       0
       0
       0
       0
       0
       0
       0
       0
       0
       0
       0
       0
       0
       0
       0
       0
       0
       0
       0
       0
       0
       0
       0
       0
       0
       0
       0
       0
       0
       0
       0
       0
       0
       0
       0
       0
       0
       0
       0
       0
       0
       0
       0
       0
       0
       0
       0
       0
       0
       0
       0
       0
       0
       0
       0
       0
       0
       0
       0
       0
       0
       0
       0
       0
       0
       0
       0
       0
       0
       0
       0
       0
       0
       0
       0
       0
       0
       0
       0
       0
       0
       0
       0
       0
       0
       0
       0
       0
       0
       0
       0
       0
       0
       0
       0
       0
       0
       0
       0
       0
       0
       0
       0
       0
       0
       0
       0
       0
       0
       0
       0
       0
       0
       0
       0
       0
       0
       0
       0
       0
       0
       0
       0
       0
       0
       0
       0
       0
       0
       0
       0
       0
       0
       0
       0
       0
       0
       0
       0
       0
       0
       0
       0
       0
       0
       0
       0
       0
       0
       0
       0
       0
       0
       0
       0
       0
       0
       0
       0
       0
       0
       0
       0
       0
       0
       0
       0
       0
       0
       0
       0
       0
       0
       0
       0
       0
       0
       0
       0
       0
       0
       0
       0
       0
       0
       0
       0
       0
       0
       0
       0
       0
       0
       0
       0
$ROI:
1
849 850
$PRESETS:
Live Time
999999
0
$ENER_FIT:
0.000000 0.749264
$MCA_CAL:
3
0.000000E+000 7.492638E-001 0.000000E+000 keV
$SHAPE_CAL:
3
0.000000E+000 0.000000E+000 0.000000E+000
