$SPEC_ID:
none
$SPEC_REM:
DET# 1
DETDESC# GRAD-LAB Easy-MCA-2k SN 14163589
AP# Maestro Version 7.01
$DATE_MEA:
09/21/2016 14:26:19
$MEAS_TIM:
976 976
$DATA:
0 2047
       0
       0
       0
       0
       0
       0
       0
       0
       0
       0
       0
       0
       0
       0
       2
       0
       0
       0
       9
      19
      14
      19
      13
      18
      15
      17
       7
      15
      18
      21
      13
      16
       9
      14
      17
      25
      17
      23
      19
      17
      21
      16
      12
      27
      17
      13
      17
      12
      19
      23
      17
      29
      19
      23
      25
      25
      24
      25
      28
      29
      23
      20
      29
      31
      28
      29
      31
      27
      22
      28
      29
      25
      21
      37
      33
      27
      25
      30
      20
      24
      34
      34
      47
      34
      30
      34
      43
      41
      40
      32
      32
      33
      37
      32
      42
      34
      46
      33
      39
      38
      45
      41
      33
      50
      39
      42
      50
      50
      46
      61
      49
      45
      54
      54
      56
      63
      70
      74
      83
      54
      86
      83
     103
     106
      96
     127
      88
     106
     121
     105
     122
     122
     138
     145
     126
     134
     123
     144
     145
     133
     150
     139
     126
     141
     149
     156
     138
     124
     136
     116
     125
     123
     121
     120
     122
     105
     123
     114
     126
     117
     115
     125
     107
     114
     113
     102
     126
     117
     116
     109
     108
      99
     104
      98
     105
      89
     101
      69
     109
     107
     105
     100
     102
     102
     101
     116
      76
      84
      85
      94
     105
     103
     107
      91
      90
     101
     100
      76
      88
      89
      99
      99
      97
      93
      79
      91
      67
     107
      88
      99
      82
     102
      87
     101
     109
     109
      91
     115
     106
      85
     104
     101
     100
     113
     110
      94
     101
      96
      93
     113
      98
     112
     106
     104
     100
      86
      88
      79
      94
     109
     108
      98
     102
     118
     108
      99
     108
      85
     111
      85
      80
      94
     102
      86
      99
      88
     109
      75
      86
      96
      89
      79
      91
      84
      87
      96
      90
      77
      90
      91
      84
      91
      98
      94
      97
      91
      87
      90
      83
      85
      76
      89
     108
      86
     105
      79
      85
      85
      84
      82
      77
      92
      79
      81
      75
      85
      83
      98
      79
      76
      79
     103
      71
      83
      89
      64
      98
      70
      63
      83
     104
      80
      66
      68
      70
      61
      80
      65
      89
      72
      89
      75
      84
      71
      74
     102
      70
      95
      69
      82
      88
      81
      87
      64
     101
      93
      92
     109
      83
     103
      99
      95
      86
     101
      89
      96
     111
      81
     109
     105
     102
     121
     117
     119
     110
     127
     112
     113
     125
     120
     113
     136
     114
     152
     126
     114
     133
     132
     135
     140
     133
     143
     134
     130
     149
     135
     144
     110
     135
     119
     121
     116
     154
     136
     111
     106
     134
     121
     128
     140
     132
     109
     127
     115
     111
      84
     104
      89
      91
      94
      79
     103
      86
     100
      81
      77
      72
      82
      74
      57
      75
      82
      53
      55
      55
      73
      65
      65
      63
      54
      43
      61
      55
      53
      41
      48
      41
      51
      46
      58
      53
      36
      49
      39
      42
      42
      45
      38
      48
      40
      30
      34
      36
      42
      26
      47
      29
      33
      31
      35
      30
      35
      38
      35
      25
      33
      22
      31
      44
      31
      34
      29
      33
      32
      28
      36
      29
      37
      27
      35
      24
      27
      34
      39
      29
      42
      37
      28
      32
      25
      28
      32
      18
      28
      36
      26
      19
      29
      20
      25
      31
      26
      30
      28
      21
      16
      19
      33
      34
      31
      25
      25
      21
      27
      27
      26
      22
      16
      28
      27
      18
      30
      10
      27
      20
      33
      21
      22
      27
      17
      21
      16
      28
      31
      30
      16
      18
      22
      26
      25
      30
      22
      21
      24
      19
      21
      21
      20
      17
      24
      21
      19
      25
      18
      16
      15
      15
      18
      23
      29
      26
      23
      22
      20
      22
      18
      15
      23
      21
      18
      11
      25
      18
      19
      22
      16
      22
      16
      18
      15
      21
      13
      18
      18
      17
      15
      33
      16
      18
      20
      28
      18
      14
      18
      22
      18
      11
      22
      21
      21
      14
      11
      21
      19
      12
      12
      16
      14
      20
      18
      18
      13
      14
      11
      13
      17
      18
      17
      26
      18
      19
      12
      10
      13
      13
      17
      21
      17
      13
      16
      17
      20
      13
      20
       9
      18
      15
      24
      24
      17
      18
      19
      18
      13
      23
      24
      23
      21
      13
      12
      14
      20
      17
      29
      18
      16
      20
      13
      17
      18
      11
      20
      18
      13
      18
      23
      18
      15
      15
      28
      15
      13
      10
      18
      10
      12
      20
      19
      19
       9
      16
      23
      20
      17
      18
      17
      13
      18
      18
      10
      14
      15
      14
      12
      20
      16
      21
      13
      25
      10
      20
      14
      12
      20
      18
      27
      15
      25
      14
      17
      20
      19
      22
      19
      15
      23
      13
      20
      21
      18
      12
      15
      18
      20
      16
      14
      11
      21
      15
      26
      22
      18
      15
      22
      13
      15
      18
      21
      14
      17
      23
      17
      19
      15
      17
      15
      18
      19
      18
      19
      16
      19
      14
      12
      21
      13
      16
      13
      24
      19
      23
      18
      23
      16
      18
      21
      20
      11
      15
      20
      21
      17
      17
      15
      23
      19
      11
      11
      21
      19
      19
      19
      13
      17
      13
      15
      16
      16
      23
      10
      27
      18
      14
      16
      18
      15
      14
      13
      11
      16
      14
      22
      17
      11
      15
      17
      22
      23
      24
      21
      21
      14
      20
      21
      13
      11
      17
      25
      15
      20
      19
      20
      14
      11
      12
      11
      15
      17
      20
      20
      18
      15
      18
      16
      12
      18
      19
      21
      21
      13
      21
      14
      21
      17
      20
      12
      16
      15
      14
      16
      15
       7
      18
      18
      12
      19
      16
      16
      16
      19
      16
      22
      15
      13
      13
      18
      13
      23
      17
      19
      16
      10
      12
      15
      15
      28
      16
      18
      19
      11
      11
      14
      12
      12
      19
      13
      18
      21
      13
      15
      17
      12
       8
      17
      18
      19
      14
      17
      16
      20
       7
      11
      15
      15
      17
      17
      14
      17
      10
      12
      17
      14
      17
      13
      13
      10
       9
       9
      14
      14
      16
       8
      17
       9
      17
      11
      11
      12
       9
      15
       7
      12
      13
      10
      11
      12
       6
      12
      11
      16
      11
      14
      12
       7
      14
       9
       9
      24
      10
      18
       7
       9
      13
       9
      11
      15
      12
       8
      15
       5
       9
      12
       9
       5
      11
      11
      14
      15
       9
      10
       6
       8
      15
      16
       9
      13
      15
      14
      17
      10
      12
      10
       8
      15
       8
       9
      13
      10
       4
      16
      12
      14
       8
       9
       8
       9
       4
      13
       4
      12
      17
       7
       9
      12
       9
      10
       6
      14
       9
       9
      10
      13
       9
       9
      11
       9
      11
      11
       7
      12
       6
      12
      16
      10
       3
      10
      11
      10
      10
      12
       9
       8
       9
      11
       5
      13
       7
      10
       8
      10
      11
      10
       9
      17
       9
       9
      10
      11
      17
      13
      10
       9
       7
      12
      17
       7
      12
      10
      12
      15
      12
       8
       7
       8
      10
       6
       9
       8
       6
       9
      12
      10
       7
       5
      18
      13
       3
       7
      10
      10
      13
      14
      12
       5
       8
       7
       7
      11
      16
      10
      10
       6
      11
      10
      10
      10
       8
       4
      10
       7
       6
       4
       6
       7
      14
       9
       8
       6
       9
       5
      12
       7
       7
      12
      14
      14
       9
      11
      11
      11
      12
      11
      17
       8
       7
       6
      12
       9
       8
      11
       8
      13
      12
       7
       9
      10
      11
       9
      12
       8
      12
       6
       9
      10
       9
      15
      14
       6
      13
      14
       9
      14
      10
       5
       8
       3
       6
      13
      10
       7
       4
      14
       5
       7
      10
       9
       5
      14
      11
       9
      13
       7
       8
       5
       9
      11
       9
      10
       8
      16
      16
       6
      14
       6
      10
       4
      15
      12
      15
      11
       6
      12
      12
      11
      10
      10
      10
      13
      14
      10
       6
       9
       7
      11
       9
      14
      12
      10
      15
      12
       8
       6
       8
      11
      12
       7
      13
       9
      10
      12
      10
       7
       9
       5
      12
       6
      10
      14
       6
       8
      10
      11
       7
      18
       7
       9
      11
       5
       9
       7
       8
      10
       9
       5
      12
       3
       8
       9
       6
       5
       7
      12
       8
       9
       6
       6
       9
       8
      11
      11
       8
      10
      12
       6
       8
      11
       7
       8
      11
       7
       8
       9
      10
      11
      16
      10
      11
       7
      11
      16
      14
       6
       7
       7
       5
      12
      10
      11
       8
       6
      17
       5
       9
      12
      10
       8
      14
      13
      13
       9
       5
       7
      10
      15
       9
      10
       3
       9
      15
       7
       6
      10
       6
       8
       9
       7
      10
      11
      11
       8
      10
       7
       6
       7
      10
       6
      11
      11
      13
      17
       7
       9
       9
       9
      11
      11
       4
       9
       7
       9
       8
      15
      14
       5
       6
       7
       7
       6
       3
      10
       6
      10
       8
      12
       9
       9
       9
      11
      14
       7
      13
       7
       4
       9
       7
       9
       8
       7
      10
      14
      16
       5
       6
       7
       7
       5
       7
       9
      11
       6
       8
       9
       1
       6
       8
       8
      11
       7
       8
      12
       6
       6
       6
       8
       5
      12
       8
       5
      11
      11
       9
       6
       6
       8
       7
       6
      10
       4
       8
       8
       7
       8
       4
       6
      14
       5
       7
       6
       6
       3
       3
       2
       7
       7
       7
       8
       5
      12
       7
       9
       6
       3
       6
       4
       9
       6
       6
       7
       3
       4
       4
       8
       6
       6
       5
       5
       2
       6
       4
       5
       5
       6
       7
       7
       3
       6
      11
       8
       3
       8
      13
       9
       3
       5
       3
       8
      10
       2
       7
       9
       4
       7
       3
       4
       8
       4
       9
       7
       4
       5
       9
       9
       6
       6
       8
       5
       2
       7
       4
       4
       4
       4
       6
       3
       5
       9
       4
       3
       5
       4
       8
       3
       9
       2
       2
       7
       1
       6
       4
       3
       3
       3
       5
       3
       8
       3
       3
       5
       6
       9
       8
       3
       4
       8
       7
       2
       5
       3
       2
       4
       6
       4
       8
       4
       4
       1
       3
       2
       5
       8
       6
       8
       6
       4
       4
       3
       3
       5
       7
       2
       4
       4
       3
       7
       8
       1
       2
       2
       5
       7
       3
       5
       5
      10
       4
       4
       5
       3
       4
       3
       4
       2
       7
       4
       7
       5
       4
       5
       4
       2
       4
       6
       4
       8
       0
       5
       6
       7
       4
       5
       7
       9
       9
       6
       2
       2
       8
       5
       6
       7
      12
       6
       5
       4
       5
      10
       7
       6
       6
       2
       9
       8
       8
       4
       3
       4
       6
       6
       7
       3
       4
       7
       8
      12
       9
       5
       6
       3
       8
       8
       7
       9
       7
      13
       9
      10
       6
      10
       7
       5
       5
       5
      11
      12
      12
       5
       4
      11
       8
       7
      10
       5
       7
       9
       2
      10
      11
       6
       9
      10
       6
       8
       8
      10
      13
       7
      11
      10
       9
      10
       8
      10
       6
       7
      10
      11
      10
       6
       8
      12
       6
      13
       7
      12
      14
       8
       7
      14
      10
       6
       7
       9
       7
      10
       8
       4
      12
      11
      11
       3
       5
       8
       5
       3
       8
      10
       9
       9
       8
       8
       7
       9
       5
       4
      10
       2
       8
       3
       2
       4
       9
       6
       6
       7
       5
       7
       3
       2
       5
       4
       5
       2
      10
       8
       8
       3
       6
       5
       7
       5
       6
       6
       3
       3
       6
       3
       2
       4
       8
       3
       4
       1
       0
       4
       4
       1
       3
       5
       4
       4
       5
       3
       5
       5
       4
       0
       5
       3
       4
       3
       6
       4
       5
       2
       5
       6
       5
       6
       3
       4
       1
       3
       4
       1
       0
       1
       0
       0
       0
       0
       0
       0
       0
       0
       0
       0
       0
       0
       0
       0
       0
       0
       0
       0
       0
       0
       0
       0
       0
       0
       0
       0
       0
       0
       0
       0
       0
       0
       0
       0
       0
       0
       0
       0
       0
       0
       0
       0
       0
       0
       0
       0
       0
       0
       0
       0
       0
       0
       0
       0
       0
       0
       0
       0
       0
       0
       0
       0
       0
       0
       0
       0
       0
       0
       0
       0
       0
       0
       0
       0
       0
       0
       0
       0
       0
       0
       0
       0
       0
       0
       0
       0
       0
       0
       0
       0
       0
       0
       0
       0
       0
       0
       0
       0
       0
       0
       0
       0
       0
       0
       0
       0
       0
       0
       0
       0
       0
       0
       0
       0
       0
       0
       0
       0
       0
       0
       0
       0
       0
       0
       0
       0
       0
       0
       0
       0
       0
       0
       0
       0
       0
       0
       0
       0
       0
       0
       0
       0
       0
       0
       0
       0
       0
       0
       0
       0
       0
       0
       0
       0
       0
       0
       0
       0
       0
       0
       0
       0
       0
       0
       0
       0
       0
       0
       0
       0
       0
       0
       0
       0
       0
       0
       0
       0
       0
       0
       0
       0
       0
       0
       0
       0
       0
       0
       0
       0
       0
       0
       0
       0
       0
       0
       0
       0
       0
       0
       0
       0
       0
       0
       0
       0
       0
       0
       0
       0
       0
       0
       0
       0
       0
       0
       0
       0
       0
       0
       0
       0
       0
       0
       0
       0
       0
       0
       0
       0
       0
       0
       0
       0
       0
       0
       0
       0
       0
       0
       0
       0
       0
       0
       0
       0
       0
       0
       0
       0
       0
       0
       0
       0
       0
       0
       0
       0
       0
       0
       0
       0
       0
       0
       0
       0
       0
       0
       0
       0
       0
       0
$ROI:
1
849 850
$PRESETS:
Live Time
999999
0
$ENER_FIT:
0.000000 0.749264
$MCA_CAL:
3
0.000000E+000 7.492638E-001 0.000000E+000 keV
$SHAPE_CAL:
3
0.000000E+000 0.000000E+000 0.000000E+000
