$SPEC_ID:
none
$SPEC_REM:
DET# 1
DETDESC# GRAD-LAB Easy-MCA-2k SN 14163589
AP# Maestro Version 7.01
$DATE_MEA:
09/19/2016 11:57:32
$MEAS_TIM:
666 667
$DATA:
0 2047
       0
       0
       0
       0
       0
       0
       0
       0
       0
       0
       0
       0
       0
       0
       1
       0
       0
       5
      20
      18
      22
      26
      19
      15
      13
      19
      24
      22
      15
      20
      25
      23
      16
      18
      16
      22
      17
      19
      25
      30
      20
      29
      22
      22
      19
      20
      29
      17
      28
      22
      32
      19
      29
      25
      29
      40
      27
      23
      29
      25
      25
      31
      34
      30
      26
      27
      21
      26
      30
      31
      25
      23
      33
      25
      48
      30
      27
      26
      25
      36
      34
      45
      29
      38
      34
      40
      29
      41
      27
      30
      35
      26
      23
      30
      45
      38
      27
      42
      38
      36
      36
      38
      51
      44
      35
      41
      48
      46
      41
      54
      46
      49
      43
      52
      43
      44
      65
      70
      66
      57
      57
      70
      65
      60
      95
      76
      80
     104
     100
     120
     110
     129
     108
     124
     134
     120
     128
     137
     142
     139
     137
     146
     119
     134
     123
     117
     129
     103
     118
     132
     104
     103
     115
     112
     109
      95
      81
     115
      91
      86
      94
      90
      93
      64
      89
      89
      84
      77
      76
      65
      85
     101
      82
      83
      78
      84
      73
      67
      77
      69
      78
      83
      79
      82
      90
      65
      76
      75
      57
      84
      85
      67
      68
      81
      90
      73
      85
      64
      82
      80
      73
      80
      76
      78
      71
      63
      66
      65
      77
      66
      74
      88
      84
      65
      82
      77
      71
      80
      73
      61
      70
      74
      71
      67
      99
      76
      60
      67
      61
      81
      72
      71
      63
      61
      72
      71
      57
      59
      58
      63
      72
      67
      49
      48
      62
      53
      71
      70
      61
      78
      51
      69
      54
      64
      69
      65
      64
      62
      56
      65
      59
      61
      76
      72
      71
      70
      71
      54
      67
      59
      56
      63
      60
      70
      63
      56
      63
      69
      68
      61
      71
      67
      49
      70
      65
      70
      64
      59
      58
      67
      75
      78
      53
      60
      84
      61
      66
      74
      70
      72
      56
      57
      69
      54
      55
      54
      44
      64
      59
      67
      61
      56
      64
      63
      53
      65
      69
      50
      74
      53
      58
      53
      61
      68
      45
      66
      63
      53
      77
      68
      48
      55
      53
      63
      67
      50
      58
      60
      61
      44
      59
      48
      60
      62
      43
      50
      47
      53
      63
      71
      45
      53
      69
      61
      52
      54
      58
      61
      69
      50
      48
      77
      50
      46
      50
      59
      45
      49
      56
      47
      51
      50
      56
      55
      64
      66
      55
      60
      49
      46
      49
      47
      56
      68
      54
      56
      54
      55
      60
      34
      51
      57
      59
      56
      64
      50
      63
      47
      47
      49
      51
      69
      47
      62
      60
      52
      41
      54
      49
      49
      50
      44
      41
      41
      51
      44
      46
      39
      54
      48
      49
      53
      37
      41
      52
      56
      43
      55
      46
      67
      53
      42
      43
      51
      36
      50
      50
      49
      57
      44
      47
      38
      45
      42
      35
      48
      52
      44
      52
      46
      48
      33
      45
      47
      43
      54
      50
      49
      42
      36
      50
      39
      30
      51
      40
      34
      45
      42
      41
      40
      59
      30
      45
      44
      51
      39
      42
      46
      37
      49
      46
      34
      44
      47
      48
      52
      41
      49
      39
      40
      38
      38
      33
      41
      47
      45
      49
      37
      35
      50
      41
      39
      44
      27
      41
      38
      29
      46
      35
      27
      52
      35
      46
      37
      41
      41
      34
      38
      36
      41
      44
      37
      45
      38
      44
      37
      37
      52
      22
      31
      42
      25
      34
      45
      52
      36
      35
      49
      47
      38
      36
      30
      38
      32
      33
      34
      32
      43
      43
      40
      49
      33
      36
      29
      33
      35
      50
      37
      43
      32
      44
      36
      39
      35
      44
      32
      32
      40
      34
      38
      28
      25
      32
      29
      35
      23
      31
      25
      33
      38
      42
      39
      32
      34
      34
      33
      32
      34
      35
      32
      26
      32
      36
      36
      29
      29
      30
      30
      27
      26
      34
      31
      39
      28
      34
      42
      51
      41
      33
      36
      36
      35
      27
      38
      41
      41
      29
      28
      40
      33
      31
      35
      37
      35
      36
      47
      38
      39
      38
      35
      39
      35
      48
      36
      43
      54
      51
      41
      45
      37
      32
      37
      41
      37
      48
      38
      46
      44
      59
      37
      37
      38
      48
      45
      49
      49
      65
      48
      48
      41
      49
      48
      55
      51
      50
      45
      62
      55
      56
      63
      55
      69
      67
      55
      49
      46
      61
      58
      53
      72
      50
      39
      58
      69
      71
      64
      62
      82
      78
      72
      78
      76
      69
      79
      75
      61
      80
      62
      74
      53
      80
      55
      60
      80
      86
      87
      84
      84
      73
      66
      66
      71
      73
      78
      61
      67
      67
      73
      68
      87
      61
      71
      70
      76
      70
      69
      73
      61
      80
      55
      62
      94
      69
      93
      91
      61
      81
      79
      59
      65
      67
      69
      68
      61
      76
      66
      77
      68
      71
      89
      76
      82
      49
      58
      61
      58
      63
      57
      62
      61
      53
      66
      56
      68
      56
      63
      62
      59
      56
      57
      59
      61
      64
      65
      54
      71
      53
      61
      40
      52
      45
      48
      51
      39
      51
      57
      43
      41
      47
      30
      53
      54
      44
      47
      32
      45
      37
      53
      40
      41
      48
      35
      48
      42
      39
      35
      42
      37
      37
      33
      35
      42
      33
      37
      34
      30
      32
      34
      32
      25
      32
      29
      25
      21
      28
      31
      29
      26
      22
      26
      21
      27
      28
      23
      21
      22
      19
      21
      26
      23
      20
      26
      24
      22
      23
      22
      20
      22
      17
      20
      25
      27
      22
      21
      17
      22
      15
      14
      20
      14
      23
      16
      24
      17
      11
      13
      14
      19
       8
      20
      20
      12
      17
      17
      19
       7
      20
       9
      16
       8
      11
       8
      19
       8
      16
      14
      12
      11
      10
      17
       8
      10
       7
      12
      10
       8
      14
       8
      21
      10
       5
      13
      13
       2
      14
       9
      12
      10
       4
      10
      11
      11
      14
       7
      11
       6
      11
      12
      10
      11
       5
      11
       6
      10
      10
       4
       7
      12
       9
       4
      13
       4
       8
      11
      11
      10
      14
       7
       6
       6
       9
       6
      12
       7
       4
       9
       9
       6
       8
      10
      18
       6
       9
       9
       8
       9
       5
       3
       5
      10
       9
       9
       6
       8
       5
       9
       9
      10
      10
       7
       6
       9
       7
       5
       0
       6
       4
       8
       7
       9
      11
      10
       6
       3
       4
       9
      10
       5
       7
       5
       8
       7
       6
      11
      10
       7
       8
       7
       8
       3
       6
       8
       8
      11
      11
       5
       5
       8
       3
       4
      11
       9
       9
      12
       7
      10
       8
       6
       4
       5
       5
       9
      11
      10
      13
       2
      10
       9
      11
       8
       7
       8
      11
      13
       6
       3
       7
      12
      10
       6
       6
       5
       7
       7
       9
       5
       3
      11
      15
       6
       4
       9
       6
       8
       6
       8
       4
       5
       7
       5
      11
       7
       5
       7
       9
      15
       3
       9
      10
      11
       4
       5
       8
       6
       7
      12
      11
       2
      11
      10
       5
       7
      12
       4
       7
       6
       8
       7
       5
       4
       7
       7
       7
       4
       7
      10
       5
       1
       4
       6
       7
       9
       6
       6
       6
       6
       7
       5
       4
       6
       5
       3
       6
       1
       7
       6
       5
       4
       5
       7
      11
       4
       5
      12
       5
       4
       5
       5
      10
       7
       8
      11
       2
       2
       3
       6
       4
       9
       5
       1
       5
       6
       7
       4
       4
       2
       3
       7
      11
       7
      12
       6
       4
       3
       6
       6
       5
       3
       9
       9
       8
       7
       3
       4
       6
      10
       4
       8
       9
       6
       6
       6
       7
       5
       9
      11
       9
       6
       6
       5
       6
       9
       2
      10
      14
       9
       4
      11
       8
       5
       5
       5
       6
       7
       7
      10
       6
       4
       5
       4
       6
       0
       4
       7
       5
       5
      11
       3
       6
       6
       7
       2
       0
       5
       8
       5
       7
       4
       6
       4
       5
       3
       5
       2
       7
       3
       7
       9
       9
       4
       7
       7
       4
       7
       6
       7
       3
       7
       4
       6
       9
       5
       8
       4
      10
       6
       7
       9
       6
       5
       2
       6
       4
       2
       5
       4
       8
       6
       4
       2
       8
       7
       5
       9
       8
       9
       4
      13
       5
       9
       4
      11
       2
       7
       9
       7
       7
       4
      11
       7
       1
       7
       4
       8
       3
       7
       8
       8
       7
       6
       3
       5
       8
      10
      13
       1
       7
       7
      11
       8
      10
       3
       8
       7
      10
       5
       3
       7
       3
       5
       5
       2
       8
       3
       4
      11
       6
       7
       4
       5
       7
       8
       4
       7
      11
       3
       6
       6
       4
       6
       4
       6
       4
       8
       7
       7
       5
       5
       5
       4
       5
       8
       3
       7
       4
      11
       5
       4
       9
       6
       5
       8
       9
       6
       8
       1
      10
       5
       4
       4
       4
       6
       5
       6
       9
       3
       5
       6
       4
       4
       8
       5
       6
       1
       5
      10
       7
       3
       2
       3
       5
       4
       7
       7
       4
       1
       4
       7
       6
       4
       3
       3
       6
       7
      11
      11
       3
       4
       3
       4
       7
       8
       6
       3
       6
       2
       3
       6
       8
       4
       7
       9
       3
      10
       2
       3
       6
       4
       8
       4
       3
       2
       5
       1
       9
       5
       5
       7
       8
       8
       8
       7
       4
       3
       4
       1
       6
       4
       5
       3
       2
       5
       2
       1
       9
       4
       6
       8
       7
       2
       5
       3
       3
       3
       5
       2
       3
       2
       1
       3
       5
       5
       6
       6
       5
       3
       2
       1
       2
       5
       3
       2
       3
       3
       6
       5
       4
       2
       6
       8
       6
       3
       4
       6
       5
       4
       4
       3
       3
       4
       7
       8
       3
       6
       6
       3
       0
       3
       6
       2
       4
       4
       5
       3
       4
       6
       5
       6
       4
       2
       2
       3
       5
       2
       2
       5
       6
       1
       0
       5
       3
       1
       4
       1
       5
       4
       3
       1
       2
       6
       5
       4
       5
       4
       1
       2
       2
       2
       3
       4
       4
       4
       1
       3
       2
       0
       1
       7
       5
       3
       3
       5
       3
       5
       3
       1
       3
       6
       4
       3
       1
       4
       4
       4
       4
       3
       1
       6
       6
       2
       0
       5
       5
       2
       2
       4
       7
       4
       2
       9
       0
       8
       5
       1
       1
       5
       4
       5
       3
       3
       3
       5
       4
       4
       4
       7
       7
       3
       4
       9
       2
       2
       2
       4
       3
       7
       8
       6
       5
       3
       4
       1
       4
       4
       5
       3
       4
       4
       3
       6
       5
       1
       6
       5
      10
       5
       4
       2
       2
       3
       5
       7
       3
       0
       5
       6
       6
       4
       5
       2
       4
       7
       1
       8
       4
       1
       5
       8
       7
       9
       4
       5
       5
       6
       3
       5
       2
       3
       3
       5
       2
       3
       8
       4
       3
       6
       3
       6
       4
       5
       9
       3
       7
       6
      11
       6
       8
       9
       4
       8
       5
       6
       1
       8
       3
       4
       4
       2
       4
       7
       8
       2
       7
       9
       1
       4
       5
       5
       2
       5
       1
       8
       4
       1
       6
       4
       2
       4
       2
       6
       4
       4
       6
       5
       3
       8
       7
       1
       3
       3
       3
       6
       2
       5
       7
       6
       2
       4
       2
       5
       3
       5
       2
       3
       4
       5
       3
       3
       5
       6
       3
       5
       9
       4
       5
       4
       8
       2
       1
       3
       4
       2
       2
       2
       5
       2
       3
       5
       4
       6
       2
       6
       3
       4
       6
       1
       1
       2
       3
       1
       0
       1
       2
       1
       1
       1
       0
       1
       1
       0
       0
       0
       0
       0
       0
       0
       0
       0
       0
       0
       0
       0
       0
       0
       0
       0
       0
       0
       0
       0
       0
       0
       0
       0
       0
       0
       0
       0
       0
       0
       0
       0
       0
       0
       0
       0
       0
       0
       0
       0
       0
       0
       0
       0
       0
       0
       0
       0
       0
       0
       0
       0
       0
       0
       0
       0
       0
       0
       0
       0
       0
       0
       0
       0
       0
       0
       0
       0
       0
       0
       0
       0
       0
       0
       0
       0
       0
       0
       0
       0
       0
       0
       0
       0
       0
       0
       0
       0
       0
       0
       0
       0
       0
       0
       0
       0
       0
       0
       0
       0
       0
       0
       0
       0
       0
       0
       0
       0
       0
       0
       0
       0
       0
       0
       0
       0
       0
       0
       0
       0
       0
       0
       0
       0
       0
       0
       0
       0
       0
       0
       0
       0
       0
       0
       0
       0
       0
       0
       0
       0
       0
       0
       0
       0
       0
       0
       0
       0
       0
       0
       0
       0
       0
       0
       0
       0
       0
       0
       0
       0
       0
       0
       0
       0
       0
       0
       0
       0
       0
       0
       0
       0
       0
       0
       0
       0
       0
       0
       0
       0
       0
       0
       0
       0
       0
       0
       0
       0
       0
       0
       0
       0
       0
       0
       0
       0
       0
       0
       0
       0
       0
       0
       0
       0
       0
       0
       0
       0
       0
       0
       0
       0
       0
       0
       0
       0
       0
       0
       0
       0
       0
       0
       0
       0
       0
       0
       0
       0
       0
       0
       0
       0
       0
       0
       0
       0
       0
       0
       0
       0
       0
       0
       0
       0
       0
       0
       0
       0
       0
       0
       0
       0
       0
       0
       0
       0
       0
       0
       0
       0
       0
       0
       0
       0
       0
       0
       0
       0
$ROI:
1
849 850
$PRESETS:
Live Time
999999
0
$ENER_FIT:
0.000000 0.749264
$MCA_CAL:
3
0.000000E+000 7.492638E-001 0.000000E+000 keV
$SHAPE_CAL:
3
0.000000E+000 0.000000E+000 0.000000E+000
