$SPEC_ID:
none
$SPEC_REM:
DET# 1
DETDESC# GRAD-LAB Easy-MCA-2k SN 14163589
AP# Maestro Version 7.01
$DATE_MEA:
09/19/2016 13:38:46
$MEAS_TIM:
1358 1358
$DATA:
0 2047
       0
       0
       0
       0
       0
       0
       0
       0
       0
       0
       0
       0
       0
       0
       0
       0
       1
       5
      20
      19
      25
      24
      22
      29
      24
      28
      22
      24
      31
      21
      33
      31
      24
      29
      26
      22
      21
      28
      37
      20
      29
      29
      28
      33
      28
      29
      32
      30
      32
      39
      43
      46
      38
      38
      56
      52
      29
      35
      48
      39
      32
      40
      45
      33
      35
      45
      26
      37
      23
      47
      40
      49
      35
      39
      44
      51
      53
      41
      51
      48
      51
      51
      58
      42
      49
      57
      73
      46
      57
      54
      58
      53
      58
      52
      60
      57
      63
      70
      62
      62
      59
      78
      63
      73
      67
      86
      68
      80
      79
      84
      93
      90
     116
     105
     116
     114
     134
     129
     129
     145
     140
     147
     173
     156
     155
     180
     205
     205
     185
     219
     218
     216
     214
     213
     207
     206
     224
     213
     197
     199
     177
     199
     174
     178
     198
     200
     169
     176
     175
     154
     163
     161
     126
     179
     155
     138
     166
     157
     149
     158
     149
     150
     156
     134
     154
     139
     148
     142
     148
     149
     128
     120
     120
     112
     141
     134
     132
     130
     144
     134
     122
     134
     136
     137
     114
     145
     123
     116
     122
     146
     142
     127
     114
     123
     145
     151
     139
     140
     125
     126
     164
     151
     138
     143
     144
     144
     150
     173
     155
     153
     147
     131
     143
     148
     143
     122
     136
     133
     158
     138
     140
     144
     130
     152
     146
     148
     118
     130
     142
     145
     148
     149
     109
     133
     147
     160
     152
     138
     115
     134
     117
     119
     153
     121
     134
     108
     139
     126
     106
     115
     105
     112
     129
     120
     109
     106
     123
     130
     137
     124
     131
     100
     115
     118
     116
     116
     125
     129
     123
     100
     112
     109
      97
      92
      97
     108
     126
      85
     107
     103
      97
      99
      81
      99
     108
     106
      98
      98
     105
     105
      92
      99
      91
      77
     108
      99
     100
     104
     108
     108
     110
      96
     108
      92
      95
     111
      96
      99
     103
     102
      91
      84
      99
     104
     102
      85
     107
      98
     108
      85
     107
      97
      97
     105
      86
     113
      91
     111
      97
     101
     105
     135
     115
     110
     100
      85
      93
      99
      96
      94
      94
      98
     104
     105
     105
      89
      77
      87
     121
     118
     116
     115
     110
     123
      97
     103
     142
     126
     110
     123
     109
      98
     128
     150
     144
     159
     125
     122
     146
     148
     138
     159
     143
     148
     168
     158
     167
     162
     163
     169
     154
     166
     177
     178
     159
     157
     177
     164
     146
     165
     155
     208
     160
     157
     179
     160
     191
     170
     179
     139
     172
     173
     166
     176
     144
     142
     153
     150
     156
     120
     133
     152
     148
     142
     122
     119
     116
     127
     104
     126
     110
     121
     102
     100
     106
     124
      86
      90
      92
      96
      95
     105
      79
      78
      65
      66
      70
      70
      66
      74
      83
      50
      73
      77
      80
      65
      62
      64
      65
      72
      63
      50
      55
      76
      61
      48
      62
      55
      64
      50
      63
      53
      47
      54
      67
      54
      51
      60
      53
      28
      49
      41
      52
      55
      37
      38
      54
      55
      56
      45
      35
      38
      46
      45
      42
      43
      43
      39
      46
      45
      42
      42
      37
      39
      34
      47
      32
      40
      28
      35
      37
      46
      39
      39
      31
      25
      41
      33
      29
      42
      30
      34
      41
      31
      30
      35
      31
      42
      37
      35
      39
      29
      34
      32
      26
      37
      22
      29
      32
      17
      20
      29
      28
      29
      35
      35
      25
      27
      20
      27
      26
      43
      28
      26
      29
      25
      27
      25
      29
      29
      25
      34
      27
      25
      28
      32
      34
      25
      24
      29
      23
      21
      31
      19
      34
      26
      30
      21
      27
      27
      21
      24
      27
      18
      31
      21
      25
      26
      35
      25
      22
      39
      31
      23
      20
      24
      30
      17
      20
      17
      28
      18
      26
      25
      25
      34
      35
      27
      28
      26
      22
      33
      29
      19
      18
      23
      22
      20
      21
      25
      19
      22
      19
      21
      22
      27
      21
      22
      27
      22
      27
      16
      24
      22
      24
      17
      38
      22
      27
      30
      32
      23
      25
      20
      19
      31
      30
      20
      25
      27
      28
      21
      26
      26
      19
      27
      25
      21
      32
      21
      29
      26
      28
      21
      28
      26
      30
      24
      26
      26
      26
      32
      26
      30
      23
      29
      26
      23
      21
      24
      25
      24
      25
      21
      29
      30
      21
      30
      22
      22
      21
      30
      20
      32
      23
      18
      20
      21
      33
      23
      26
      34
      28
      29
      30
      22
      34
      39
      34
      27
      20
      27
      26
      25
      28
      19
      26
      23
      23
      23
      21
      27
      17
      25
      28
      24
      34
      23
      25
      18
      27
      32
      23
      21
      25
      27
      24
      22
      25
      22
      20
      21
      23
      26
      23
      18
      37
      24
      25
      29
      31
      30
      28
      20
      27
      22
      15
      25
      27
      28
      17
      26
      21
      31
      28
      31
      32
      25
      35
      29
      23
      18
      24
      27
      25
      22
      23
      21
      19
      22
      30
      23
      28
      18
      21
      31
      24
      25
      19
      13
      26
      31
      25
      20
      16
      11
      18
      27
      13
      29
      18
      19
      23
      20
      20
      23
      29
      28
      26
      31
      23
      29
      26
      17
      25
      20
      20
      19
      16
      21
      15
      27
      28
      30
      19
      29
      17
      22
      21
      22
      15
      22
      16
      23
      32
      30
      27
      29
      20
      21
      20
      20
      21
      33
      26
      18
      17
      30
      23
      22
      17
      23
      24
      24
      21
      20
      21
      26
      17
      19
      17
      23
      19
      13
      22
      19
      24
      17
      21
      19
      17
      21
      23
      22
      17
      15
      21
      15
      16
      17
      17
      21
      21
      18
      13
      16
      15
      24
      15
      14
      18
      16
      21
      23
      17
      11
      18
      15
      17
      19
      17
      20
      18
      22
      18
      20
      19
      16
      18
      21
      18
      14
      12
      26
      16
      18
      21
      16
      15
      20
      17
       8
      23
      21
      14
      16
      19
      14
      14
      17
      18
      10
      16
      11
      12
      18
      20
      21
      19
      15
       9
      15
      14
      13
      13
      23
      15
      16
      15
      12
      18
      20
      10
      17
      15
      21
      11
      12
      17
      16
       9
      18
      19
      15
      13
      15
      15
       9
      13
      12
      20
      17
      11
      10
      15
      12
      15
      15
      17
      16
      13
      12
      16
      21
      19
      20
      13
      16
      14
      14
      15
       8
       5
      17
       9
      15
      12
      20
      17
      10
      18
      12
      20
      13
      20
       9
      11
      22
      19
      12
       8
      12
       7
      15
      24
      15
      12
       9
      10
      22
      11
      13
      13
      20
      12
      19
      15
       9
      17
      16
      20
      19
      20
      12
      18
      13
      11
      10
      15
      15
       7
      16
      11
      14
      13
      16
      13
      15
      12
      15
      22
      13
      12
       8
      13
      13
      10
      11
      13
      18
      11
      21
      15
      18
      12
      18
      10
      15
      17
      18
      15
      16
      14
      18
      11
      12
      14
      21
       9
      22
      19
       9
       9
      15
      11
      18
       9
       8
      21
      22
       9
      15
      12
      18
      15
      15
      17
      15
      17
      13
      11
      11
      18
       7
      10
      12
      13
       8
      15
      17
      12
       9
      20
      10
      11
      17
      12
      18
       7
       9
      18
      19
      11
      17
      14
      15
      12
      19
      10
      12
      10
      11
      10
      19
      12
      15
      13
      22
      15
      10
       7
      11
       8
      12
      18
      14
      10
      12
      15
      14
       9
      12
      14
      11
      11
      13
      16
       6
       7
      12
       7
      19
      11
      12
      13
      10
      12
       9
      14
      23
       3
      17
       9
      13
      10
       8
      13
      16
       8
      13
      13
      18
      11
      14
      13
       9
      12
      13
      15
      12
      11
      14
      14
      15
      17
      13
      15
      15
      13
      13
       8
      13
      12
      10
       9
      10
      12
      10
      12
      12
      15
       9
      12
      16
       8
      19
      10
      16
      19
      14
      14
      12
      11
      16
      10
       7
      12
      20
      12
      13
      13
       4
      12
      12
      14
      12
      14
      13
      13
      12
      11
      12
      15
      21
      20
      16
      16
       9
      15
      16
      23
      15
      14
      14
      16
      16
      18
      11
      18
      11
      10
      15
      15
      17
      11
      19
      17
       8
      14
      14
      18
      11
      12
      17
      12
      10
      11
      19
      11
      13
      10
      20
       6
      15
      11
      15
      10
      21
      15
      16
      14
      10
       9
      11
      12
      10
      14
      16
      20
      10
      10
      18
      12
      12
      16
      12
      12
      15
      15
      11
      10
      16
      13
      15
       9
       7
      10
      14
      10
       9
      18
      10
      14
      19
       7
       9
      18
       9
      17
       6
      14
      10
      12
      14
      14
      15
       8
       4
       9
       5
      20
      13
      10
       8
       9
      14
       6
       4
      11
       5
       7
       7
      12
      11
       7
      16
      10
      11
      13
      12
       9
       7
       6
       5
      16
      17
       6
      13
       6
      12
       7
      11
      12
      10
       7
       8
      10
      11
       8
      10
       9
       9
      11
       9
      10
      14
       8
      13
       4
      17
       7
       7
       6
      14
       5
      13
      10
      10
       7
       7
       8
       8
      13
       9
       7
      11
       8
      13
       9
       5
       6
       5
      11
      13
       5
       0
       4
       5
       7
       9
       9
       7
      11
      11
       7
       5
       7
      10
       7
      11
       2
       9
      11
       9
       8
      10
      10
       7
      11
      10
       7
       5
       9
       8
       9
      10
      10
      10
       7
       4
       4
      12
       7
       9
       7
       6
       7
       7
       5
      10
       7
       6
       4
      10
       6
       3
       7
       5
       4
       4
       4
       9
       4
       5
       7
       7
       8
       2
       5
       5
       6
       7
       7
       3
       2
       4
       5
      10
       7
       2
      13
       3
       9
      10
       7
       1
       6
       5
       7
       8
       5
      12
      11
       7
       4
       6
       7
      11
       9
       5
       8
       8
       9
      15
       8
       4
      12
       7
       8
       7
      11
       4
       9
       1
       6
       9
      10
       8
       8
       4
      11
       8
      13
      12
      11
       9
       5
      14
      10
       6
      19
       7
      12
       4
       7
      11
       9
      10
      11
      13
      11
       3
       7
       7
      10
      11
       9
      12
       9
       6
       8
      12
       6
       9
      10
      13
       8
      15
      12
      19
      13
      10
      13
      15
      16
      13
      11
       7
      11
      19
      12
      11
      12
      17
      13
      12
      13
      12
      13
       6
      14
      14
      14
       8
      11
      15
      15
      18
      10
      15
      14
      17
      12
       9
      12
      15
      11
      15
       8
      14
      13
       6
      10
      13
      10
       8
       9
      16
      12
      12
      16
      18
       7
       9
      11
      10
      10
      13
       9
       9
       9
       8
      12
      10
       7
      13
      12
       5
      12
       9
      13
       6
       6
      10
       4
       9
       9
      11
       8
      11
       8
       7
       6
       8
       6
      12
      11
       9
       5
       7
       5
       5
       7
       7
       6
       9
       6
       5
       7
       6
       3
       8
       2
      10
      11
       9
      11
      10
      12
       5
       7
       7
       9
       4
       1
       6
      10
       5
       9
       9
       5
       1
       7
       5
       5
       7
       6
       9
       4
       3
       2
       6
       4
       5
       7
       5
       3
       4
       7
       2
       4
       5
       3
       4
       7
       4
       3
       3
       2
       2
       4
       4
       3
       5
       3
       6
       3
       3
       2
       5
       2
       4
       5
       1
       7
       0
       3
       3
       6
       3
       2
       3
       3
       3
       4
       1
       3
       3
       3
       2
       4
       3
       6
       3
       4
       3
       6
       1
       6
       3
       3
       6
       3
       1
       2
       4
       3
       3
       7
       4
       3
       1
       2
       2
       1
       5
       6
       1
       2
       1
       5
       3
       5
       5
       1
       2
       1
       1
       0
       0
       0
       1
       0
       0
       0
       0
       0
       0
       0
       0
       0
       0
       0
       0
       0
       0
       0
       0
       0
       0
       0
       0
       0
       0
       0
       0
       0
       0
       0
       0
       0
       0
       0
       0
       0
       0
       0
       0
       0
       0
       0
       0
       0
       0
       0
       0
       0
       0
       0
       0
       0
       0
       0
       0
       0
       0
       0
       0
       0
       0
       0
       0
       0
       0
       0
       0
       0
       0
       0
       0
       0
       0
       0
       0
       0
       0
       0
       0
       0
       0
       0
       0
       0
       0
       0
       0
       0
       0
       0
       0
       0
       0
       0
       0
       0
       0
       0
       0
       0
       0
       0
       0
       0
       0
       0
       0
       0
       0
       0
       0
       0
       0
       0
       0
       0
       0
       0
       0
       0
       0
       0
       0
       0
       0
       0
       0
       0
       0
       0
       0
       0
       0
       0
       0
       0
       0
       0
       0
       0
       0
       0
       0
       0
       0
       0
       0
       0
       0
       0
       0
       0
       0
       0
       0
       0
       0
       0
       0
       0
       0
       0
       0
       0
       0
       0
       0
       0
       0
       0
       0
       0
       0
       0
       0
       0
       0
       0
       0
       0
       0
       0
       0
       0
       0
       0
       0
       0
       0
       0
       0
       0
       0
       0
       0
       0
       0
       0
       0
       0
       0
       0
       0
       0
       0
       0
       0
       0
       0
       0
       0
       0
       0
       0
       0
       0
       0
       0
       0
       0
       0
       0
       0
       0
       0
       0
       0
       0
       0
       0
       0
       0
       0
       0
       0
       0
       0
       0
       0
       0
       0
       0
       0
       0
       0
       0
       0
       0
       0
       0
       0
       0
       0
       0
       0
       0
       0
       0
       0
       0
       0
       0
       0
       0
       0
       0
       0
       0
       0
$ROI:
1
849 850
$PRESETS:
Live Time
999999
0
$ENER_FIT:
0.000000 0.749264
$MCA_CAL:
3
0.000000E+000 7.492638E-001 0.000000E+000 keV
$SHAPE_CAL:
3
0.000000E+000 0.000000E+000 0.000000E+000
