$SPEC_ID:
none
$SPEC_REM:
DET# 1
DETDESC# GRAD-LAB Easy-MCA-2k SN 14163589
AP# Maestro Version 7.01
$DATE_MEA:
09/14/2016 12:36:59
$MEAS_TIM:
218 219
$DATA:
0 2047
       0
       0
       0
       0
       0
       0
       0
       0
       0
       1
       1
       0
       0
       0
       0
       0
       0
      34
     187
     193
     181
     119
     142
     117
     135
     141
     146
     126
     118
     142
     154
     151
     146
     141
     136
     146
     146
     149
     165
     168
     160
     157
     176
     162
     191
     199
     180
     199
     233
     274
     331
     361
     483
     550
     678
     790
     895
    1103
    1210
    1346
    1406
    1535
    1470
    1455
    1396
    1350
    1322
    1178
    1022
     912
     809
     664
     583
     513
     442
     396
     374
     349
     318
     273
     271
     250
     258
     235
     241
     209
     217
     215
     204
     210
     201
     188
     192
     181
     181
     189
     206
     194
     203
     188
     217
     204
     182
     209
     184
     192
     222
     217
     190
     204
     219
     217
     196
     211
     209
     234
     225
     199
     213
     216
     271
     187
     212
     254
     238
     282
     288
     302
     335
     346
     347
     367
     421
     357
     349
     430
     411
     422
     410
     445
     426
     389
     412
     370
     385
     361
     360
     363
     356
     340
     322
     330
     300
     309
     297
     292
     278
     277
     288
     288
     260
     274
     230
     278
     234
     242
     224
     222
     224
     214
     207
     202
     208
     202
     204
     210
     208
     198
     171
     180
     209
     207
     179
     208
     200
     195
     203
     192
     182
     205
     185
     198
     200
     189
     193
     210
     203
     192
     208
     174
     179
     215
     205
     221
     190
     192
     219
     204
     197
     195
     205
     205
     208
     226
     206
     223
     215
     204
     200
     213
     199
     186
     213
     177
     211
     187
     213
     214
     219
     227
     199
     198
     216
     218
     226
     224
     210
     194
     253
     222
     221
     197
     216
     219
     210
     177
     216
     211
     225
     206
     186
     221
     223
     201
     223
     216
     185
     200
     220
     246
     203
     201
     186
     217
     227
     198
     230
     217
     210
     199
     223
     249
     216
     221
     197
     204
     223
     244
     233
     218
     253
     248
     245
     225
     250
     256
     244
     253
     270
     246
     275
     248
     283
     248
     280
     263
     255
     288
     279
     301
     300
     312
     303
     318
     283
     298
     320
     264
     301
     316
     295
     302
     310
     354
     293
     304
     297
     306
     335
     324
     312
     338
     323
     293
     294
     290
     312
     307
     296
     312
     322
     297
     286
     321
     332
     298
     292
     289
     287
     273
     266
     319
     293
     294
     300
     278
     296
     266
     296
     270
     296
     285
     339
     264
     249
     260
     283
     291
     295
     293
     281
     282
     266
     276
     303
     285
     280
     280
     267
     285
     286
     256
     306
     263
     312
     314
     274
     308
     277
     290
     299
     272
     283
     265
     284
     267
     315
     262
     279
     292
     271
     279
     317
     254
     269
     267
     277
     288
     308
     286
     278
     310
     278
     286
     269
     284
     259
     258
     300
     288
     282
     306
     266
     276
     280
     264
     294
     275
     274
     281
     278
     274
     281
     287
     251
     288
     264
     305
     300
     263
     285
     268
     236
     262
     288
     266
     286
     271
     287
     270
     282
     286
     295
     258
     296
     260
     278
     289
     278
     289
     305
     267
     298
     274
     258
     312
     275
     302
     273
     297
     267
     252
     305
     283
     275
     272
     271
     266
     243
     295
     287
     306
     309
     303
     300
     246
     282
     273
     282
     281
     278
     287
     268
     279
     294
     303
     289
     263
     278
     269
     303
     319
     286
     303
     241
     283
     290
     251
     285
     281
     296
     275
     291
     274
     295
     271
     277
     264
     254
     238
     299
     249
     258
     292
     283
     245
     309
     284
     281
     262
     278
     294
     268
     280
     305
     259
     278
     274
     285
     271
     282
     295
     280
     294
     303
     297
     264
     285
     261
     278
     249
     247
     245
     270
     292
     268
     272
     242
     315
     295
     292
     287
     284
     276
     250
     282
     282
     281
     273
     251
     272
     253
     257
     275
     271
     311
     284
     294
     297
     288
     296
     307
     286
     270
     310
     312
     271
     320
     296
     286
     319
     286
     288
     283
     284
     309
     273
     310
     306
     304
     291
     298
     312
     257
     290
     291
     295
     311
     312
     317
     266
     307
     276
     297
     325
     293
     328
     332
     321
     315
     303
     310
     308
     308
     298
     337
     290
     309
     331
     312
     310
     311
     296
     323
     288
     299
     293
     310
     312
     310
     290
     283
     305
     275
     272
     285
     266
     280
     273
     264
     262
     271
     260
     250
     242
     253
     267
     233
     245
     240
     251
     229
     247
     223
     215
     211
     220
     197
     232
     203
     194
     211
     214
     195
     177
     183
     176
     150
     192
     167
     158
     190
     162
     164
     183
     158
     150
     167
     154
     151
     140
     126
     143
     138
     121
     154
     137
     137
     120
     121
     123
     139
     141
     126
     144
     101
     128
     102
     100
     136
     124
     122
     109
     120
     114
     112
     126
     103
     107
      94
     110
      99
     104
     107
     119
     113
     103
     107
      86
      91
      98
      98
      97
      89
      96
     101
     115
      97
     106
     105
      99
     107
      99
      83
      87
      95
      92
      89
      84
      83
      82
      81
      93
      95
      85
      61
     102
      77
      76
      88
      84
      73
      95
      92
      80
      79
      64
      65
      74
      86
      92
      68
      73
      66
      61
      72
      73
      69
      79
      76
      62
      66
      74
      84
      54
      64
      61
      88
      66
      66
      61
      84
      71
      66
      60
      65
      80
      64
      68
      63
      86
      68
      85
      72
      72
      71
      88
      72
      79
      71
      87
      73
      97
      84
      74
      77
      85
     112
      81
      99
      98
     106
      94
      91
      99
     119
      97
     127
     123
     134
     128
     151
     170
     147
     184
     181
     201
     209
     197
     260
     240
     271
     263
     271
     310
     322
     352
     361
     400
     424
     407
     481
     494
     560
     572
     589
     615
     655
     638
     645
     713
     743
     834
     813
     851
     905
     913
     977
    1006
    1082
    1079
    1157
    1194
    1178
    1214
    1247
    1323
    1302
    1342
    1369
    1427
    1496
    1514
    1448
    1512
    1550
    1599
    1600
    1645
    1662
    1619
    1663
    1762
    1743
    1700
    1681
    1721
    1788
    1748
    1819
    1784
    1781
    1744
    1738
    1703
    1695
    1717
    1690
    1642
    1624
    1675
    1569
    1557
    1645
    1588
    1520
    1503
    1494
    1445
    1428
    1391
    1383
    1300
    1391
    1266
    1270
    1252
    1253
    1193
    1134
    1101
    1124
    1099
     988
     955
     989
     980
     920
     922
     816
     836
     770
     742
     775
     782
     663
     685
     677
     664
     623
     641
     563
     573
     549
     594
     456
     457
     470
     454
     434
     428
     405
     406
     389
     372
     366
     303
     316
     318
     327
     284
     276
     264
     254
     240
     203
     231
     221
     202
     198
     188
     197
     168
     149
     148
     138
     118
     136
     113
     112
     141
     102
      95
      94
     115
      78
      77
      78
      79
      76
      88
      73
      61
      67
      57
      52
      62
      55
      45
      40
      44
      51
      26
      30
      27
      27
      22
      40
      33
      32
      19
      21
      27
      23
      17
      17
      26
      15
      14
      18
      15
      17
      16
      17
       9
       6
      10
      10
      11
      13
       4
      11
      10
       5
       9
       5
      10
       7
      11
       7
       3
       1
       3
       5
       4
       2
       3
       3
       5
       3
       2
       2
       3
       1
       1
       5
       7
       4
       3
       3
       4
       4
       7
       3
       4
       4
       3
       5
       2
       3
       3
       4
       3
       4
       3
       4
       9
       5
       4
       4
       2
       4
       2
       3
       1
       1
       2
       1
       3
       4
       0
       0
       1
       3
       3
       2
       2
       2
       5
       4
       4
       2
       6
       3
       4
       3
       1
       2
       5
       5
       1
       2
       3
       2
       3
       0
       4
       4
       3
       3
       2
       1
       3
       2
       2
       2
       3
       0
       6
       3
       1
       5
       1
       6
       2
       8
       3
       5
       2
       4
       2
       1
       3
       2
       2
       3
       0
       2
       1
       2
       2
       1
       5
       3
       5
       3
       4
       4
       3
       3
       1
       4
       1
       4
       2
       3
       4
       1
       4
       5
       3
       2
       0
       1
       0
       1
       2
       8
       0
       4
       2
       3
       2
       4
       3
       5
       2
       6
       6
       2
       3
       1
       1
       0
       1
       0
       4
       2
       1
       1
       0
       5
       4
       4
       2
       3
       4
       2
       2
       1
       4
       1
       3
       1
       0
       2
       3
       0
       3
       4
       2
       5
       0
       1
       1
       5
       0
       2
       1
       0
       2
       1
       1
       1
       2
       3
       1
       4
       1
       3
       1
       3
       2
       2
       2
       2
       1
       1
       3
       3
       3
       1
       4
       2
       2
       2
       4
       1
       1
       3
       3
       2
       5
       2
       3
       2
       3
       3
       5
       1
       2
       3
       1
       2
       3
       3
       2
       1
       4
       1
       2
       7
       3
       4
       5
       3
       3
       3
       6
       2
       1
       2
       5
       2
       1
       2
       4
       2
       1
       4
       1
       5
       4
       4
       3
       2
       2
       3
       2
       3
       3
       3
       1
       2
       2
       4
       2
       4
       2
       1
       5
       5
       1
       2
       3
       0
       2
       4
       3
       4
       2
       5
       0
       3
       6
       2
       2
       4
       2
       5
       1
       6
       3
       2
       3
       0
       0
       1
       3
       2
       3
       4
       1
       0
       1
       1
       4
       2
       2
       2
       1
       5
       0
       3
       2
       3
       0
       2
       1
       2
       3
       4
       4
       2
       1
       2
       3
       1
       3
       1
       6
       2
       3
       1
       1
       3
       3
       3
       2
       2
       2
       0
       1
       2
       3
       0
       1
       3
       6
       0
       3
       0
       3
       1
       4
       0
       5
       1
       3
       1
       1
       0
       5
       3
       0
       0
       2
       0
       3
       1
       3
       3
       2
       2
       3
       1
       4
       2
       2
       1
       1
       1
       3
       1
       2
       0
       1
       2
       1
       2
       1
       4
       3
       1
       1
       1
       1
       1
       2
       3
       3
       1
       0
       1
       1
       1
       4
       1
       0
       2
       2
       0
       0
       1
       1
       0
       2
       0
       1
       0
       1
       3
       0
       0
       2
       1
       1
       1
       3
       1
       1
       1
       2
       1
       0
       0
       2
       1
       1
       2
       0
       1
       0
       0
       0
       2
       5
       0
       0
       2
       3
       0
       2
       2
       2
       0
       3
       2
       2
       1
       1
       2
       1
       0
       1
       0
       1
       4
       2
       1
       1
       0
       2
       2
       3
       1
       2
       2
       0
       2
       0
       1
       1
       0
       1
       0
       0
       3
       2
       0
       3
       1
       0
       2
       0
       0
       0
       0
       0
       1
       0
       4
       3
       2
       1
       1
       0
       2
       1
       1
       3
       0
       0
       2
       1
       1
       0
       0
       0
       1
       2
       1
       1
       0
       1
       3
       4
       4
       0
       1
       1
       3
       2
       2
       1
       0
       2
       2
       2
       3
       0
       1
       1
       0
       1
       1
       1
       2
       3
       4
       1
       4
       4
       1
       2
       3
       2
       1
       1
       3
       2
       1
       3
       3
       2
       1
       1
       3
       1
       3
       3
       0
       1
       1
       3
       0
       1
       3
       1
       2
       2
       3
       3
       2
       0
       3
       2
       2
       2
       1
       2
       3
       5
       3
       3
       5
       0
       3
       3
       1
       1
       2
       0
       4
       1
       3
       5
       3
       2
       1
       2
       5
       2
       1
       0
       1
       2
       2
       4
       3
       0
       0
       4
       3
       1
       4
       2
       3
       0
       1
       2
       0
       2
       5
       5
       1
       3
       2
       1
       0
       0
       1
       2
       1
       4
       1
       2
       2
       1
       5
       1
       1
       2
       0
       1
       3
       1
       2
       0
       2
       2
       1
       1
       2
       0
       1
       2
       2
       2
       2
       0
       3
       3
       6
       2
       1
       2
       0
       3
       2
       0
       2
       0
       3
       2
       1
       2
       0
       1
       0
       5
       0
       4
       2
       1
       1
       0
       0
       2
       2
       2
       1
       0
       2
       2
       1
       1
       2
       1
       0
       1
       0
       0
       1
       0
       0
       1
       1
       1
       3
       2
       2
       1
       2
       2
       2
       1
       1
       1
       0
       0
       0
       0
       0
       0
       0
       0
       0
       0
       0
       0
       0
       0
       0
       0
       0
       0
       0
       0
       0
       0
       0
       0
       0
       0
       0
       0
       0
       0
       0
       0
       0
       0
       0
       0
       0
       0
       0
       0
       0
       0
       0
       0
       0
       0
       0
       0
       0
       0
       0
       0
       0
       0
       0
       0
       0
       0
       0
       0
       0
       0
       0
       0
       0
       0
       0
       0
       0
       0
       0
       0
       0
       0
       0
       0
       0
       0
       0
       0
       0
       0
       0
       0
       0
       0
       0
       0
       0
       0
       0
       0
       0
       0
       0
       0
       0
       0
       0
       0
       0
       0
       0
       0
       0
       0
       0
       0
       0
       0
       0
       0
       0
       0
       0
       0
       0
       0
       0
       0
       0
       0
       0
       0
       0
       0
       0
       0
       0
       0
       0
       0
       0
       0
       0
       0
       0
       0
       0
       0
       0
       0
       0
       0
       0
       0
       0
       0
       0
       0
       0
       0
       0
       0
       0
       0
       0
       0
       0
       0
       0
       0
       0
       0
       0
       0
       0
       0
       0
       0
       0
       0
       0
       0
       0
       0
       0
       0
       0
       0
       0
       0
       0
       0
       0
       0
       0
       0
       0
       0
       0
       0
       0
       0
       0
       0
       0
       0
       0
       0
       0
       0
       0
       0
       0
       0
       0
       0
       0
       0
       0
       0
       0
       0
       0
       0
       0
       0
       0
       0
       0
       0
       0
       0
       0
       0
       0
       0
       0
       0
       0
       0
       0
       0
       0
       0
       0
       0
       0
       0
       0
       0
       0
       0
       0
       0
       0
       0
       0
       0
       0
       0
       0
       0
       0
       0
       0
       0
       0
       0
       0
       0
       0
       0
       0
       0
       0
       0
       0
$ROI:
1
539 549
$PRESETS:
Live Time
999999
0
$ENER_FIT:
0.000000 0.749264
$MCA_CAL:
3
0.000000E+000 7.492638E-001 0.000000E+000 keV
$SHAPE_CAL:
3
0.000000E+000 0.000000E+000 0.000000E+000
