$SPEC_ID:
none
$SPEC_REM:
DET# 1
DETDESC# GRAD-LAB Easy-MCA-2k SN 14163589
AP# Maestro Version 7.01
$DATE_MEA:
09/07/2016 13:06:00
$MEAS_TIM:
298 300
$DATA:
0 2047
       0
       0
       0
       0
       0
       2
       1
       0
       1
       0
       0
       1
       0
       0
       1
       2
       4
      41
     175
     187
     182
     182
     174
     182
     156
     164
     148
     160
     126
     130
     127
     141
     128
     100
     118
     141
     119
     135
     112
     123
     119
     108
     126
     139
     126
     129
     125
     135
     126
     150
     134
     138
     150
     138
     135
     147
     145
     140
     135
     182
     186
     159
     187
     197
     209
     255
     268
     285
     342
     368
     446
     533
     656
     683
     880
     896
    1026
    1109
    1217
    1194
    1335
    1377
    1357
    1355
    1339
    1306
    1227
    1128
    1065
    1021
     898
     802
     759
     679
     626
     535
     471
     494
     394
     365
     371
     311
     296
     296
     269
     215
     246
     204
     202
     235
     179
     214
     202
     187
     195
     181
     201
     171
     206
     162
     186
     193
     185
     183
     160
     169
     162
     169
     176
     171
     174
     155
     178
     176
     150
     167
     166
     183
     183
     181
     185
     152
     160
     175
     158
     173
     181
     181
     202
     178
     173
     185
     166
     188
     193
     203
     190
     193
     208
     202
     218
     246
     252
     200
     267
     243
     284
     258
     298
     294
     323
     284
     329
     318
     339
     352
     355
     367
     350
     382
     380
     345
     381
     358
     385
     383
     353
     360
     358
     378
     329
     354
     322
     333
     333
     347
     297
     314
     299
     307
     313
     290
     261
     244
     282
     255
     255
     248
     245
     253
     244
     245
     234
     241
     228
     228
     209
     248
     196
     193
     184
     195
     211
     182
     203
     195
     201
     190
     170
     190
     180
     165
     188
     192
     145
     171
     150
     194
     204
     177
     157
     194
     172
     175
     145
     171
     165
     172
     183
     170
     157
     169
     142
     188
     170
     145
     166
     175
     170
     177
     149
     174
     167
     187
     164
     190
     170
     205
     144
     160
     186
     191
     175
     187
     176
     166
     175
     177
     186
     153
     177
     178
     175
     181
     167
     174
     167
     168
     217
     190
     196
     170
     212
     182
     214
     176
     180
     191
     217
     195
     177
     187
     183
     160
     166
     173
     172
     195
     201
     170
     182
     188
     182
     204
     176
     185
     201
     205
     198
     179
     188
     198
     196
     204
     179
     195
     206
     178
     186
     210
     185
     204
     198
     199
     199
     205
     190
     186
     174
     171
     200
     195
     198
     211
     140
     205
     186
     191
     187
     200
     181
     193
     181
     216
     185
     204
     224
     191
     194
     210
     205
     202
     240
     212
     183
     182
     203
     185
     218
     211
     222
     194
     220
     207
     185
     230
     216
     219
     224
     234
     255
     197
     208
     262
     261
     242
     249
     285
     244
     248
     247
     249
     234
     237
     255
     269
     267
     276
     267
     208
     283
     274
     278
     268
     272
     253
     284
     282
     260
     259
     287
     281
     276
     273
     243
     255
     297
     294
     288
     244
     278
     262
     296
     273
     256
     286
     271
     267
     286
     273
     267
     263
     288
     280
     247
     273
     296
     265
     276
     255
     251
     254
     251
     269
     268
     254
     252
     264
     251
     244
     261
     252
     236
     277
     255
     277
     252
     237
     253
     267
     224
     232
     260
     248
     228
     226
     253
     257
     244
     293
     226
     273
     243
     253
     233
     246
     254
     246
     241
     276
     235
     251
     263
     282
     249
     254
     243
     249
     285
     225
     254
     241
     259
     257
     257
     247
     250
     301
     262
     263
     273
     228
     223
     250
     245
     249
     254
     257
     246
     246
     274
     235
     286
     262
     262
     241
     265
     223
     245
     231
     271
     257
     264
     257
     245
     258
     244
     264
     236
     237
     229
     254
     257
     264
     248
     267
     213
     256
     249
     220
     232
     240
     252
     259
     228
     236
     264
     244
     258
     280
     256
     216
     253
     257
     225
     218
     260
     269
     249
     218
     265
     257
     234
     250
     264
     260
     225
     257
     262
     264
     238
     264
     240
     261
     252
     263
     264
     238
     242
     262
     245
     255
     259
     253
     257
     265
     230
     225
     228
     260
     209
     259
     228
     236
     256
     247
     276
     244
     263
     252
     237
     268
     245
     259
     229
     257
     244
     236
     249
     247
     256
     223
     225
     270
     259
     246
     230
     251
     246
     265
     259
     266
     227
     255
     239
     254
     223
     223
     270
     241
     249
     242
     228
     262
     267
     255
     279
     238
     238
     229
     258
     261
     234
     233
     259
     246
     238
     264
     250
     244
     242
     251
     223
     261
     262
     246
     242
     237
     234
     251
     254
     269
     250
     253
     279
     272
     228
     245
     246
     251
     272
     279
     270
     244
     251
     253
     273
     243
     285
     262
     273
     273
     287
     262
     252
     234
     244
     226
     251
     244
     286
     254
     267
     289
     255
     262
     239
     245
     261
     240
     276
     242
     268
     274
     217
     220
     269
     255
     246
     229
     272
     235
     259
     261
     249
     247
     310
     224
     267
     237
     288
     268
     290
     244
     247
     276
     241
     254
     279
     252
     264
     284
     265
     261
     271
     285
     288
     272
     248
     278
     260
     265
     243
     222
     310
     265
     248
     279
     268
     263
     262
     268
     254
     296
     241
     261
     274
     261
     253
     255
     257
     280
     278
     257
     262
     251
     291
     272
     276
     266
     277
     253
     273
     270
     265
     282
     261
     256
     283
     254
     276
     284
     283
     298
     283
     241
     280
     279
     252
     272
     294
     278
     274
     288
     274
     253
     276
     269
     287
     297
     258
     276
     275
     296
     258
     288
     270
     299
     277
     298
     247
     281
     250
     241
     297
     259
     284
     295
     281
     269
     296
     274
     261
     274
     254
     297
     234
     290
     290
     275
     276
     286
     271
     246
     258
     287
     251
     274
     218
     280
     251
     241
     263
     268
     230
     253
     265
     246
     227
     234
     235
     237
     221
     211
     247
     223
     200
     212
     228
     226
     221
     213
     184
     203
     242
     209
     197
     177
     197
     190
     176
     202
     170
     181
     162
     187
     193
     178
     179
     190
     170
     175
     155
     152
     162
     162
     144
     138
     140
     161
     147
     145
     145
     131
     172
     144
     124
     129
     143
     146
     153
     129
     136
     157
     148
     157
     126
     114
     116
     132
     123
     106
     111
     116
     115
     127
     128
     127
      86
      93
     129
     124
     116
     109
     128
     128
     112
     101
     122
     111
     112
     102
     108
      92
      91
     117
     112
      88
     106
     107
     117
     109
      97
     109
      86
      92
      93
      90
      97
      88
     106
      84
      86
      94
      97
      78
      77
      98
      73
      85
     105
      82
      89
      93
      80
      90
      92
      72
      94
      74
      77
      72
      70
      72
      85
      78
      67
      75
      81
      74
      81
      72
      79
      85
      83
      78
      69
      82
      67
      92
      72
      71
      71
      74
      71
      74
      64
      86
      88
      79
      75
      88
      82
      71
      70
      71
      62
      68
      67
      71
      66
      74
      68
      66
      67
      59
      71
      75
      82
      67
      53
      73
      62
      60
      67
      70
      64
      67
      71
      78
      54
      66
      68
      67
      56
      79
      58
      49
      71
      62
      56
      70
      64
      68
      58
      52
      56
      64
      60
      70
      74
      60
      60
      51
      60
      81
      60
      63
      75
      60
      69
      67
      61
      71
      84
      66
      66
      72
      81
      81
      75
      70
      78
      69
      95
      90
      85
      90
      97
     118
     119
     100
     118
     112
     132
     141
     126
     139
     160
     183
     179
     164
     162
     195
     203
     212
     180
     193
     240
     262
     233
     249
     263
     287
     322
     337
     292
     393
     377
     423
     424
     415
     436
     465
     516
     488
     527
     583
     592
     569
     586
     677
     700
     702
     717
     776
     768
     817
     827
     870
     800
     918
     907
     941
    1003
     952
    1039
    1022
    1071
    1135
    1031
    1151
    1253
    1192
    1258
    1264
    1294
    1325
    1352
    1317
    1309
    1453
    1449
    1510
    1447
    1487
    1528
    1462
    1607
    1516
    1581
    1555
    1526
    1613
    1583
    1547
    1639
    1644
    1681
    1601
    1618
    1637
    1564
    1599
    1739
    1658
    1579
    1603
    1671
    1631
    1583
    1589
    1586
    1598
    1600
    1567
    1530
    1476
    1478
    1557
    1452
    1458
    1450
    1454
    1403
    1325
    1412
    1337
    1300
    1299
    1256
    1333
    1285
    1264
    1198
    1180
    1149
    1176
    1137
    1057
    1075
     970
     998
    1065
     970
     906
     986
     896
     904
     892
     848
     811
     830
     833
     780
     772
     754
     749
     716
     688
     651
     639
     659
     600
     595
     568
     596
     525
     535
     526
     574
     480
     486
     488
     443
     477
     500
     445
     414
     404
     389
     413
     350
     361
     355
     360
     334
     301
     281
     304
     278
     280
     278
     257
     258
     254
     241
     244
     212
     211
     217
     221
     197
     201
     158
     173
     161
     180
     173
     158
     177
     141
     131
     131
     142
     138
     148
     102
     112
     113
     110
      99
      88
     100
     107
      92
      71
      71
      81
      74
      52
      71
      58
      63
      47
      70
      39
      65
      58
      43
      45
      48
      47
      46
      46
      47
      40
      37
      31
      27
      21
      33
      24
      35
      35
      22
      21
      26
      23
      16
      14
      19
      14
      29
      19
      13
      17
      14
      20
      12
      16
       9
      11
      11
      14
      11
       9
       8
       6
       8
       5
       5
       9
       6
       6
       6
      10
       5
      14
      11
       3
       7
       4
       4
       3
       2
       5
       4
       6
       7
       6
       2
       6
       6
       6
       7
       4
       4
       4
       2
       2
       3
       4
       2
       5
       6
       4
       4
       4
       0
       2
       5
       3
       6
       3
       1
       2
       2
       2
       5
       6
       3
       2
       5
       4
       6
       4
       4
       3
       6
       2
       1
       1
       1
       1
       3
       6
       3
       0
       0
       0
       3
       2
       6
       3
       3
       3
       0
       3
       1
       2
       2
       2
       5
       1
       4
       1
       2
       2
       2
       6
       3
       0
       1
       0
       1
       3
       2
       3
       1
       1
       2
       3
       3
       2
       2
       7
       3
       2
       3
       1
       3
       2
       4
       2
       1
       4
       3
       3
       0
       2
       3
       1
       3
       2
       2
       3
       2
       5
       3
       3
       2
       1
       1
       3
       1
       4
       3
       1
       3
       2
       3
       3
       0
       2
       4
       4
       1
       1
       0
       2
       2
       1
       5
       1
       3
       3
       2
       0
       0
       3
       3
       7
       1
       1
       2
       4
       3
       1
       3
       7
       3
       3
       1
       1
       2
       2
       0
       0
       1
       0
       4
       3
       3
       1
       3
       2
       3
       4
       3
       3
       2
       4
       3
       1
       0
       2
       4
       1
       1
       2
       0
       1
       4
       8
       2
       2
       2
       0
       2
       3
       7
       5
       0
       1
       2
       6
       0
       4
       2
       0
       1
       3
       0
       1
       1
       2
       3
       3
       2
       1
       3
       3
       0
       1
       3
       0
       2
       3
       1
       1
       2
       1
       6
       1
       2
       0
       1
       3
       2
       5
       1
       0
       3
       1
       1
       0
       2
       2
       1
       4
       1
       1
       3
       4
       3
       1
       0
       2
       2
       3
       3
       2
       4
       0
       3
       4
       3
       1
       1
       3
       3
       2
       2
       3
       1
       2
       3
       1
       1
       2
       5
       1
       1
       3
       2
       1
       1
       3
       4
       2
       1
       4
       0
       1
       5
       4
       1
       1
       1
       1
       3
       5
       3
       2
       3
       3
       3
       4
       2
       5
       2
       3
       0
       2
       2
       3
       1
       3
       2
       1
       0
       4
       4
       3
       3
       2
       2
       6
       1
       0
       3
       2
       2
       4
       4
       4
       1
       1
       4
       2
       0
       3
       2
       2
       4
       4
       2
       3
       2
       2
       2
       2
       4
       1
       1
       2
       3
       1
       2
       2
       2
       5
       0
       4
       5
       1
       4
       1
       4
       4
       6
       2
       1
       2
       1
       0
       2
       2
       1
       5
       0
       2
       0
       2
       3
       5
       1
       3
       3
       3
       1
       4
       3
       2
       1
       2
       2
       4
       0
       5
       4
       0
       1
       2
       1
       1
       3
       3
       2
       2
       1
       1
       0
       0
       1
       0
       1
       1
       0
       0
       0
       0
       0
       0
       0
       0
       0
       0
       0
       0
       0
       0
       0
       0
       0
       0
       0
       0
       1
       0
       0
       0
       0
       0
       0
       0
       0
       0
       0
       0
       0
       0
       0
       0
       0
       0
       0
       0
       0
       0
       0
       1
       0
       0
       0
       1
       0
       0
       0
       0
       0
       0
       0
       0
       0
       0
       0
       0
       0
       0
       1
       0
       1
       1
       0
       0
       0
       0
       0
       0
       0
       0
       0
       0
       0
       0
       1
       0
       0
       0
       0
       0
       0
       0
       0
       0
       0
       0
       0
       0
       0
       0
       0
       0
       0
       0
       0
       0
       0
       0
       0
       0
       0
       0
       0
       0
       0
       0
       0
       0
       0
       0
       0
       0
       0
       0
       0
       0
       0
       0
       0
       0
       0
       0
       0
       0
       0
       0
       0
       0
       0
       0
       0
       0
       0
       0
       0
       0
       0
       0
       0
       0
       0
       0
       0
       0
       0
       0
       0
       0
       0
       0
       0
       0
       0
       0
       0
       0
       0
       0
       0
       0
       0
       0
       0
       0
       0
       0
       0
       0
       0
       0
       0
       0
       0
       0
       0
       0
       0
       0
       0
       0
       0
       0
       0
       0
       0
       0
       0
       0
       0
       0
       0
       0
       0
       0
       0
       0
       0
       0
       0
       0
       0
       0
       0
       0
       0
       0
       0
       0
       0
       0
       0
       0
       0
       0
       0
       0
       0
       0
       0
       0
       0
       0
       0
       0
       0
       0
       0
       0
       0
       0
       0
       0
       0
       0
       0
       0
       0
       0
       0
       0
       0
       0
       0
       0
       0
       0
       0
       0
       0
       0
       0
       0
       0
       0
       0
       0
       0
       0
       0
       0
       0
       0
       0
       0
       0
$ROI:
0
$PRESETS:
Live Time
999999
0
$ENER_FIT:
0.000000 0.000000
$MCA_CAL:
3
0.000000E+000 0.000000E+000 0.000000E+000 
$SHAPE_CAL:
3
0.000000E+000 0.000000E+000 0.000000E+000
