$SPEC_ID:
none
$SPEC_REM:
DET# 1
DETDESC# GRAD-LAB Easy-MCA-2k SN 14163589
AP# Maestro Version 7.01
$DATE_MEA:
09/12/2016 12:49:35
$MEAS_TIM:
430 430
$DATA:
0 2047
       0
       0
       0
       0
       0
       0
       0
       0
       0
       0
       0
       0
       0
       0
       0
       0
       1
      10
      24
      25
      20
      22
      20
      15
      23
      19
      18
      21
      19
      27
      21
      18
      23
      10
      19
      20
      22
      20
      27
      22
      26
      16
      23
      26
      25
      28
      35
      18
      26
      26
      37
      32
      39
      55
      52
      74
      82
      94
     116
     121
     133
     117
     151
     141
     150
     148
     121
     129
     116
      89
     104
      81
      69
      63
      56
      60
      56
      50
      54
      39
      47
      24
      35
      27
      34
      32
      23
      40
      31
      22
      29
      35
      39
      30
      39
      35
      29
      26
      36
      38
      28
      33
      33
      26
      39
      34
      29
      39
      26
      28
      41
      27
      31
      33
      31
      37
      39
      36
      37
      33
      51
      43
      47
      35
      44
      43
      46
      46
      53
      43
      73
      73
      70
      79
      69
      90
      76
      90
      82
      66
      67
      86
      80
      98
      99
      96
      91
      79
      90
      87
      64
      85
      82
      76
      80
      66
      62
      63
      76
      61
      78
      56
      60
      55
      63
      61
      46
      60
      60
      62
      57
      59
      45
      45
      39
      48
      46
      46
      44
      52
      45
      50
      49
      40
      47
      47
      58
      35
      48
      44
      49
      47
      54
      55
      35
      41
      43
      39
      43
      58
      51
      45
      40
      37
      55
      37
      47
      50
      45
      55
      63
      56
      46
      49
      49
      48
      47
      41
      54
      57
      44
      56
      59
      47
      50
      40
      56
      46
      44
      49
      53
      43
      48
      59
      38
      47
      54
      53
      52
      36
      46
      47
      58
      40
      39
      53
      46
      40
      45
      43
      54
      60
      41
      43
      48
      43
      39
      43
      45
      39
      43
      43
      45
      36
      45
      36
      45
      36
      61
      36
      29
      50
      30
      40
      43
      44
      39
      48
      57
      45
      53
      33
      51
      38
      46
      43
      33
      43
      52
      42
      34
      52
      43
      49
      46
      50
      42
      46
      46
      50
      30
      50
      48
      56
      51
      52
      48
      52
      45
      47
      53
      49
      44
      40
      47
      59
      47
      46
      48
      66
      53
      39
      66
      61
      52
      54
      55
      31
      52
      45
      48
      52
      60
      50
      46
      60
      56
      39
      71
      37
      50
      53
      68
      52
      48
      59
      50
      49
      44
      65
      48
      32
      44
      43
      42
      48
      56
      63
      49
      53
      63
      37
      46
      41
      33
      34
      44
      41
      48
      48
      41
      49
      56
      57
      37
      43
      58
      44
      43
      60
      42
      48
      38
      40
      37
      48
      50
      48
      48
      35
      45
      36
      53
      51
      40
      42
      50
      51
      39
      52
      55
      45
      53
      47
      54
      48
      39
      34
      37
      52
      29
      57
      50
      51
      42
      43
      35
      42
      42
      54
      43
      47
      42
      42
      52
      42
      44
      39
      48
      32
      43
      40
      42
      43
      37
      48
      45
      34
      44
      49
      39
      45
      56
      32
      47
      42
      51
      48
      52
      44
      41
      43
      46
      38
      41
      42
      44
      47
      34
      39
      38
      36
      50
      49
      42
      44
      44
      44
      48
      37
      43
      46
      49
      44
      46
      41
      49
      45
      47
      40
      30
      34
      55
      49
      32
      36
      46
      35
      40
      38
      58
      34
      33
      37
      45
      35
      33
      39
      29
      48
      54
      46
      55
      43
      50
      43
      53
      45
      42
      50
      41
      39
      52
      40
      38
      39
      45
      50
      40
      44
      36
      37
      43
      49
      50
      39
      47
      46
      42
      38
      46
      51
      51
      44
      39
      48
      41
      42
      45
      53
      49
      42
      45
      56
      33
      50
      43
      52
      58
      52
      46
      45
      51
      41
      42
      47
      37
      32
      47
      42
      55
      38
      38
      41
      28
      37
      61
      42
      33
      42
      45
      52
      32
      35
      46
      57
      37
      24
      49
      34
      63
      45
      43
      37
      46
      37
      50
      43
      46
      46
      39
      42
      39
      36
      40
      50
      54
      48
      41
      40
      51
      54
      54
      47
      40
      44
      40
      40
      42
      61
      47
      43
      47
      51
      35
      52
      41
      42
      47
      56
      34
      48
      37
      50
      39
      38
      42
      45
      43
      46
      53
      55
      45
      42
      39
      39
      43
      54
      55
      40
      50
      45
      36
      46
      41
      35
      39
      33
      33
      49
      41
      45
      36
      44
      43
      45
      41
      45
      43
      48
      43
      36
      41
      41
      40
      42
      35
      35
      30
      29
      32
      30
      32
      38
      24
      33
      34
      24
      28
      31
      25
      31
      32
      32
      31
      31
      39
      21
      33
      29
      26
      26
      33
      21
      35
      43
      30
      27
      29
      29
      30
      29
      33
      26
      18
      26
      26
      32
      28
      28
      32
      25
      27
      17
      24
      33
      15
      22
      16
      28
      27
      22
      35
      26
      22
      26
      22
      34
      18
      22
      24
      28
      26
      23
      25
      25
      26
      26
      26
      20
      27
      27
      26
      24
      24
      20
      16
      17
      17
      26
      25
      17
      19
      15
      26
      23
      20
      20
      18
      26
      21
      18
      12
      26
      16
      19
      23
      22
      16
      29
      22
      21
      18
      22
      26
      20
      23
      19
      18
      28
      25
      21
      23
      18
      24
      17
      20
      19
      24
      28
      19
      25
      20
      23
      15
      25
      16
      22
      21
      21
      22
      14
      21
      14
      14
      18
      12
      29
      12
      16
      16
      16
      19
      15
       9
      18
      16
      21
      24
      24
      25
      19
      16
      16
      16
      17
      23
      24
      22
      15
      26
      25
      21
      26
      27
      19
      27
      19
      28
      29
      21
      32
      26
      29
      29
      30
      34
      41
      33
      41
      53
      47
      42
      58
      54
      49
      53
      63
      59
      61
      51
      69
      77
      63
      78
      96
      88
      92
      94
      94
     100
     108
     106
     102
     126
     109
     130
     130
     120
     113
     140
     144
     158
     147
     164
     159
     174
     160
     162
     177
     177
     194
     190
     182
     216
     199
     176
     208
     210
     196
     219
     203
     212
     190
     239
     227
     246
     206
     191
     197
     227
     187
     211
     213
     222
     209
     175
     208
     201
     230
     201
     189
     188
     184
     186
     211
     177
     149
     187
     194
     176
     158
     168
     157
     181
     147
     164
     134
     135
     150
     147
     131
     146
     102
     129
     121
     136
     116
     103
     121
      99
      88
     100
      93
      97
      87
      94
      79
      96
      95
      65
      73
      69
      68
      58
      62
      67
      58
      52
      69
      56
      40
      41
      56
      39
      55
      44
      49
      47
      52
      32
      28
      30
      40
      43
      29
      31
      26
      34
      30
      30
      22
      27
      20
      24
      20
      21
      14
      13
      16
      11
      15
      12
      17
      16
      18
      18
      16
      11
       9
       5
      17
      13
      10
      10
      14
       7
      13
       8
       7
      13
       7
       4
       7
       8
       6
      10
       3
      10
       5
       9
       9
       8
       9
       5
       8
       6
       6
       2
       6
       5
       6
       5
       0
       7
       5
       5
       4
       5
       5
       5
       8
       4
       4
       8
       7
       3
       6
       5
       2
       0
       5
       6
       3
       4
       7
       2
       2
       6
       4
       6
       4
       8
       3
       2
       2
       2
       5
       5
       4
       4
       8
       3
       4
       2
       9
       6
       0
       5
       1
       4
       3
       5
       5
       6
       6
       6
       4
       4
       6
       3
       5
       3
       3
       4
       8
       3
       2
       1
       3
       7
       3
       1
       2
       5
       4
       2
       4
       5
       2
       5
       4
       5
       3
       3
       8
       5
      10
       9
       3
       2
       4
       3
       2
       2
       6
       2
       3
       5
       3
       4
       3
       2
       4
       5
       4
       3
       4
       6
       2
       0
       3
       4
       5
       1
       7
       4
       1
       5
       7
       1
       1
       2
       2
       5
       4
       1
       2
       2
       2
       3
       4
       1
       2
       2
       7
       3
       4
       5
       5
       2
       3
       2
       4
       2
       4
       4
       2
       2
       4
       2
       6
       3
      10
       2
       5
       4
       7
       3
       7
       4
       3
       2
       5
       5
       3
       1
       5
       2
       3
       2
       4
       6
       5
       4
       3
       1
       4
       4
       6
       3
       4
       5
       3
       3
       2
       2
       2
       5
       3
       3
       6
       3
       6
       3
       3
       5
       4
       1
       4
       2
       1
       1
       9
       4
       3
       6
       2
       2
       2
       2
       4
       2
       3
       5
       5
       4
       6
       4
       3
       5
       6
       4
       5
       2
       5
       4
       2
       1
       2
       4
       5
       5
       3
       2
       7
       3
       3
       1
       1
       4
       3
       4
       4
       6
       4
       5
       3
       6
       3
       3
       8
       8
       6
       3
       3
       3
       4
       3
       7
       2
       4
       3
       4
       5
       6
       5
       3
       4
       4
       5
       3
       5
       7
       7
       1
       5
       7
       7
       3
       5
       4
       5
       8
       6
       2
       3
       4
       5
       1
       2
       2
       6
       3
       3
       6
       9
       6
       2
       7
       4
       4
       5
       5
       4
       4
       4
       5
       4
       4
       4
       2
       6
       0
       3
       5
       4
       4
       3
       4
       3
       0
       1
       1
       6
       3
       1
       3
       4
       2
       6
       4
       4
       2
       5
       3
       5
       3
       4
       6
       3
       6
       4
       5
       7
       2
       5
       4
       4
       6
       3
       2
       3
       1
       4
       2
       6
       3
       3
       7
       6
       5
       4
       5
       4
       5
       2
       2
       2
       1
       6
       4
       2
       1
       5
       6
       3
       6
       5
       4
       4
       6
       3
       2
       3
       2
       0
       1
       1
       2
       4
       3
       0
       2
       6
       4
       3
       6
       4
       5
       3
       3
       1
       4
       3
       2
       1
       2
       7
       6
       1
       3
       3
       2
       5
       7
       4
       3
       2
       2
       2
       3
       2
       8
       4
       3
       3
       4
       3
       7
       4
       4
       4
       0
       3
       3
       5
       4
       4
       5
       3
       1
       2
       4
       6
       1
       4
       2
       5
       1
       3
       5
       3
       1
       4
       2
       2
       6
       1
       2
       0
       4
       5
       4
       1
       3
       1
       0
       1
       2
       1
       8
       0
       2
       2
       3
       4
       3
       2
       2
       3
       1
       3
       1
       3
       1
       1
       4
       0
       3
       3
       1
       2
       3
       1
       1
       4
       1
       4
       3
       3
       4
       1
       1
       1
       2
       3
       3
       7
       1
       3
       2
       1
       2
       2
       2
       1
       2
       1
       4
       0
       3
       2
       2
       3
       5
       1
       4
       3
       0
       0
       3
       1
       1
       4
       1
       2
       2
       2
       2
       0
       3
       3
       2
       1
       4
       3
       2
       1
       1
       2
       2
       2
       2
       2
       3
       2
       2
       2
       4
       4
       6
       3
       3
       0
       3
       2
       2
       2
       2
       2
       1
       2
       2
       1
       1
       4
       1
       2
       2
       3
       2
       4
       3
       1
       1
       1
       3
       3
       1
       0
       4
       0
       1
       0
       2
       2
       2
       1
       3
       2
       0
       2
       2
       1
       5
       2
       2
       4
       1
       2
       3
       4
       2
       3
       3
       7
       2
       3
       1
       4
       9
       4
       7
       3
       4
       7
       1
       1
       2
       2
       3
       5
       2
       6
       4
       0
       2
       1
       6
       6
       4
       3
       5
       6
       2
       1
       0
       4
       3
       3
       7
       4
       2
       5
       6
       3
       1
       5
       7
       3
       3
       5
       4
       3
       5
       6
       2
       4
       2
       4
       5
       5
       5
       2
       2
       2
       3
       4
       4
       5
       5
       3
       2
       2
       5
       5
       0
       6
       2
       4
       4
       3
       3
       1
       6
       3
       4
       3
       1
       4
       4
       4
       4
       1
       4
       8
       2
       1
       1
       5
       0
       3
       2
       5
       3
       5
       4
       1
       4
       3
       1
       3
       4
       3
       1
       3
       4
       2
       3
       6
       2
       3
       2
       0
       1
       0
       1
       0
       0
       1
       0
       0
       0
       0
       0
       0
       0
       0
       0
       0
       0
       0
       0
       0
       0
       0
       0
       0
       0
       0
       0
       0
       0
       0
       0
       0
       0
       0
       0
       0
       0
       0
       0
       0
       0
       0
       0
       0
       0
       0
       0
       0
       0
       0
       0
       0
       0
       0
       0
       0
       0
       0
       0
       0
       0
       0
       0
       0
       0
       0
       0
       0
       0
       0
       0
       0
       0
       0
       0
       0
       0
       0
       0
       0
       0
       0
       0
       0
       0
       0
       0
       0
       0
       0
       0
       0
       0
       0
       0
       0
       0
       0
       0
       0
       0
       0
       0
       0
       0
       0
       0
       0
       0
       0
       0
       0
       0
       0
       0
       0
       0
       0
       0
       0
       0
       0
       0
       0
       0
       0
       0
       0
       0
       0
       0
       0
       0
       0
       0
       0
       0
       0
       0
       0
       0
       0
       0
       0
       0
       0
       0
       0
       0
       0
       0
       0
       0
       0
       0
       0
       0
       0
       0
       0
       0
       0
       0
       0
       0
       0
       0
       0
       0
       0
       0
       0
       0
       0
       0
       0
       0
       0
       0
       0
       0
       0
       0
       0
       0
       0
       0
       0
       0
       0
       0
       0
       0
       0
       0
       0
       0
       0
       0
       0
       0
       0
       0
       0
       0
       0
       0
       0
       0
       0
       0
       0
       0
       0
       0
       0
       0
       0
       0
       0
       0
       0
       0
       0
       0
       0
       0
       0
       0
       0
       0
       0
       0
       0
       0
       0
       0
       0
       0
       0
       0
       0
       0
       0
       0
       0
       0
       0
       0
       0
       0
       0
       0
       0
       0
       0
       0
       0
       0
       0
       0
       0
       0
       0
       0
       0
       0
       0
       0
       0
       0
       0
       0
$ROI:
0
$PRESETS:
Live Time
999999
0
$ENER_FIT:
0.000000 0.749264
$MCA_CAL:
3
0.000000E+000 7.492638E-001 0.000000E+000 keV
$SHAPE_CAL:
3
0.000000E+000 0.000000E+000 0.000000E+000
