$SPEC_ID:
none
$SPEC_REM:
DET# 1
DETDESC# GRAD-LAB Easy-MCA-2k SN 14163589
AP# Maestro Version 7.01
$DATE_MEA:
09/28/2016 11:57:07
$MEAS_TIM:
4454 4455
$DATA:
0 2047
       0
       0
       0
       0
       0
       0
       1
       0
       0
       0
       1
       1
       1
       0
       2
       3
       3
      17
      62
      60
      64
      55
      60
      55
      56
      51
      65
      81
      60
      62
      62
      72
      84
      68
      74
      58
      82
      66
      67
      68
      77
      61
      68
      78
      94
      78
      82
      90
      83
      83
      85
      89
      87
      86
      94
      93
     107
     122
     118
      97
     100
     100
     106
      90
     103
     105
      92
     103
      82
      99
     101
     104
      91
     123
      98
     117
      90
     111
      89
     121
     112
      97
     115
     109
     127
     117
     119
     116
     127
     110
     122
     136
     118
     126
     135
     149
     128
     109
     120
     114
     132
     138
     142
     147
     134
     156
     136
     148
     156
     146
     153
     161
     178
     168
     164
     194
     192
     205
     186
     226
     209
     222
     229
     280
     240
     258
     293
     299
     344
     329
     327
     364
     377
     348
     360
     399
     399
     419
     395
     412
     428
     428
     383
     405
     403
     380
     385
     360
     364
     371
     346
     338
     363
     383
     351
     311
     324
     330
     305
     330
     309
     334
     299
     306
     277
     293
     280
     289
     296
     242
     272
     278
     252
     257
     251
     248
     271
     238
     231
     235
     243
     232
     266
     243
     275
     271
     241
     254
     264
     308
     273
     251
     280
     288
     266
     256
     245
     252
     230
     246
     257
     243
     252
     256
     234
     232
     249
     268
     249
     247
     258
     282
     252
     248
     266
     237
     231
     222
     254
     261
     247
     267
     230
     244
     255
     216
     274
     245
     248
     242
     242
     239
     239
     211
     219
     207
     204
     234
     242
     241
     236
     244
     227
     231
     271
     247
     223
     244
     253
     229
     215
     219
     241
     241
     226
     257
     221
     227
     256
     227
     232
     205
     235
     229
     231
     215
     216
     223
     233
     268
     221
     212
     239
     242
     224
     228
     227
     259
     239
     234
     207
     240
     212
     223
     206
     217
     244
     227
     229
     231
     219
     253
     243
     230
     211
     212
     215
     248
     249
     237
     234
     239
     235
     218
     221
     207
     213
     211
     231
     221
     223
     195
     228
     187
     217
     202
     202
     195
     227
     209
     187
     213
     204
     213
     227
     195
     201
     199
     202
     203
     195
     212
     215
     198
     205
     191
     205
     211
     183
     183
     186
     185
     191
     193
     189
     189
     193
     167
     195
     199
     192
     232
     182
     190
     196
     195
     172
     170
     166
     185
     204
     184
     198
     205
     191
     201
     179
     193
     188
     200
     180
     158
     166
     188
     182
     157
     187
     156
     186
     173
     182
     196
     167
     152
     177
     169
     176
     172
     197
     172
     173
     184
     183
     163
     173
     161
     153
     166
     181
     180
     175
     159
     149
     165
     146
     170
     145
     160
     169
     163
     159
     160
     171
     171
     169
     164
     164
     159
     192
     172
     182
     166
     164
     138
     145
     150
     156
     172
     165
     171
     162
     175
     170
     152
     155
     163
     164
     147
     146
     151
     146
     153
     169
     159
     166
     162
     142
     153
     136
     127
     160
     153
     146
     147
     138
     146
     142
     128
     149
     153
     117
     154
     159
     146
     134
     142
     163
     139
     159
     148
     156
     130
     139
     146
     154
     139
     119
     140
     150
     152
     160
     142
     144
     146
     139
     134
     143
     121
     169
     132
     144
     138
     124
     138
     133
     141
     152
     138
     138
     139
     123
     116
     144
     140
     140
     124
     119
     145
     151
     169
     143
     118
     133
     144
     132
     118
     142
     125
     125
     151
     125
     114
     132
     135
     132
     121
     155
     129
     116
     116
     125
     124
     139
     107
     129
     116
     108
     132
     104
     118
     120
     117
     122
     115
     114
     114
     123
     136
     129
     113
     135
     101
     115
     109
     106
     123
     111
     106
     113
     121
     146
     123
     104
     128
     112
     119
     118
     104
     115
     112
     139
     117
     120
     109
     101
     114
     122
      95
     114
     106
     112
     113
     117
     124
     108
     103
     118
      96
     119
     103
     120
     107
     106
      99
     111
     129
     119
     107
     112
     109
     112
     101
     128
     122
     125
     129
     111
     121
     123
     130
     130
     111
     127
     116
     115
     137
     128
     136
     127
     133
     147
     132
     132
     124
     141
     124
     138
     127
     128
     128
     157
     139
     146
     144
     144
     136
     143
     139
     168
     169
     166
     158
     162
     166
     159
     200
     133
     157
     169
     189
     165
     163
     150
     180
     175
     158
     209
     181
     192
     170
     191
     185
     177
     200
     203
     185
     209
     181
     200
     200
     168
     204
     209
     227
     216
     181
     197
     214
     192
     204
     185
     199
     170
     221
     189
     218
     227
     224
     209
     193
     221
     196
     244
     181
     216
     213
     186
     181
     188
     196
     207
     209
     200
     169
     217
     210
     194
     172
     191
     198
     194
     178
     167
     179
     189
     200
     151
     160
     184
     173
     154
     188
     165
     155
     139
     164
     171
     156
     154
     151
     153
     141
     138
     155
     129
     142
     131
     123
     121
     142
     136
     132
     123
     119
     125
     131
     139
     109
     130
     116
     125
     122
     104
     113
     111
     104
     130
     131
      89
     101
     105
      98
      96
      86
     104
      98
      90
      99
      85
     110
     106
     101
     105
      86
     104
      89
      75
      79
      95
      63
      98
     103
     101
      93
     101
     104
      87
      91
      80
      78
      96
      86
      85
      86
      77
      80
      97
      79
      71
      89
      84
      83
     107
      69
      97
      79
      80
      75
      72
      86
     102
      69
      95
      74
      69
      79
      64
      81
      80
      68
      80
      68
      81
      78
      49
      64
      78
      72
      97
      65
      75
      51
      71
      69
      69
      82
      82
      64
      70
      81
      78
      83
      74
      69
      72
      69
      71
      65
      59
      93
      66
      80
      63
      71
      69
      71
      67
      79
      84
      87
      80
      86
      65
      76
      74
      85
      74
      62
      72
      71
      72
      56
      74
      76
      69
      73
      62
      70
      61
      75
      80
      69
      76
      64
      71
      69
      74
      54
      84
      79
      65
      72
      77
      80
      85
      71
      80
      72
      72
      55
      76
      74
      67
      70
      65
      58
      62
      63
      56
      68
      51
      70
      58
      63
      53
      73
      60
      58
      60
      58
      50
      57
      47
      40
      55
      51
      66
      64
      45
      53
      59
      40
      66
      58
      53
      47
      51
      49
      51
      52
      42
      53
      53
      48
      64
      62
      67
      57
      57
      55
      55
      59
      50
      50
      37
      43
      64
      64
      47
      51
      61
      51
      47
      51
      60
      53
      57
      53
      45
      51
      43
      55
      48
      36
      47
      38
      41
      51
      58
      53
      48
      44
      44
      63
      52
      60
      56
      37
      58
      47
      37
      63
      44
      50
      48
      45
      64
      40
      41
      61
      40
      40
      54
      51
      45
      47
      60
      47
      45
      36
      45
      37
      37
      39
      51
      44
      49
      51
      47
      41
      45
      46
      45
      43
      47
      42
      53
      32
      47
      45
      47
      35
      38
      44
      43
      39
      40
      46
      46
      39
      47
      48
      58
      40
      47
      53
      44
      42
      45
      42
      39
      51
      31
      54
      45
      42
      52
      42
      37
      43
      41
      49
      39
      45
      37
      40
      47
      46
      47
      30
      44
      36
      44
      40
      37
      49
      45
      36
      48
      54
      40
      47
      46
      45
      49
      34
      39
      48
      40
      36
      24
      39
      38
      47
      40
      36
      44
      34
      41
      36
      41
      43
      39
      41
      45
      47
      54
      47
      44
      45
      34
      49
      39
      40
      38
      35
      41
      39
      40
      33
      48
      42
      43
      44
      46
      28
      41
      45
      37
      35
      38
      35
      47
      43
      57
      48
      42
      41
      51
      54
      45
      39
      49
      42
      53
      34
      41
      54
      39
      43
      38
      38
      53
      35
      42
      32
      35
      39
      40
      41
      34
      39
      44
      48
      42
      43
      36
      40
      33
      42
      41
      43
      36
      38
      36
      43
      29
      42
      41
      57
      40
      48
      51
      34
      31
      45
      43
      40
      51
      44
      41
      31
      42
      44
      39
      36
      46
      29
      37
      37
      43
      28
      41
      44
      29
      36
      44
      35
      47
      38
      38
      28
      34
      34
      39
      49
      36
      43
      29
      40
      52
      40
      41
      40
      45
      47
      39
      47
      32
      39
      42
      41
      37
      44
      39
      27
      28
      35
      38
      38
      36
      39
      39
      42
      35
      43
      33
      33
      44
      39
      45
      42
      41
      54
      40
      37
      46
      40
      33
      52
      41
      39
      31
      41
      38
      42
      48
      36
      32
      46
      38
      38
      30
      37
      32
      36
      35
      40
      45
      48
      51
      36
      33
      41
      34
      42
      44
      49
      35
      48
      36
      43
      48
      34
      63
      39
      38
      39
      50
      45
      40
      41
      33
      38
      59
      40
      41
      40
      39
      52
      35
      44
      50
      59
      45
      48
      39
      48
      37
      37
      52
      49
      37
      44
      43
      57
      36
      41
      45
      43
      47
      43
      38
      42
      54
      32
      35
      38
      45
      51
      41
      32
      43
      33
      35
      45
      50
      49
      40
      47
      36
      48
      34
      37
      32
      44
      46
      33
      36
      42
      33
      34
      36
      33
      32
      25
      47
      35
      40
      45
      48
      33
      26
      41
      39
      42
      40
      33
      30
      41
      44
      40
      33
      31
      38
      30
      28
      39
      35
      29
      39
      39
      35
      33
      36
      23
      32
      34
      28
      50
      37
      28
      29
      28
      31
      36
      32
      30
      28
      31
      26
      28
      31
      39
      46
      37
      38
      32
      38
      37
      35
      29
      28
      32
      38
      24
      26
      28
      31
      28
      26
      25
      31
      30
      27
      25
      26
      27
      33
      27
      27
      15
      37
      29
      24
      31
      33
      27
      33
      20
      33
      30
      27
      26
      23
      31
      25
      35
      29
      28
      19
      22
      23
      18
      27
      36
      32
      32
      24
      26
      27
      29
      33
      30
      18
      18
      38
      20
      25
      32
      19
      21
      22
      27
      26
      24
      34
      25
      22
      30
      24
      30
      22
      23
      28
      27
      24
      29
      27
      22
      32
      28
      20
      22
      20
      39
      24
      21
      25
      19
      28
      21
      20
      14
      28
      19
      17
      25
      20
      28
      25
      25
      22
      23
      21
      29
      24
      24
      29
      18
      17
      28
      24
      27
      25
      20
      25
      11
      22
      17
      19
      17
      26
      24
      27
      17
      22
      19
      30
      29
      21
      24
      14
      21
      21
      23
      24
      22
      30
      28
      24
      23
      27
      19
      14
      23
      21
      22
      24
      15
      15
      22
      27
      19
      23
      29
      22
      16
      22
      17
      28
      23
      35
      27
      21
      31
      20
      33
      28
      20
      26
      19
      17
      42
      22
      26
      34
      28
      25
      25
      26
      21
      28
      23
      25
      21
      25
      25
      20
      26
      25
      23
      21
      31
      43
      28
      27
      35
      37
      33
      30
      30
      34
      34
      32
      30
      42
      38
      39
      41
      26
      34
      36
      39
      30
      45
      29
      38
      45
      41
      27
      41
      47
      42
      33
      31
      31
      40
      42
      33
      41
      45
      43
      33
      47
      39
      42
      27
      31
      36
      48
      43
      31
      26
      55
      38
      44
      37
      33
      41
      39
      35
      42
      32
      48
      44
      36
      37
      43
      44
      38
      32
      33
      53
      35
      40
      35
      32
      40
      36
      44
      23
      35
      33
      35
      42
      42
      31
      33
      26
      30
      34
      37
      31
      33
      36
      30
      28
      28
      23
      39
      41
      20
      31
      23
      27
      26
      33
      24
      30
      29
      19
      24
      29
      21
      26
      24
      26
      30
      28
      27
      25
      20
      21
      19
      21
      19
      28
      24
      21
      23
      20
      21
      23
      23
      17
      18
      20
      25
      20
      21
      17
      28
      11
      21
      11
      12
      24
      14
      17
      23
      13
      17
      12
      22
      21
      19
      21
      18
      19
      16
      17
      15
       5
       8
       3
       1
       0
       2
       0
       0
       0
       0
       0
       0
       0
       0
       0
       0
       0
       0
       0
       0
       0
       0
       0
       0
       0
       0
       0
       0
       0
       0
       0
       0
       0
       0
       0
       0
       0
       0
       0
       0
       0
       0
       0
       0
       0
       0
       0
       0
       0
       0
       0
       0
       0
       0
       0
       0
       0
       0
       0
       0
       0
       0
       0
       0
       0
       0
       0
       0
       0
       0
       0
       0
       0
       0
       0
       0
       0
       0
       0
       0
       0
       0
       0
       0
       0
       0
       0
       0
       0
       0
       0
       0
       0
       0
       0
       0
       0
       0
       0
       0
       0
       0
       0
       0
       0
       0
       0
       0
       0
       0
       0
       0
       0
       0
       0
       0
       0
       0
       0
       0
       0
       0
       0
       0
       0
       0
       0
       0
       0
       0
       0
       0
       0
       0
       0
       0
       0
       0
       0
       0
       0
       0
       0
       0
       0
       0
       0
       0
       0
       0
       0
       0
       0
       0
       0
       0
       0
       0
       0
       0
       0
       0
       0
       0
       0
       0
       0
       0
       0
       0
       0
       0
       0
       0
       0
       0
       0
       0
       0
       0
       0
       0
       0
       0
       0
       0
       0
       0
       0
       0
       0
       0
       0
       0
       0
       0
       0
       0
       0
       0
       0
       0
       0
       0
       0
       0
       0
       0
       0
       0
       0
       0
       0
       0
       0
       0
       0
       0
       0
       0
       0
       0
       0
       0
       0
       0
       0
       0
       0
       0
       0
       0
       0
       0
       0
       0
       0
       0
       0
       0
       0
       0
       0
       0
       0
       0
       0
       0
       0
       0
       0
       0
       0
       0
       0
       0
       0
       0
       0
       0
       0
       0
       0
       0
       0
       0
       0
       0
       0
       0
       0
       0
       0
       0
       0
$ROI:
1
849 850
$PRESETS:
Live Time
999999
0
$ENER_FIT:
0.000000 0.749264
$MCA_CAL:
3
0.000000E+000 7.492638E-001 0.000000E+000 keV
$SHAPE_CAL:
3
0.000000E+000 0.000000E+000 0.000000E+000
