$SPEC_ID:
none
$SPEC_REM:
DET# 1
DETDESC# GRAD-LAB Easy-MCA-2k SN 14163589
AP# Maestro Version 7.01
$DATE_MEA:
09/14/2016 14:30:45
$MEAS_TIM:
956 957
$DATA:
0 2047
       0
       0
       0
       0
       0
       0
       0
       0
       0
       0
       0
       0
       0
       0
       0
       1
       1
       7
      38
      44
      44
      38
      38
      36
      34
      35
      43
      39
      42
      42
      36
      48
      47
      33
      42
      44
      44
      40
      48
      35
      51
      53
      53
      53
      48
      44
      49
      46
      43
      47
      58
      55
      52
      68
      68
      58
      68
      69
      70
      70
      55
      69
      72
      71
      57
      60
      66
      49
      65
      56
      56
      56
      60
      67
      56
      83
      62
      74
      70
      70
      68
      79
      75
      75
      81
      90
     103
      84
      73
      80
      73
      80
      95
      84
      91
      82
      61
      80
      89
      70
      78
      91
      69
      69
      78
      95
      89
      77
      86
      79
      82
      84
     100
      74
     106
     103
     114
     100
     105
     103
     132
     127
     132
     172
     163
     160
     180
     203
     221
     241
     250
     259
     293
     280
     287
     348
     368
     406
     403
     376
     354
     395
     391
     414
     379
     378
     384
     348
     329
     345
     339
     296
     297
     320
     291
     285
     276
     256
     237
     245
     223
     212
     219
     213
     195
     214
     193
     176
     169
     174
     161
     153
     137
     142
     136
     127
     171
     136
     129
     125
     127
     115
     151
     140
     122
     134
     125
     133
     140
     153
     139
     101
     125
     145
     141
     130
     138
     135
     125
     137
     123
     136
     161
     127
     145
     128
     134
     127
     126
     140
     142
     145
     127
     145
     134
     146
     155
     127
     137
     137
     156
     141
     124
     113
     124
     163
     138
     147
     152
     126
     122
     117
     123
     117
     136
     103
     110
     112
     116
     100
     128
     125
     140
     140
     127
     130
     142
     126
     146
     113
     109
     121
     105
     126
     124
     109
     141
     129
     142
     129
     135
     123
     114
     115
     135
     124
     145
      95
     116
     132
     131
     122
     122
     100
     126
     135
     116
     118
     128
     127
     120
     122
     116
     113
     125
     155
     123
     128
     121
     105
     149
     129
     123
     129
     124
     129
     141
     133
     149
     117
     147
     126
     139
     130
     138
     142
     145
     133
     151
     143
     142
     141
     124
     166
     137
     148
     130
     138
     112
     119
     153
     135
     144
     136
     127
     137
     125
     134
     128
     156
     133
     137
     142
     132
     137
     146
     148
     122
     137
     135
     141
     151
     146
     134
     142
     148
     141
     149
     145
     152
     128
     122
     133
     151
     163
     133
     147
     148
     124
     148
     126
     128
     123
     137
     131
     136
     132
     130
     130
     134
     141
     150
     142
     115
     132
     120
     122
     129
     139
     135
     135
     129
     133
     139
     130
     132
     123
     126
     141
     139
     116
     129
     107
     110
     134
     126
     116
     124
     115
     115
     113
     129
     150
     110
     125
     126
     109
     111
     121
     109
     123
     119
     107
     113
     118
     126
     148
     120
      92
     107
     116
     118
     106
     103
     142
     123
     105
     114
     126
     121
     112
     110
     108
     114
      98
      94
     129
     104
      95
     130
     109
     109
     117
     100
     107
     123
     119
     102
      98
     102
     104
     107
     110
     104
     114
     117
     120
      89
     101
     104
      96
     124
     111
     104
      98
     101
     123
     103
     117
     110
     107
     103
     106
     120
     101
     101
     113
     101
     113
      90
      88
     105
     112
      95
     121
      86
     102
      91
     105
      98
      95
     114
      93
     114
     120
     111
     104
      96
     124
     105
     103
     116
     109
     114
      97
     104
      95
      95
      98
      97
      89
     118
      99
      98
      89
     107
     114
     107
     103
     100
      97
     105
     111
     123
     108
      91
     111
     108
      79
      87
     113
      93
     112
      88
     115
     101
     106
      95
      94
     111
      98
     101
     109
      85
      96
      99
      89
     104
     104
      90
      88
     110
     112
      89
     106
     106
     110
      92
      99
      98
      81
      94
      80
     103
      98
      96
     100
     109
      93
     105
     109
      96
     104
      98
     113
      92
      86
     101
      85
      95
      91
     107
      90
      93
     109
     114
     114
     113
      97
      88
     100
      97
     105
     100
      93
      86
      97
     102
      79
      90
     103
      90
      87
      77
      90
      93
      99
      95
      92
     106
      85
      96
      87
      86
      80
     109
      88
      81
      90
      88
      84
      96
      91
      94
     113
     110
      95
      94
      93
     102
      83
      85
      75
      95
      92
      93
      91
      90
     107
      93
      87
     100
     110
      90
      97
      84
      90
      88
     103
      92
      84
      72
      95
      99
      96
      87
      88
      86
      90
      92
      85
      73
     104
      92
      92
      81
      76
      90
     107
      86
      88
      70
      96
      91
      81
      80
     108
      93
      90
     104
      97
     102
      79
      99
      97
      98
      91
      97
      72
     109
     100
      85
      97
     102
      98
      95
      92
      86
      87
      91
      95
      99
      95
      90
     102
      90
     100
     113
     117
     104
      94
     106
     122
      84
     132
      95
     105
     104
     101
      94
     115
     113
     117
     108
     100
     103
     107
     127
     114
     130
     119
     140
     123
     128
     111
     125
     123
     121
     145
     109
     110
     115
     138
     130
     110
     136
     144
     141
     127
     141
     138
     128
     129
     142
     123
     151
     136
     160
     146
     142
     115
     137
     148
     129
     147
     153
     140
     146
     139
     180
     138
     168
     131
     176
     174
     145
     147
     152
     153
     175
     152
     179
     147
     141
     185
     163
     167
     152
     163
     164
     155
     151
     150
     162
     170
     148
     157
     153
     175
     174
     185
     175
     193
     159
     163
     145
     150
     159
     174
     177
     166
     175
     136
     161
     171
     154
     154
     172
     167
     156
     162
     169
     172
     160
     143
     164
     174
     153
     131
     167
     143
     153
     138
     140
     129
     110
     154
     149
     149
     150
     121
     134
     134
     125
     134
     138
     131
     123
     117
     136
     117
     131
     149
     120
     115
     114
      96
     113
     121
     120
     111
      94
     124
     110
     110
      96
      91
     104
      81
      94
      93
     106
      98
      88
      92
      88
      74
      88
     106
      88
      81
      70
      82
      63
      82
      75
      69
      84
      69
      76
      76
      68
      65
      79
      53
      55
      61
      72
      53
      72
      57
      66
      56
      51
      45
      48
      62
      41
      43
      50
      51
      49
      50
      45
      39
      30
      34
      37
      40
      33
      32
      36
      30
      36
      40
      38
      32
      40
      42
      37
      29
      30
      37
      37
      28
      31
      25
      26
      21
      28
      28
      19
      15
      21
      18
      31
      24
      24
      18
      20
      19
      23
      14
      14
      17
      19
      29
      16
      13
      13
      15
      15
      11
      17
      14
      16
      14
      17
      25
      10
      10
      15
      14
      12
      17
      13
      12
      21
      13
      17
      13
      11
      17
      11
      11
      11
       7
       9
      12
      17
       6
       7
      15
       7
      12
      13
       8
       8
       8
      11
      13
      10
      11
      11
      11
       7
       6
      10
      16
      15
      13
       4
       8
      14
      11
       9
       9
      15
       9
      12
       7
      10
      13
       9
      11
       9
       9
      16
      14
      19
       9
      19
       8
       5
      11
      11
      15
      11
      14
       7
       8
      11
       3
      10
       9
       7
       6
       2
      15
      12
      10
       7
      13
       5
      18
      14
      18
      11
      11
      15
      14
      13
       6
       8
      11
       8
      11
       8
      11
      12
      11
      10
      11
      10
      10
       6
       9
      14
       7
       5
       9
      10
      12
       6
       7
       6
      15
       5
       8
       8
       8
      11
       9
      10
      12
      11
       7
      12
      16
       7
       7
       4
      10
      11
       8
       2
      13
      10
      13
      10
      13
       6
       6
      11
      13
       9
       5
       9
       5
       8
       6
      10
      10
      13
       8
      11
       7
       8
       8
       5
       5
       5
      11
      11
      10
       7
       9
       6
       8
      13
      11
       4
      14
       5
       4
       6
       4
       9
      10
       5
       6
       8
      11
       6
       5
       6
       7
       4
       8
       5
      11
       8
      10
       9
       6
      10
      10
       5
       4
       7
       9
      10
      13
       6
       9
      11
       9
      10
       5
      12
       5
       6
       8
       6
       4
       9
      14
       7
       8
       7
      11
       8
       9
      10
       6
       8
       7
       8
      15
       7
       9
       5
      14
       9
      11
       8
       5
       8
      11
      10
       8
      10
       6
       9
      13
      13
       6
       9
       9
      12
       8
      10
       8
      12
      12
       6
      12
      14
       9
       7
      16
       7
       4
       4
       8
      12
       7
       9
       8
      12
       7
       6
       7
      10
       6
       8
       3
       8
      10
      11
       6
       8
       7
       9
       7
       5
      12
       6
      13
       9
       9
       5
       9
      18
       6
       8
       6
       8
       8
       5
       9
      10
       8
       7
      11
       3
       7
       3
      11
       9
       5
       4
      15
      10
      17
      11
      10
       6
       5
       5
       8
      10
       8
       4
       8
       7
       3
       7
       7
       8
       5
       9
       7
      14
       7
      11
       6
      10
       7
      11
      16
       8
       5
       5
       7
       4
       6
       4
       3
       4
      10
       7
      11
      12
       8
      11
       9
       7
      10
       9
      14
       7
       8
       5
       8
       9
      12
       6
       8
      13
       5
       3
       8
       8
       9
      10
       6
       7
       9
      13
       5
       8
      10
       9
      13
       9
       5
       8
       6
       4
      11
      10
      11
      10
       5
       6
      12
       8
      10
      11
       8
      10
      12
       9
       9
       7
       6
       9
       2
       8
       8
       7
       8
       7
      13
      14
       7
       6
       6
       8
       9
       9
      10
       7
       9
      11
      11
      13
      14
       6
      12
       7
       3
       8
      11
       7
       7
       5
       9
       5
      10
       5
      13
      11
       9
       5
      12
       4
       7
       6
       9
       8
       3
      12
      14
       8
       6
       9
      11
       7
      11
       4
       7
       2
       9
       8
       5
       6
       7
       7
       8
       5
       8
       6
       5
       8
       7
       4
      11
       3
       7
       6
       3
       7
       8
       5
       5
       5
       7
       9
       4
       3
       2
       3
      11
       5
       7
       2
       7
      10
       8
       9
       8
      11
       9
       8
       4
       3
       5
       8
       2
       0
       7
       6
       8
       7
       7
       7
       6
       6
       7
       3
       9
       8
       6
       8
       9
       8
       7
       4
       7
       8
       5
       7
      10
       5
       6
       2
       3
       9
       8
       4
       5
       3
       7
       5
       9
       7
       5
       6
       7
       5
       3
       5
       6
       4
      10
      10
      11
       3
       5
       3
       6
       8
      11
       1
       4
       8
       6
       7
       6
       8
       8
       4
       6
       7
       4
       4
       4
       6
       2
       2
       7
       3
       6
       7
       3
       6
       3
       6
       5
       8
       4
       3
       5
       5
       5
       3
       3
       5
       3
       2
       3
       7
       3
       3
       4
       9
      11
       6
       1
       3
       2
       6
       4
       8
       3
       4
       6
       3
       5
       4
       5
       3
       2
       5
       6
       6
       5
       4
       4
       5
       2
       6
       5
       2
       4
       7
       4
       2
       5
       4
       3
       5
       7
       7
       9
       5
       3
       7
       3
       3
       3
       2
       5
       7
       4
       4
       2
       5
       6
       7
       2
       2
       3
      11
       4
       5
       7
       2
       2
       5
       6
       5
       8
       2
       4
       9
       9
      10
       3
      10
      10
       4
       9
       7
       8
       5
       5
       6
       6
      11
       5
       5
       8
       5
       5
       8
       5
       6
       5
      12
       6
       9
      13
       7
      12
       9
      11
       6
       6
      10
       4
       7
       4
      10
       9
       7
      12
       8
       8
      11
       4
      10
      11
      10
      10
      12
       5
       9
       6
       8
       8
       8
      16
       5
       8
       3
       9
       7
       7
       8
       7
       6
      13
      11
       8
      13
       9
       7
       6
      11
       8
       6
      10
       5
       7
       5
       3
       8
       6
       9
       6
      10
       5
       4
       3
       8
       7
       7
       5
       2
       6
       6
       4
       7
       6
       3
       7
       3
       5
       6
       6
       4
       7
      12
       3
       5
       6
       5
       4
       7
       6
       7
       6
       6
       4
       4
       4
       4
       6
       5
       6
       5
       3
       2
       3
       1
       1
       0
       1
       0
       0
       0
       0
       0
       0
       0
       0
       0
       0
       0
       0
       0
       0
       0
       0
       0
       0
       0
       0
       0
       0
       0
       0
       0
       0
       0
       0
       0
       0
       0
       0
       0
       0
       0
       0
       0
       0
       0
       0
       0
       0
       0
       0
       0
       0
       0
       0
       0
       0
       0
       0
       0
       0
       0
       0
       0
       0
       0
       0
       0
       0
       0
       0
       0
       0
       0
       0
       0
       0
       0
       0
       0
       0
       0
       0
       0
       0
       0
       0
       0
       0
       0
       0
       0
       0
       0
       0
       0
       0
       0
       0
       0
       0
       0
       0
       0
       0
       0
       0
       0
       0
       0
       0
       0
       0
       0
       0
       0
       0
       0
       0
       0
       0
       0
       0
       0
       0
       0
       0
       0
       0
       0
       0
       0
       0
       0
       0
       0
       0
       0
       0
       0
       0
       0
       0
       0
       0
       0
       0
       0
       0
       0
       0
       0
       0
       0
       0
       0
       0
       0
       0
       0
       0
       0
       0
       0
       0
       0
       0
       0
       0
       0
       0
       0
       0
       0
       0
       0
       0
       0
       0
       0
       0
       0
       0
       0
       0
       0
       0
       0
       0
       0
       0
       0
       0
       0
       0
       0
       0
       0
       0
       0
       0
       0
       0
       0
       0
       0
       0
       0
       0
       0
       0
       0
       0
       0
       0
       0
       0
       0
       0
       0
       0
       0
       0
       0
       0
       0
       0
       0
       0
       0
       0
       0
       0
       0
       0
       0
       0
       0
       0
       0
       0
       0
       0
       0
       0
       0
       0
       0
       0
       0
       0
       0
       0
       0
       0
       0
       0
       0
       0
       0
       0
       0
       0
       0
       0
       0
       0
       0
       0
       0
       0
       0
       0
       0
$ROI:
1
539 549
$PRESETS:
Live Time
999999
0
$ENER_FIT:
0.000000 0.749264
$MCA_CAL:
3
0.000000E+000 7.492638E-001 0.000000E+000 keV
$SHAPE_CAL:
3
0.000000E+000 0.000000E+000 0.000000E+000
