$SPEC_ID:
none
$SPEC_REM:
DET# 1
DETDESC# GRAD-LAB Easy-MCA-2k SN 14163589
AP# Maestro Version 7.01
$DATE_MEA:
09/07/2016 14:10:39
$MEAS_TIM:
299 301
$DATA:
0 2047
       0
       0
       0
       0
       1
       0
       1
       0
       0
       0
       0
       0
       1
       0
       0
       1
       1
      55
     192
     193
     157
     172
     161
     143
     150
     140
     141
     138
     161
     142
     156
     155
     150
     142
     131
     148
     161
     156
     158
     160
     157
     150
     180
     170
     165
     159
     174
     173
     182
     207
     237
     273
     294
     376
     450
     530
     694
     801
     937
    1065
    1222
    1367
    1531
    1580
    1676
    1629
    1584
    1462
    1400
    1245
    1239
    1029
     882
     804
     699
     649
     551
     486
     453
     379
     351
     332
     290
     298
     251
     268
     250
     235
     199
     198
     220
     212
     218
     217
     228
     207
     180
     205
     233
     217
     194
     221
     170
     188
     192
     226
     199
     227
     209
     224
     220
     175
     218
     206
     184
     227
     197
     218
     249
     227
     218
     249
     212
     203
     203
     205
     256
     260
     290
     267
     290
     317
     309
     358
     334
     386
     387
     400
     449
     429
     458
     449
     419
     415
     466
     449
     441
     423
     417
     436
     447
     387
     385
     372
     356
     351
     342
     349
     329
     329
     351
     298
     308
     310
     287
     284
     270
     276
     281
     261
     247
     254
     278
     248
     238
     220
     212
     215
     244
     200
     196
     229
     200
     197
     215
     193
     208
     184
     202
     193
     217
     209
     216
     187
     184
     253
     204
     199
     210
     209
     195
     191
     203
     218
     199
     244
     216
     194
     205
     221
     224
     224
     203
     236
     201
     216
     221
     209
     221
     180
     226
     222
     210
     208
     238
     193
     219
     211
     217
     215
     238
     199
     223
     245
     218
     238
     209
     193
     213
     248
     241
     233
     227
     218
     218
     230
     216
     243
     192
     244
     216
     219
     232
     215
     256
     224
     225
     229
     240
     225
     217
     235
     244
     237
     234
     234
     233
     233
     240
     231
     212
     225
     211
     211
     236
     242
     246
     251
     235
     233
     240
     222
     281
     254
     208
     247
     208
     265
     234
     243
     260
     257
     284
     257
     303
     255
     255
     276
     309
     264
     288
     285
     269
     297
     306
     283
     286
     295
     279
     294
     289
     297
     304
     321
     291
     293
     295
     308
     302
     309
     311
     343
     310
     339
     330
     339
     343
     319
     321
     313
     324
     325
     332
     320
     317
     335
     312
     310
     352
     314
     288
     298
     306
     333
     298
     304
     307
     305
     338
     289
     314
     312
     318
     294
     278
     260
     307
     281
     316
     309
     349
     336
     328
     281
     288
     283
     325
     311
     332
     299
     288
     284
     291
     279
     278
     315
     292
     305
     302
     325
     276
     279
     288
     307
     285
     306
     317
     302
     291
     314
     257
     307
     301
     269
     300
     317
     311
     285
     303
     288
     304
     277
     282
     290
     278
     299
     291
     276
     288
     305
     302
     301
     299
     287
     287
     304
     305
     274
     280
     285
     294
     286
     286
     296
     335
     277
     292
     277
     317
     307
     286
     296
     302
     301
     335
     299
     296
     312
     321
     272
     276
     285
     298
     301
     299
     273
     291
     320
     290
     274
     295
     270
     309
     287
     280
     259
     304
     284
     308
     309
     289
     281
     299
     283
     287
     279
     292
     298
     276
     294
     297
     316
     266
     318
     288
     328
     286
     270
     287
     295
     305
     322
     293
     282
     321
     316
     331
     289
     301
     296
     316
     294
     278
     269
     291
     288
     282
     351
     294
     315
     293
     335
     293
     286
     334
     275
     290
     288
     286
     334
     281
     298
     276
     292
     293
     303
     303
     322
     285
     299
     304
     306
     298
     316
     300
     293
     276
     308
     272
     327
     285
     315
     311
     260
     302
     306
     288
     297
     327
     321
     293
     322
     299
     286
     320
     305
     322
     313
     305
     322
     312
     298
     324
     295
     281
     287
     280
     305
     307
     284
     302
     336
     292
     299
     321
     307
     314
     300
     318
     304
     304
     280
     270
     270
     293
     328
     291
     313
     330
     302
     338
     304
     318
     306
     297
     315
     318
     325
     316
     275
     302
     337
     293
     306
     309
     296
     336
     289
     331
     327
     304
     347
     329
     285
     323
     299
     345
     355
     301
     329
     337
     334
     296
     324
     355
     315
     297
     340
     323
     342
     308
     299
     315
     351
     302
     358
     333
     332
     345
     329
     345
     344
     333
     341
     368
     348
     369
     343
     351
     351
     333
     377
     328
     329
     347
     347
     344
     339
     303
     294
     314
     323
     299
     290
     299
     334
     352
     328
     305
     325
     306
     302
     279
     300
     329
     337
     291
     298
     278
     268
     280
     275
     227
     262
     300
     264
     288
     244
     258
     232
     222
     257
     262
     239
     232
     221
     217
     221
     215
     204
     231
     209
     194
     184
     185
     203
     199
     185
     206
     179
     183
     155
     179
     198
     163
     170
     181
     172
     169
     172
     153
     175
     151
     148
     158
     192
     171
     148
     157
     140
     139
     143
     147
     133
     148
     142
     135
     159
     140
     129
     128
     143
     147
     135
     139
     112
     141
     122
     108
     123
     127
     113
     127
     105
      92
     122
     114
     108
     111
     115
     115
     106
     114
     105
     117
     119
     104
     102
      91
     113
     118
     110
      94
     101
     102
      99
      83
     104
     106
      96
      88
      90
     101
      92
      98
      79
      98
      80
     102
      88
     106
     109
      83
      82
     110
     104
     105
      88
      96
      74
      85
      95
      93
      79
      79
      72
      91
      81
      86
      79
      73
      85
      79
      81
      83
      80
      72
      88
      89
      84
      74
      79
      68
      87
      70
      86
      93
      89
      85
      83
      68
      65
      66
      77
      70
      93
      82
      91
      74
      71
      70
      88
      87
      81
      77
      90
      91
      97
      85
      87
      93
      98
     102
     106
     110
     120
     140
     109
     164
     136
     142
     162
     131
     163
     178
     173
     183
     195
     200
     240
     244
     242
     260
     275
     318
     311
     336
     376
     383
     392
     416
     470
     474
     523
     645
     607
     616
     602
     686
     710
     767
     790
     789
     835
     872
     892
     905
     966
    1052
    1079
    1090
    1095
    1194
    1251
    1279
    1330
    1337
    1374
    1493
    1433
    1501
    1554
    1581
    1593
    1574
    1600
    1700
    1686
    1714
    1769
    1771
    1820
    1854
    1812
    1868
    1851
    1902
    1942
    1961
    1791
    1841
    1945
    1902
    1882
    1866
    1874
    1830
    1845
    1845
    1803
    1783
    1765
    1677
    1724
    1787
    1711
    1742
    1603
    1673
    1603
    1626
    1595
    1514
    1450
    1511
    1429
    1405
    1435
    1338
    1280
    1269
    1214
    1198
    1179
    1175
    1128
    1118
    1037
     984
    1033
     953
     945
     937
     878
     850
     850
     787
     801
     713
     694
     685
     715
     625
     676
     586
     602
     562
     547
     517
     543
     497
     484
     455
     407
     440
     449
     370
     376
     406
     328
     351
     354
     308
     285
     278
     279
     269
     253
     245
     269
     234
     198
     236
     213
     189
     176
     176
     157
     152
     157
     138
     131
     143
     141
     127
     123
     124
     105
     109
     103
      91
      93
      97
      96
      83
      73
      80
      53
      66
      50
      59
      50
      38
      42
      48
      54
      42
      26
      36
      39
      30
      29
      26
      26
      20
      30
      16
      17
      19
      21
      18
      17
      15
      10
      14
      12
      21
      18
      11
      12
      13
      11
       9
       6
      11
       9
       5
       4
       9
      13
       8
       7
       6
       4
       7
       5
       6
       5
       4
       7
       5
       4
       6
       6
       5
       5
       2
       5
       3
       2
       2
       4
       2
       2
       4
       6
       6
       4
       5
       2
       6
       9
       3
       2
       5
       2
       6
       3
       4
       2
       4
       6
       0
       7
       4
       5
       6
       5
       4
       1
       6
       2
       2
       4
       2
       5
       4
       4
       0
       2
       0
       3
       1
       6
       1
       2
       4
       2
       1
       4
       1
       2
       2
       1
       1
       2
       2
       4
       7
       5
       6
       6
       2
       3
       4
       2
       2
       2
       3
       2
       1
       5
       2
       6
       4
       8
       1
       3
       0
       1
       1
       4
       3
       3
       4
       2
       2
       3
       4
       2
       3
       2
       4
       2
       0
       5
       3
       3
       2
       3
       4
       2
       4
       3
       2
       3
       1
       2
       2
       4
       1
       2
       4
       3
       2
       6
       3
       3
       4
       3
       2
       2
       4
       1
       6
       2
       4
       3
       1
       5
       4
       3
       0
       1
       2
       2
       6
       2
       0
       2
       1
       1
       2
       5
       1
       2
       3
       2
       4
       4
       4
       7
       1
       4
       2
       2
       4
       1
       2
       2
       2
       0
       3
       0
       1
       2
       4
       4
       4
       1
       3
       0
       7
       3
       4
       3
       4
       6
       3
       3
       4
       4
       2
       3
       1
       4
       3
       4
       3
       3
       0
       1
       0
       4
       2
       1
       5
       5
       3
       4
       2
       4
       2
       0
       1
       3
       4
       1
       2
       4
       2
       2
       3
       1
       0
       2
       4
       2
       3
       1
       1
       1
       1
       3
       1
       5
       2
       6
       3
       2
       1
       2
       3
       5
       1
       1
       1
       9
       3
       4
       3
       3
       3
       3
       2
       3
       4
       2
       3
       2
       3
       3
       2
       6
       4
       3
       2
       2
       3
       2
       2
       3
       2
       1
       5
       6
       3
       2
       3
       4
       1
       2
       1
       4
       2
       4
       3
       3
       1
       3
       1
       2
       3
       2
       1
       4
       3
       2
       1
       2
       5
       5
       0
       3
       1
       2
       3
       4
       3
       5
       1
       3
       6
       2
       3
       2
       1
       1
       3
       4
       3
       3
       2
       3
       1
       1
       5
       2
       1
       4
       3
       3
       1
       2
       1
       3
       2
       0
       4
       5
       2
       4
       0
       0
       3
       3
       3
       3
       3
       3
       3
       3
       0
       2
       1
       0
       3
       2
       2
       3
       2
       8
       3
       1
       1
       2
       3
       6
       0
       4
       1
       3
       2
       4
       2
       2
       1
       0
       1
       1
       4
       2
       1
       1
       3
       2
       0
       1
       2
       2
       3
       0
       1
       0
       3
       0
       3
       2
       3
       5
       2
       1
       1
       2
       2
       2
       0
       3
       3
       3
       2
       0
       0
       0
       0
       4
       2
       1
       3
       0
       5
       1
       1
       0
       0
       0
       1
       1
       5
       0
       2
       2
       2
       2
       2
       2
       1
       6
       2
       4
       1
       3
       2
       0
       1
       0
       1
       2
       2
       2
       0
       3
       3
       1
       1
       2
       2
       1
       0
       3
       3
       2
       4
       1
       2
       2
       2
       1
       1
       1
       1
       0
       2
       3
       3
       0
       1
       0
       0
       3
       0
       2
       3
       3
       2
       1
       3
       2
       1
       1
       2
       0
       1
       4
       1
       1
       4
       3
       2
       1
       1
       3
       1
       1
       0
       2
       1
       1
       0
       2
       2
       0
       0
       1
       2
       2
       2
       1
       2
       1
       0
       1
       3
       0
       3
       0
       2
       1
       1
       1
       3
       2
       1
       2
       4
       1
       2
       1
       0
       1
       2
       0
       3
       1
       0
       0
       4
       2
       0
       2
       1
       4
       1
       3
       0
       2
       1
       2
       2
       4
       3
       3
       3
       3
       0
       1
       2
       0
       3
       2
       2
       4
       1
       2
       2
       1
       0
       2
       2
       1
       1
       6
       0
       4
       3
       1
       1
       6
       0
       1
       0
       2
       2
       2
       1
       1
       1
       5
       0
       0
       3
       1
       2
       1
       0
       2
       2
       0
       1
       3
       3
       1
       3
       0
       0
       1
       1
       2
       2
       1
       2
       1
       4
       1
       3
       6
       1
       2
       1
       3
       5
       3
       1
       4
       1
       2
       3
       0
       3
       1
       2
       3
       1
       2
       3
       2
       1
       1
       2
       1
       0
       5
       2
       1
       2
       6
       1
       6
       1
       2
       3
       1
       2
       3
       4
       0
       3
       4
       2
       6
       3
       4
       1
       2
       1
       4
       2
       1
       4
       1
       1
       2
       3
       0
       3
       1
       3
       2
       1
       2
       1
       3
       0
       2
       0
       0
       0
       0
       0
       0
       0
       0
       0
       0
       0
       0
       0
       0
       0
       0
       0
       0
       0
       0
       0
       0
       0
       0
       0
       0
       0
       0
       0
       0
       0
       0
       0
       0
       0
       0
       0
       0
       0
       0
       0
       0
       0
       0
       0
       0
       0
       0
       0
       0
       0
       0
       0
       0
       0
       0
       0
       0
       0
       0
       0
       0
       0
       0
       0
       0
       0
       0
       0
       0
       0
       0
       0
       0
       0
       0
       0
       0
       0
       0
       0
       0
       0
       0
       0
       0
       0
       0
       0
       0
       0
       0
       0
       0
       0
       0
       0
       0
       0
       0
       0
       0
       0
       0
       0
       0
       0
       0
       0
       0
       0
       0
       0
       0
       0
       0
       0
       0
       0
       0
       0
       0
       0
       0
       0
       0
       0
       0
       0
       0
       0
       0
       0
       0
       0
       0
       0
       0
       0
       0
       0
       0
       0
       0
       0
       0
       0
       0
       0
       0
       0
       0
       0
       0
       0
       0
       0
       0
       0
       0
       0
       0
       0
       0
       0
       0
       0
       0
       0
       0
       0
       0
       0
       0
       0
       0
       0
       0
       0
       0
       0
       0
       0
       0
       0
       0
       0
       0
       0
       0
       0
       0
       0
       0
       0
       0
       0
       0
       0
       0
       0
       0
       0
       0
       0
       0
       0
       0
       0
       0
       0
       0
       0
       0
       0
       0
       0
       0
       0
       0
       0
       0
       0
       0
       0
       0
       0
       0
       0
       0
       0
       0
       0
       0
       0
       0
       0
       0
       0
       0
       0
       0
       0
       0
       0
       0
       0
       0
       0
       0
       0
       0
       0
       0
       0
       0
       0
       0
       0
       0
       0
       0
       0
       0
       0
       0
       0
       0
       0
       0
       0
       0
       0
       0
$ROI:
0
$PRESETS:
Live Time
999999
0
$ENER_FIT:
0.000000 0.000000
$MCA_CAL:
3
0.000000E+000 0.000000E+000 0.000000E+000 
$SHAPE_CAL:
3
0.000000E+000 0.000000E+000 0.000000E+000
