$SPEC_ID:
none
$SPEC_REM:
DET# 1
DETDESC# GRAD-LAB Easy-MCA-2k SN 14163589
AP# Maestro Version 7.01
$DATE_MEA:
09/19/2016 13:02:06
$MEAS_TIM:
1004 1005
$DATA:
0 2047
       0
       0
       0
       0
       0
       0
       0
       0
       0
       0
       0
       0
       0
       0
       0
       1
       0
       4
      18
      19
      20
      20
      13
      22
      17
      23
      17
      16
      15
      17
      17
      20
      15
      18
      26
      15
      22
      17
      25
      21
      22
      27
      25
      23
      15
      17
      23
      23
      26
      25
      23
      21
      17
      29
      31
      31
      31
      36
      36
      31
      39
      27
      26
      29
      30
      30
      34
      17
      30
      27
      27
      35
      34
      28
      25
      36
      37
      30
      30
      44
      29
      37
      42
      40
      31
      54
      38
      34
      40
      34
      31
      45
      54
      32
      39
      44
      58
      48
      34
      49
      56
      51
      48
      50
      78
      71
      59
      68
      55
      55
      58
      50
      68
      69
      80
      71
      96
      76
      77
      86
     105
      99
     110
     105
      99
     116
     126
     146
     134
     135
     130
     138
     157
     127
     158
     145
     150
     149
     139
     134
     116
     117
     115
     138
     118
     128
     135
     147
     121
     139
     146
     111
     109
     109
     126
     116
     113
     109
     110
      95
     117
     109
     116
     113
      99
     111
     103
     114
     112
     104
     105
     112
      87
      91
      99
      84
      96
      89
      96
      87
      96
     112
      92
      89
      95
      98
     113
     109
      82
     115
     100
      95
      98
      97
      65
      81
      97
     103
     100
      97
     105
     103
     111
     120
      99
      99
     117
      94
      99
      87
     111
     121
     101
      93
     109
     100
     100
      89
      94
      98
     102
      95
      89
      83
      87
      93
      97
      95
     100
      90
      99
      89
      86
     103
      91
      88
      85
     117
      85
     110
      81
     102
      92
      72
     101
      83
      95
      79
      86
      84
      85
      79
      78
     104
      73
      97
      97
      87
      88
      78
      92
      87
      98
      87
     103
      91
      88
      88
      75
      76
      77
      74
      79
      68
      72
      74
     109
      82
      69
      75
      81
      87
      75
      70
      69
      76
      76
      76
      77
      64
      73
      74
      69
      73
      77
      80
      77
      78
      63
      95
      62
      77
      71
      75
      83
      78
      85
      72
      70
      74
      72
      65
      54
      79
      61
      55
      73
      68
      65
      58
      52
      55
      76
      54
      66
      67
      60
      61
      74
      61
      53
      81
      63
      66
      63
      65
      67
      68
      61
      56
      59
      62
      59
      58
      62
      63
      81
      53
      49
      61
      83
      51
      51
      51
      46
      57
      56
      59
      65
      63
      70
      58
      70
      56
      60
      56
      71
      49
      59
      58
      52
      60
      71
      61
      48
      64
      48
      46
      48
      80
      53
      63
      62
      70
      57
      61
      44
      38
      66
      57
      60
      59
      73
      65
      69
      46
      47
      57
      52
      66
      45
      52
      52
      60
      58
      50
      52
      56
      64
      73
      64
      60
      61
      55
      60
      63
      71
      54
      73
      65
      77
      68
      73
      62
      76
      69
      79
      66
      66
      75
      77
      81
      84
      87
      86
      92
      86
      87
      91
      85
      91
     102
      87
      84
      78
      83
      81
     100
     112
      81
      90
     106
     103
      94
     102
     107
      98
      93
      99
     109
     124
      99
     116
     110
     122
      98
      88
      91
      97
     104
     109
     124
     104
     124
      99
     122
      99
     110
     111
     108
     107
     103
      88
     108
      90
      88
     102
     101
     111
      91
      76
      78
      80
      84
      88
      96
      87
      97
      74
      82
      65
      70
      72
      74
      73
      66
      61
      75
      60
      59
      62
      49
      75
      67
      70
      56
      60
      46
      48
      33
      51
      53
      48
      50
      60
      28
      50
      48
      36
      49
      30
      46
      38
      48
      44
      38
      31
      48
      27
      33
      39
      28
      27
      27
      30
      27
      27
      36
      37
      33
      38
      41
      35
      26
      17
      25
      26
      24
      29
      21
      29
      30
      28
      19
      26
      16
      31
      18
      22
      14
      23
      26
      22
      24
      21
      22
      21
      29
      31
      28
      24
      20
      26
      17
      22
      34
      29
      23
      18
      19
      19
      23
      20
      25
      17
      12
      15
      15
      20
      29
      24
      31
      19
      19
      21
      17
      14
      19
      14
      21
      14
      16
      21
      19
      20
      17
      20
      25
      17
      13
      14
      22
      20
      12
      23
      23
      17
      16
      22
      17
      15
      11
      23
      17
      19
      17
      15
      15
      11
      24
      12
      14
      17
      15
      13
      20
      18
      19
      16
      15
      24
      19
      13
      16
      15
      16
      19
      15
      13
      21
      21
      14
      13
      12
      12
      23
      16
      25
      19
      13
      13
      25
      21
      24
      15
      17
      16
      15
      17
      15
      26
      24
      21
      21
      19
      16
      24
      18
      12
      21
      16
      22
      17
      15
      18
      19
      16
      23
      23
      23
      19
      18
      10
      15
      21
      15
      19
      13
      17
      27
      21
      13
      20
      23
      18
      13
      14
      31
      14
      16
      17
      14
      15
      25
      18
      19
      22
      15
       8
      16
      17
      15
      14
      18
      19
      19
      15
      14
      14
      15
      18
      16
      14
      19
      17
      18
      20
      13
      13
      22
      17
      24
      22
      17
      15
      12
      18
      19
      23
      21
      28
      16
      16
      10
      16
      18
      20
      24
      18
      20
      15
      12
      19
      16
      16
      15
      25
      10
      18
      18
      20
      18
      16
      24
      18
      16
      21
      10
      17
      11
      15
      11
      16
      11
      16
      21
      18
      27
      18
      14
      14
      19
      20
      19
      14
      14
      10
      24
      17
       9
      18
      16
      15
      19
      22
      16
      16
      21
      12
      15
      14
      14
      19
      18
      29
      18
      22
      17
      16
      13
      19
      17
      13
      14
      23
      20
      18
      22
      24
      16
      16
      19
      15
      24
      18
      18
      11
      14
      18
      18
      20
      12
      22
      13
      18
      18
      15
      20
      14
      13
      16
      11
      16
      19
      11
      14
      23
      11
      18
      20
      13
      20
      13
       9
      20
      20
      22
      18
      16
      24
      20
       7
       9
       7
      11
      23
      13
       9
      19
      14
       8
      17
      12
       8
       8
      16
      13
       7
      16
      18
      10
      10
      10
      16
       7
      10
      11
      10
      13
      12
      14
       9
      16
       6
      10
      13
       8
      14
      10
      16
      17
      13
       8
      11
      15
      12
      10
       9
      11
      13
      12
      15
      11
      14
      14
      14
      13
      12
       9
      18
      16
      12
      16
       9
       8
       8
      10
       9
       9
      15
       7
      11
      17
       9
       9
      10
       5
       9
      16
      11
      11
       5
       5
       5
      15
      19
      11
      10
      10
      13
      12
      10
       8
      10
      16
       8
       7
      14
       8
       5
      15
       8
      15
       9
      15
       9
       3
      20
      11
      18
       6
       8
      13
       9
       9
       6
      13
       6
      11
      11
       8
       7
      10
      10
       9
      11
      10
       3
      18
      12
      15
       6
      12
      12
      12
      11
      16
      12
      10
      12
       9
      11
      13
       9
       2
      14
      13
      12
      10
      13
       5
       8
      12
       7
      12
      11
       7
      14
      14
      10
      11
       8
      11
      11
       5
      10
      12
       8
      12
       9
       8
       6
       7
       7
      17
      11
       2
      11
       9
       8
      10
      12
      12
      12
       5
      12
       8
      11
      15
       7
       7
       8
      11
       9
       8
      12
      15
      14
       5
      13
       7
      14
      10
      10
       7
       9
       9
      13
       7
      13
      10
       9
       6
       8
      11
       8
      12
       7
      13
      12
       4
      12
      17
       7
      10
      16
       9
       7
      13
      11
       8
       9
       9
       8
       5
       9
      18
      13
      14
      11
      10
       9
       4
       8
      13
       8
      10
       6
      11
       5
      14
       8
       5
       4
       9
       9
      10
      12
       7
      11
       7
      10
      10
       7
      10
      12
      15
      10
       7
      11
       9
      11
      11
      11
      12
       8
       5
      16
       8
      19
       9
       3
       9
       8
      13
       6
       5
      12
       8
       9
       7
       4
       9
      10
       4
       1
       8
      10
       9
      16
       6
       7
      12
      10
       8
       7
       9
      12
       7
      14
       6
       8
      13
       8
       7
       8
      10
      11
       8
      10
      12
       8
      10
      12
       9
      12
       7
       8
      13
       8
       7
      14
       5
       4
       7
       6
      11
       4
      14
      10
       8
      10
       8
      11
       9
      10
      10
      10
      10
      11
       9
      12
      11
      10
       7
       8
       9
      10
      10
      15
       9
       8
       9
       7
      10
       9
       3
      11
       9
      11
      12
       9
       9
       8
       5
      11
       8
      11
      10
       9
       9
      11
      11
       6
      11
       4
      11
       9
       8
       9
      12
       5
       9
       8
       7
       5
       8
       8
       9
      10
      12
      14
      11
       8
       9
       4
       7
       6
      11
       8
      18
       8
       8
       4
       6
       8
       6
       9
       9
       9
       5
       6
       8
       9
       7
       6
       9
       6
       7
       8
      13
       8
      12
      12
       8
       9
       9
      11
       9
       8
       9
       7
       9
       5
      11
       8
       8
       7
      11
       6
       8
      14
       9
       6
       7
       4
      10
       8
       8
      17
       9
       7
      11
      11
       5
       7
       9
       7
       6
      13
      11
       6
       6
      10
       9
      10
       6
      12
       6
       4
       4
       5
      10
       5
       9
       4
       4
      14
       8
       5
       6
       9
       7
      10
       8
       9
       7
       3
       6
       6
       5
       6
       5
      11
      11
      11
      10
       8
      13
       8
       5
       9
      11
       4
       9
       8
       5
       7
       9
       6
       6
       5
       5
       6
       7
       6
       4
       7
       6
       8
       2
       6
       4
       6
       9
       7
       9
       8
       8
       6
       8
       9
       3
      12
       9
       6
       8
       7
       4
       5
       1
       7
       7
       5
       2
       5
       5
       4
       4
       1
       6
       5
       3
       6
       4
       6
       6
       4
       7
       6
       3
       5
       4
       4
       4
       9
       5
       5
       7
       4
       2
      11
       5
       4
       5
       6
       4
       6
       5
       7
       7
       0
       9
       7
       7
       4
       2
       4
       6
       5
       2
       6
       7
       5
       8
       4
       8
       5
       6
      10
       4
       2
       9
       3
       5
      11
       7
       4
       6
       2
       3
       8
       8
       8
       6
       4
       5
       5
       3
       4
       1
       3
       4
       3
       6
       6
       4
       2
       9
       1
       8
       6
       5
       8
       8
       2
       5
       6
       4
       6
       5
       3
       8
       6
      11
      12
       9
       7
       4
       4
       8
       5
       3
      10
       8
       7
       3
      10
       7
       6
       7
       7
      10
       9
       6
       6
       6
       8
       3
       9
       8
       7
      11
       7
       9
       4
       8
       7
       8
       5
      16
      11
       6
      15
      11
       8
       5
      13
       9
       9
       7
      11
      10
      11
      11
       7
       6
      12
       7
       7
      11
       7
      10
       5
       7
       8
      16
       9
       9
       8
      10
       9
       6
      11
      12
       8
       3
      14
       9
       7
       7
       8
       9
      10
       7
      11
      12
      12
       8
       6
      10
      15
      13
       6
       9
       8
       6
       6
       7
       8
      10
       7
      11
       9
       5
      16
       7
       6
       8
       9
       8
       6
       7
       8
      10
      10
       3
       9
       9
       4
       6
       5
       8
       8
       9
       4
       5
       6
       6
       9
       8
       5
       2
       9
       7
       7
       8
       7
       8
       7
      10
       7
       2
       3
       7
       6
       9
       7
       5
       8
       5
       3
       5
       7
       7
       5
       5
       9
       4
       7
       3
       1
       3
       4
       2
       4
       5
       8
       4
       5
       1
       4
       7
       3
       5
       3
       1
       3
       5
       4
       7
       9
       5
       1
       6
       4
       2
       4
       4
       3
       3
       0
       7
       5
       3
       4
       1
       1
       3
       4
       1
       4
       0
       4
       3
       2
       1
       1
       4
       4
       1
       3
       4
       1
       4
       2
       4
       3
       4
       5
       0
       3
       3
       4
       3
       2
       3
       1
       1
       3
       4
       1
       3
       2
       2
       2
       1
       1
       2
       2
       2
       0
       2
       0
       3
       1
       3
       0
       0
       0
       0
       0
       0
       0
       0
       0
       0
       0
       0
       0
       0
       0
       0
       0
       0
       0
       0
       0
       0
       0
       0
       0
       0
       0
       0
       0
       0
       0
       0
       0
       0
       0
       0
       0
       0
       0
       0
       0
       0
       0
       0
       0
       0
       0
       0
       0
       0
       0
       0
       0
       0
       0
       0
       0
       0
       0
       0
       0
       0
       0
       0
       0
       0
       0
       0
       0
       0
       0
       0
       0
       0
       0
       0
       0
       0
       0
       0
       0
       0
       0
       0
       0
       0
       0
       0
       0
       0
       0
       0
       0
       0
       0
       0
       0
       0
       0
       0
       0
       0
       0
       0
       0
       0
       0
       0
       0
       0
       0
       0
       0
       0
       0
       0
       0
       0
       0
       0
       0
       0
       0
       0
       0
       0
       0
       0
       0
       0
       0
       0
       0
       0
       0
       0
       0
       0
       0
       0
       0
       0
       0
       0
       0
       0
       0
       0
       0
       0
       0
       0
       0
       0
       0
       0
       0
       0
       0
       0
       0
       0
       0
       0
       0
       0
       0
       0
       0
       0
       0
       0
       0
       0
       0
       0
       0
       0
       0
       0
       0
       0
       0
       0
       0
       0
       0
       0
       0
       0
       0
       0
       0
       0
       0
       0
       0
       0
       0
       0
       0
       0
       0
       0
       0
       0
       0
       0
       0
       0
       0
       0
       0
       0
       0
       0
       0
       0
       0
       0
       0
       0
       0
       0
       0
       0
       0
       0
       0
       0
       0
       0
       0
       0
       0
       0
       0
       0
       0
       0
       0
       0
       0
       0
       0
       0
       0
       0
       0
       0
       0
       0
       0
       0
       0
       0
       0
       0
       0
       0
       0
       0
       0
       0
       0
       0
       0
       0
       0
       0
       0
$ROI:
1
849 850
$PRESETS:
Live Time
999999
0
$ENER_FIT:
0.000000 0.749264
$MCA_CAL:
3
0.000000E+000 7.492638E-001 0.000000E+000 keV
$SHAPE_CAL:
3
0.000000E+000 0.000000E+000 0.000000E+000
