$SPEC_ID:
none
$SPEC_REM:
DET# 1
DETDESC# GRAD-LAB Easy-MCA-2k SN 14163589
AP# Maestro Version 7.01
$DATE_MEA:
10/03/2016 12:23:11
$MEAS_TIM:
638 638
$DATA:
0 2047
       0
       0
       0
       0
       0
       0
       0
       0
       0
       0
       0
       0
       0
       0
       0
       0
       0
       7
      25
      29
      21
      14
      27
      13
      18
       9
      18
      31
      15
      24
      11
      22
      18
      34
      25
      23
      21
      17
      16
      21
      24
      30
      24
      27
      23
      19
      21
      23
      21
      18
      20
      17
      23
      39
      35
      22
      35
      42
      28
      29
      19
      33
      31
      35
      33
      19
      38
      31
      28
      34
      28
      34
      26
      35
      16
      25
      28
      21
      30
      39
      37
      38
      32
      36
      31
      33
      43
      34
      39
      45
      38
      35
      55
      34
      32
      31
      34
      29
      41
      39
      51
      38
      48
      58
      42
      39
      41
      43
      52
      48
      38
      50
      46
      48
      47
      64
      54
      63
      69
      52
      74
      52
      65
      79
      79
      80
      60
      79
     101
      85
     115
     118
     113
     125
     125
     127
     140
     142
     124
     132
     148
     142
     147
     121
     151
     143
     111
     122
     129
     108
     131
     103
     120
      99
      96
     104
     102
     112
     101
      97
     104
      88
      79
     100
      88
      77
      74
      83
      74
      54
      71
      73
      82
      62
      70
      64
      62
      68
      62
      68
      72
      66
      73
      77
      64
      78
      64
      70
      63
      80
      79
      73
      62
      62
      64
      72
      79
      82
      61
      76
      72
      74
      69
     103
      64
      67
      74
      75
      55
      81
      67
      64
      82
      69
      73
      71
      71
      64
      58
      54
      76
      81
      64
      71
      54
      74
      63
      52
      57
      80
      71
      70
      68
      64
      85
      74
      67
      69
      60
      59
      59
      72
      67
      72
      68
      68
      72
      69
      53
      77
      62
      56
      74
      60
      60
      79
      65
      61
      60
      53
      76
      57
      69
      56
      67
      59
      55
      59
      79
      72
      52
      57
      60
      82
      68
      55
      79
      56
      71
      66
      63
      82
      67
      71
      62
      82
      51
      57
      61
      66
      73
      64
      71
      70
      71
      63
      87
      66
      56
      67
      69
      64
      55
      75
      63
      64
      72
      60
      84
      64
      64
      81
      53
      81
      73
      60
      75
      62
      59
      68
      55
      49
      78
      69
      68
      72
      64
      61
      66
      68
      70
      72
      59
      46
      65
      62
      56
      66
      66
      59
      81
      69
      62
      64
      48
      70
      66
      71
      69
      71
      59
      81
      61
      57
      74
      56
      59
      59
      63
      84
      60
      57
      54
      57
      60
      61
      54
      66
      54
      58
      48
      58
      60
      61
      73
      50
      65
      72
      50
      73
      54
      56
      53
      46
      57
      50
      56
      68
      52
      43
      59
      70
      56
      61
      67
      47
      64
      77
      70
      54
      60
      57
      43
      49
      45
      58
      50
      62
      60
      49
      58
      54
      60
      56
      65
      55
      51
      47
      62
      58
      55
      57
      52
      58
      55
      54
      59
      53
      54
      45
      54
      52
      55
      56
      71
      66
      57
      54
      69
      62
      75
      62
      54
      61
      50
      54
      58
      50
      65
      51
      63
      43
      49
      50
      63
      59
      64
      53
      50
      34
      55
      67
      52
      51
      66
      57
      43
      49
      57
      62
      49
      62
      58
      45
      57
      38
      70
      49
      48
      51
      53
      63
      52
      50
      54
      50
      52
      63
      61
      62
      42
      66
      59
      38
      53
      58
      48
      61
      50
      59
      56
      49
      54
      70
      51
      46
      52
      53
      63
      63
      59
      55
      64
      55
      43
      46
      63
      74
      58
      62
      56
      52
      49
      42
      55
      45
      57
      52
      42
      47
      45
      52
      59
      55
      55
      58
      48
      48
      48
      56
      68
      62
      36
      56
      49
      58
      53
      47
      44
      61
      51
      40
      64
      63
      41
      66
      59
      53
      48
      55
      60
      76
      69
      62
      48
      45
      57
      53
      51
      54
      48
      49
      51
      46
      44
      51
      62
      46
      51
      53
      43
      56
      49
      60
      58
      48
      54
      69
      44
      56
      52
      60
      52
      62
      44
      49
      54
      44
      59
      55
      47
      45
      39
      48
      47
      50
      51
      50
      42
      54
      46
      46
      53
      48
      51
      29
      37
      41
      49
      43
      44
      41
      56
      50
      44
      54
      45
      51
      46
      33
      52
      37
      55
      53
      42
      43
      40
      52
      44
      47
      50
      43
      41
      40
      32
      53
      33
      40
      33
      38
      49
      47
      45
      33
      51
      23
      46
      38
      44
      37
      41
      34
      38
      43
      38
      44
      48
      31
      47
      36
      32
      38
      44
      35
      36
      48
      46
      44
      38
      44
      47
      35
      29
      44
      43
      39
      33
      37
      34
      48
      45
      52
      48
      36
      38
      35
      45
      45
      46
      32
      37
      53
      38
      35
      38
      39
      35
      42
      41
      44
      29
      39
      38
      34
      46
      35
      42
      51
      47
      36
      47
      41
      44
      35
      47
      45
      36
      46
      50
      46
      36
      52
      53
      40
      31
      42
      46
      36
      43
      54
      50
      39
      41
      43
      53
      41
      46
      57
      40
      51
      45
      29
      53
      46
      49
      33
      42
      37
      44
      44
      52
      58
      52
      36
      54
      51
      50
      59
      62
      62
      54
      53
      52
      54
      44
      42
      71
      58
      66
      70
      59
      59
      70
      62
      73
      62
      52
      60
      64
      68
      81
      68
      70
      58
      77
      76
      74
      80
      71
      69
      55
      77
      60
      79
      67
      77
      62
      82
      69
      77
      81
      90
      82
      78
      81
      72
      80
      79
      86
      90
      72
     103
      86
      94
      97
      90
      82
      97
      92
      91
      94
      90
      83
      85
     104
     101
      91
      76
      92
      93
      89
      99
      96
      72
      95
      96
      98
      95
      82
     101
      96
     106
      94
     104
      95
      90
      95
     106
     110
      95
      94
      93
     104
      97
      98
      89
      81
      70
     101
     108
      79
     107
      92
      79
      91
      82
      88
      80
      74
      75
      76
      81
      68
      67
      69
      61
      91
      73
      78
      64
      65
      55
      72
      77
      73
      78
      63
      56
      67
      58
      52
      47
      69
      58
      44
      52
      64
      62
      35
      39
      45
      43
      43
      44
      50
      38
      29
      34
      28
      41
      35
      50
      34
      29
      38
      43
      42
      28
      38
      31
      23
      25
      22
      22
      25
      18
      38
      25
      20
      17
      14
      22
      20
      22
      17
      23
      19
      26
      11
       8
      22
      19
      21
      15
      16
      14
      13
      10
       7
       9
      10
      10
       9
      14
       8
      12
       6
      12
       9
      11
       7
       8
      10
      10
      12
      10
       8
       7
      12
       8
      12
       6
       9
       8
       6
       6
       7
      11
       4
       6
      14
       7
      12
       6
       8
      13
       5
       7
       7
       7
       5
      10
       5
       7
       6
       8
       5
       9
       9
       8
       8
       5
       7
       7
       7
       9
       5
       2
       3
       6
       6
       7
       6
       9
       5
      10
       7
       5
       6
       7
       8
       4
       2
       7
       8
      10
       5
       6
       5
      13
       6
       9
       9
       5
       5
       3
       5
       7
      10
       5
       2
       5
       7
       5
       3
      10
       2
       4
       6
       4
       9
       9
       6
       3
       8
       6
       7
       5
       6
       4
       8
       6
       5
       3
       5
       5
       9
       6
       6
       3
       9
       7
       9
       4
       4
       8
       5
      10
      12
       4
       6
       7
       1
       5
       3
       4
       6
       4
       5
       5
       1
      10
       8
       9
       8
      10
       4
       3
       3
       4
       5
       3
       8
       8
       4
       3
       1
       6
       3
       5
       3
       5
       2
       5
       5
       8
       5
       5
       9
       6
       9
       7
       6
       3
       8
      10
       9
       9
       4
       7
       3
       8
       8
       7
       8
       5
       5
       6
      10
       7
       5
       1
       9
       4
       0
       6
       2
       5
       4
       8
       5
       5
       7
       5
      10
       7
       6
       5
       7
       6
       5
       6
       5
       1
       6
       4
       8
       4
       6
       5
       9
       5
      10
       3
       5
       5
       5
       3
       4
       3
       5
       8
       4
       5
       5
       3
       8
       6
       6
       5
       6
       5
       3
       7
       6
       7
       8
       4
       4
       8
       2
       7
       6
       3
       5
       0
       2
       7
       6
       8
       9
       8
       6
       2
       7
       6
       5
       7
       3
       6
       3
       4
       5
       3
       5
       1
       4
       6
       5
       4
       4
       7
       8
       5
       2
       4
       4
       3
       8
       7
       7
       6
       4
       6
       5
       5
       3
       2
       4
      11
       6
       7
       4
       4
      10
       2
       5
       6
       8
       6
       6
       4
       7
       5
       7
       9
       8
       5
       6
       3
      11
       5
       6
       3
       6
       4
       3
       6
       4
       5
       6
       4
       6
       2
       5
       4
       6
       6
       1
       7
       6
       7
       5
       4
       5
       2
       5
       6
       6
       7
       5
       1
       8
       5
       6
       5
       6
       5
       6
       6
       5
       5
       8
       4
       3
       2
       2
       7
       4
       3
       6
       3
       7
       3
       9
       7
       9
       2
       5
       5
       4
       4
       6
       8
       5
       2
       6
       7
       6
       3
      12
       5
       9
       5
       7
       5
       7
       6
       5
       8
       8
       3
       5
       7
       7
       3
       7
       9
       7
      11
       3
       3
      11
       3
       8
       7
       4
       8
       6
       7
       3
       7
       9
       4
       3
       5
       6
       6
       6
       2
       4
       5
       6
       2
       1
       5
       7
       4
       7
       1
       1
       7
       2
       9
       7
       2
       2
       2
       2
       6
       0
       6
       2
      10
       2
       5
       5
       2
       0
       4
       5
       2
       3
       7
       4
       2
       6
       1
       1
       1
       7
       5
       4
       6
       7
       4
       3
       4
      10
       6
       6
       5
       1
       6
       5
       4
       3
       3
       6
       2
       6
       6
       4
       5
       3
       4
       5
       7
       2
       3
       9
       6
       2
       3
       3
       6
       7
       4
       3
       5
       2
       5
       4
       6
       4
       3
       2
       0
       4
       0
       5
       2
      10
       4
       2
       6
       1
       4
       2
       0
       4
       6
       7
       6
       7
       3
       2
       4
       1
       5
       5
       2
       4
       4
       3
       4
       6
       0
       5
       3
       5
       2
       1
       5
       3
       3
       5
       2
       6
       3
       6
       2
       2
       4
       2
       1
       0
       0
       4
       2
       3
       6
       2
       5
       1
       5
       1
       3
       1
       1
       3
       1
       5
       3
       4
       1
       6
       3
       3
       6
       3
       0
       3
       7
       4
       4
       2
       3
       2
       1
       3
       4
       3
       3
       3
       3
       3
       4
       3
       3
       2
       4
       4
       4
       3
       2
       2
       2
       0
       1
       7
       2
       0
       2
       3
       4
       3
       3
       2
       4
       4
       4
       2
       2
       3
       2
       7
       4
       2
       2
       3
       3
       1
       3
       3
       4
       0
       4
       3
       4
       3
       4
       3
       3
       5
       6
       2
       3
       5
       3
       2
       4
       5
       6
       4
       4
       3
       3
       1
       4
       1
       4
       4
       2
       3
       6
       4
       4
       5
       5
       2
       4
       3
       6
       1
       2
       4
       6
       5
       5
       3
       5
       5
       4
       5
      12
       7
       4
       7
       7
       4
       4
       3
       5
       7
       2
      15
       3
       2
       4
       6
       5
       2
       8
       5
       2
       3
       8
       6
       1
       5
       2
       3
       4
       8
       4
       7
       3
       5
       4
       4
       7
       5
       2
       3
       6
       6
       7
       4
       6
       6
       4
       4
       3
       6
      10
       2
       9
       5
       4
       3
       3
       8
       4
       8
       6
       6
       6
       9
       6
       6
       5
       3
       9
       5
       4
       4
       8
       3
       5
       6
       2
       2
       8
       7
       4
       4
       4
       7
       7
       2
       7
       4
       3
       2
       1
       2
       4
       2
       5
       2
       5
       2
       3
       3
       3
       6
      10
       1
       3
       3
       4
       2
       3
       2
       1
       5
       1
       4
       4
       1
       1
       0
       0
       1
       0
       0
       0
       0
       0
       0
       0
       0
       0
       0
       0
       0
       0
       0
       0
       0
       0
       0
       0
       0
       0
       0
       0
       0
       0
       0
       0
       0
       0
       0
       0
       0
       0
       0
       0
       0
       0
       0
       0
       0
       0
       0
       0
       0
       0
       0
       0
       0
       0
       0
       0
       0
       0
       0
       0
       0
       0
       0
       0
       0
       0
       0
       0
       0
       0
       0
       0
       0
       0
       0
       0
       0
       0
       0
       0
       0
       0
       0
       0
       0
       0
       0
       0
       0
       0
       0
       0
       0
       0
       0
       0
       0
       0
       0
       0
       0
       0
       0
       0
       0
       0
       0
       0
       0
       0
       0
       0
       0
       0
       0
       0
       0
       0
       0
       0
       0
       0
       0
       0
       0
       0
       0
       0
       0
       0
       0
       0
       0
       0
       0
       0
       0
       0
       0
       0
       0
       0
       0
       0
       0
       0
       0
       0
       0
       0
       0
       0
       0
       0
       0
       0
       0
       0
       0
       0
       0
       0
       0
       0
       0
       0
       0
       0
       0
       0
       0
       0
       0
       0
       0
       0
       0
       0
       0
       0
       0
       0
       0
       0
       0
       0
       0
       0
       0
       0
       0
       0
       0
       0
       0
       0
       0
       0
       0
       0
       0
       0
       0
       0
       0
       0
       0
       0
       0
       0
       0
       0
       0
       0
       0
       0
       0
       0
       0
       0
       0
       0
       0
       0
       0
       0
       0
       0
       0
       0
       0
       0
       0
       0
       0
       0
       0
       0
       0
       0
       0
       0
       0
       0
       0
       0
       0
       0
       0
       0
       0
       0
       0
       0
       0
       0
       0
       0
       0
       0
       0
       0
       0
       0
       0
       0
       0
       0
       0
       0
       0
       0
       0
       0
       0
       0
       0
       0
$ROI:
1
849 850
$PRESETS:
Live Time
999999
0
$ENER_FIT:
0.000000 0.749264
$MCA_CAL:
3
0.000000E+000 7.492638E-001 0.000000E+000 keV
$SHAPE_CAL:
3
0.000000E+000 0.000000E+000 0.000000E+000
