$SPEC_ID:
none
$SPEC_REM:
DET# 1
DETDESC# GRAD-LAB Easy-MCA-2k SN 14163589
AP# Maestro Version 7.01
$DATE_MEA:
10/03/2016 13:11:09
$MEAS_TIM:
929 930
$DATA:
0 2047
       0
       0
       0
       0
       0
       0
       0
       0
       0
       0
       0
       0
       0
       0
       0
       0
       2
       7
      19
      23
      25
      25
      19
      23
      27
      16
      22
      19
      25
      18
      24
      18
      23
      25
      16
      15
      17
      23
      28
      18
      24
      22
      23
      25
      26
      21
      23
      16
      21
      21
      27
      29
      30
      31
      18
      31
      27
      33
      33
      32
      40
      34
      37
      25
      40
      33
      30
      27
      26
      30
      23
      32
      23
      33
      28
      37
      29
      28
      25
      37
      27
      30
      27
      30
      45
      31
      46
      26
      35
      38
      38
      42
      33
      46
      41
      45
      40
      38
      40
      45
      45
      49
      54
      36
      29
      44
      43
      43
      47
      46
      52
      51
      45
      48
      63
      62
      54
      59
      55
      64
      62
      70
      65
      77
      82
      85
      86
      97
      97
     102
     112
      96
     117
     124
     129
     127
     132
     136
     128
     138
     110
     132
     129
     146
     142
     109
     134
     124
     130
     142
     142
     115
     124
     107
     109
     119
     112
     112
     105
     114
     119
     116
     106
     107
     100
     107
     100
      95
      93
      79
     107
     104
     106
      97
      94
      85
      82
     108
      83
      87
      76
      69
     101
      95
      92
      76
     101
      83
      99
      93
     101
      90
      87
     103
     105
      82
     103
      81
     107
     111
     101
      95
      89
      74
      81
     101
      88
      85
      78
      82
      84
     102
      93
      68
      69
      90
      74
      91
      89
      69
      83
      82
      92
      82
      97
      92
      85
      89
      81
      69
      91
      88
      86
      75
      70
      80
      76
      80
      90
      79
      68
      70
      98
      64
      76
      69
      81
      78
      88
      70
      87
      79
      71
      92
      77
      73
      87
      91
      84
      75
      79
      82
      77
      87
      77
      89
      93
      79
      70
      69
      92
      75
      65
      79
      71
      77
      89
      71
      75
      65
      82
      65
      93
      71
      79
      76
      91
      78
      69
      76
      85
      77
      84
      93
      79
      82
      64
      74
      83
      60
      84
      90
      62
      83
      70
      75
      75
      80
      68
      63
      72
      80
      83
      81
      74
      64
      79
      58
      81
      59
      68
      72
      78
      63
      76
      81
      70
      58
      70
      69
      76
      89
      63
      84
      75
      60
      66
      82
      69
      67
      65
      63
      65
      66
      64
      58
      66
      77
      76
      67
      74
      65
      53
      63
      70
      61
      67
      62
      54
      63
      86
      64
      66
      60
      83
      58
      69
      65
      59
      73
      59
      60
      71
      62
      62
      72
      70
      72
      50
      61
      64
      63
      54
      70
      63
      47
      55
      61
      66
      64
      67
      75
      54
      60
      57
      54
      63
      62
      74
      62
      66
      72
      56
      66
      41
      49
      71
      61
      49
      71
      54
      57
      63
      60
      67
      63
      65
      59
      71
      45
      54
      54
      56
      55
      67
      62
      60
      70
      51
      53
      51
      68
      53
      72
      48
      59
      60
      60
      60
      50
      35
      69
      50
      60
      61
      45
      45
      47
      54
      63
      50
      58
      59
      69
      56
      56
      46
      71
      45
      55
      50
      53
      66
      50
      48
      48
      59
      57
      59
      58
      46
      64
      58
      49
      52
      61
      47
      42
      66
      50
      44
      46
      48
      64
      43
      40
      59
      63
      47
      61
      53
      55
      47
      62
      50
      44
      44
      41
      41
      45
      60
      44
      46
      39
      43
      51
      44
      50
      46
      59
      52
      48
      48
      37
      57
      42
      43
      37
      44
      47
      46
      46
      38
      42
      53
      44
      46
      40
      50
      36
      45
      43
      46
      44
      55
      48
      40
      48
      47
      47
      46
      48
      53
      43
      42
      48
      51
      46
      47
      42
      47
      46
      38
      51
      43
      39
      40
      47
      44
      30
      43
      38
      37
      42
      40
      41
      35
      33
      48
      29
      49
      38
      43
      32
      37
      45
      36
      21
      47
      34
      42
      44
      33
      30
      43
      40
      46
      39
      47
      38
      50
      36
      35
      45
      29
      34
      28
      42
      39
      35
      45
      43
      42
      28
      41
      49
      40
      33
      38
      44
      31
      37
      39
      40
      49
      31
      45
      31
      31
      38
      32
      39
      36
      46
      48
      29
      38
      45
      40
      40
      49
      43
      33
      35
      36
      39
      41
      56
      46
      45
      38
      46
      58
      52
      54
      51
      51
      55
      49
      65
      45
      53
      47
      63
      44
      52
      65
      57
      40
      46
      51
      43
      46
      59
      40
      56
      73
      75
      57
      45
      67
      57
      79
      68
      88
      67
      77
      82
      69
      73
      61
      78
      66
      74
      82
      69
      69
      83
      64
      66
      64
      62
      70
      83
      79
      79
      77
      88
      98
      94
      72
      75
      88
      92
      86
      81
      88
      97
     100
      82
      94
      98
      81
      94
      80
      88
      87
      86
     101
      97
     105
     106
     108
      80
      93
      95
      93
      95
     110
      88
      76
      91
      89
      91
      87
      86
      97
      88
      99
      87
      94
      97
      98
      88
      98
      78
     107
     103
      87
      93
      83
      88
      88
      83
     104
      82
      86
     101
      85
      92
      74
      89
      70
      70
      74
      83
      72
      90
      66
      92
      79
      85
      79
      65
      64
      72
      71
      64
      81
      77
      74
      63
      65
      52
      59
      60
      51
      67
      60
      43
      60
      58
      74
      61
      46
      54
      61
      38
      50
      38
      50
      47
      66
      51
      63
      45
      42
      50
      29
      39
      33
      33
      40
      35
      36
      48
      30
      36
      35
      40
      31
      26
      21
      25
      30
      37
      29
      32
      30
      26
      26
      29
      34
      30
      11
      25
      19
      25
      23
      15
      23
      23
      24
      20
      30
      16
      25
      17
      17
      30
      22
      20
      17
      13
      20
      15
      17
      15
      17
      13
      17
      16
      21
      17
      10
      22
      12
      18
      19
      17
      18
      16
      15
      18
      26
      15
      13
      15
      15
      14
       9
      20
      22
      19
      23
      14
      15
      20
      12
       9
      11
      21
      12
      16
      13
      17
      14
      16
      14
      20
      15
      12
      11
      12
       8
      14
      12
       6
      15
      12
      12
      17
      16
      10
      15
      11
      17
      10
      12
      14
      11
       5
       7
      14
      17
      14
      11
      15
      11
      15
      13
       9
      11
      12
      18
      12
      15
      12
      18
      15
      10
      15
      12
      10
      12
      11
      11
      10
      10
      12
      16
      12
      14
      10
      12
      14
      10
       7
      13
      10
      15
      15
       9
      10
      17
      16
       8
      11
       5
       9
      11
      11
      13
       7
       9
      14
       5
      16
       7
       7
      11
      12
      10
       8
      10
       9
      12
       8
       4
      12
       7
      13
      15
       4
      10
       9
       6
      10
       9
      15
      11
       9
      10
       6
       4
      10
       9
       9
      10
       8
       9
      14
       9
       8
       8
      10
      10
       9
      12
       7
       9
      12
      10
      10
      12
      15
       8
      11
       9
       6
       8
       9
       6
       7
       8
       8
       7
       8
       9
      12
      11
      16
      11
       4
       8
      10
      12
      12
       8
       8
      14
       6
       9
       9
       7
      13
       4
      10
      14
       9
       7
       6
      12
      11
       9
       9
       9
       9
       9
       8
      10
       9
       7
       8
       7
      11
       7
      10
      10
       4
       6
      10
      11
      10
       5
       6
       9
       9
       8
       9
      11
       7
      17
       5
       8
       8
      10
       6
       4
       9
      11
       8
       6
      10
       3
       6
       7
       9
      13
       6
      15
       3
       3
       8
       9
       7
      12
       2
      11
       7
       5
       6
       3
      10
      11
       7
       7
       4
      10
       3
       4
       4
       9
      10
      12
       9
      13
      11
      12
       8
       9
       6
      14
       7
      12
      12
       6
      10
       8
       7
       9
      12
       3
       6
       8
      11
       9
      11
       6
       5
       5
      12
       7
       7
       6
      13
       8
       8
       4
       6
       1
       2
       7
       8
       6
       7
       7
       8
      10
       6
       6
       9
       5
       7
      14
       6
       7
       6
       5
       8
       5
       6
      11
       6
       9
       3
      10
       9
       8
       7
      12
      12
       5
      12
       8
       4
       9
       7
       5
       8
       6
       8
       6
       7
       9
      11
       7
       9
      10
       8
      14
      14
       5
       9
       8
      12
       7
       9
       9
       9
       8
       8
       7
       4
      11
      10
      12
       4
       4
       4
       7
       8
      12
       7
       7
       7
       5
      14
       8
       5
       6
       8
       5
      10
       6
      15
       7
       8
       9
       5
       8
       9
       6
       4
      10
       9
       9
      14
       7
       9
      17
       7
       6
       3
       9
       7
       4
      12
       9
      10
       9
       5
       4
       9
       6
      13
      10
      10
       3
       6
       8
       8
       4
      10
      11
      14
      10
      10
       6
      12
      16
       9
       4
       6
       5
      13
       6
       9
       7
       6
       7
      11
       6
       7
       9
       7
       5
      11
       7
       8
       5
      12
       8
      10
       7
      15
       4
      11
       6
      10
       3
      12
       6
       3
      10
       8
       6
       7
      10
      10
       5
      11
       8
      11
       9
      10
       4
       4
      10
       7
      13
      10
      10
      10
       6
       7
       7
      12
      13
      10
       8
      11
       5
       4
      10
       7
      10
       8
       6
      10
       8
      10
       9
       7
       7
       4
      11
       6
       9
       6
       6
      11
      10
       7
       9
      11
       9
      13
       8
      10
       6
       8
       9
      16
       6
      12
      12
      10
       5
       6
       5
       8
       8
       6
       3
       6
      12
       7
       5
      10
       8
       7
       7
       7
       7
       2
       4
       8
       7
       3
       5
       4
       5
       9
       8
       4
       4
       6
       9
       8
       5
      11
       3
       2
       8
      11
       8
       7
       5
       3
       8
       7
       6
       7
       7
       6
       8
      10
       4
       4
       5
       5
       7
       6
       7
      10
       5
       6
       5
       3
       5
       6
       4
       6
       5
       3
       6
       5
       5
       5
       7
       4
       2
       6
       4
       5
       6
       4
       8
       4
       8
       6
       2
       2
       2
       6
       2
       4
       6
       4
       3
       6
      11
       6
       2
       7
       5
       4
       4
       2
       2
       4
       2
       4
       4
       7
       5
       6
       3
       6
       8
       3
       7
       7
       2
       6
       5
       9
       7
       4
       6
       4
       4
       4
       3
       5
       5
       2
       8
       5
       5
       4
       4
       3
       2
       6
       6
       6
       7
       6
       8
       2
       8
       4
       4
       4
       5
       6
       0
       5
       7
       3
       5
       2
       7
       2
       1
       2
       5
       5
       2
       5
      10
       4
       3
       5
       4
       3
       1
       5
       4
       4
       1
       4
       4
       6
       4
       3
       3
       4
       1
      10
       6
       3
       2
       4
       4
       4
       3
       3
       4
       5
       3
       1
       4
       4
       2
       7
       6
       2
       4
       3
       6
       1
       3
       4
       5
       3
       7
       4
       5
       6
       8
       4
       2
       2
       3
       8
       8
       4
       1
       4
       5
       3
       2
       6
       9
       9
       3
       5
       5
       5
       4
       3
       2
       7
      11
      10
       5
       3
       9
       6
       8
       9
      10
       7
       4
       6
       8
       9
       0
       6
       7
       2
       7
       5
      13
       7
       7
      10
      11
       8
       5
       9
       2
       7
      10
       8
       7
       6
       9
      10
       8
      11
      11
      11
       7
      11
      10
      11
       6
       8
       8
       7
       8
       7
       4
       9
       2
      12
       7
       9
       6
       7
       7
       4
       9
       9
       9
       9
       6
      11
       3
      12
       7
      11
       9
       9
       7
      10
       7
       9
       2
       7
       5
       2
       3
       6
      10
       9
       8
       5
       5
       4
       7
       5
      15
       7
       5
       4
       9
       9
       6
       1
       7
       5
       4
      10
      10
       9
      14
       4
       3
       5
       6
       5
       5
       4
       3
       1
       3
       4
       4
       8
       2
       3
       7
       7
       4
       9
       7
       7
       5
       7
       2
       7
       5
       8
       4
       3
       2
       0
       3
       3
       1
       0
       0
       0
       0
       0
       0
       0
       0
       0
       0
       0
       0
       0
       0
       0
       0
       0
       0
       0
       0
       0
       0
       0
       0
       0
       0
       0
       0
       0
       0
       0
       0
       0
       0
       0
       0
       0
       0
       0
       0
       0
       0
       0
       0
       0
       0
       0
       0
       0
       0
       0
       0
       0
       0
       0
       0
       0
       0
       0
       0
       0
       0
       0
       0
       0
       0
       0
       0
       0
       0
       0
       0
       0
       0
       0
       0
       0
       0
       0
       0
       0
       0
       0
       0
       0
       0
       0
       0
       0
       0
       0
       0
       0
       0
       0
       0
       0
       0
       0
       0
       0
       0
       0
       0
       0
       0
       0
       0
       0
       0
       0
       0
       0
       0
       0
       0
       0
       0
       0
       0
       0
       0
       0
       0
       0
       0
       0
       0
       0
       0
       0
       0
       0
       0
       0
       0
       0
       0
       0
       0
       0
       0
       0
       0
       0
       0
       0
       0
       0
       0
       0
       0
       0
       0
       0
       0
       0
       0
       0
       0
       0
       0
       0
       0
       0
       0
       0
       0
       0
       0
       0
       0
       0
       0
       0
       0
       0
       0
       0
       0
       0
       0
       0
       0
       0
       0
       0
       0
       0
       0
       0
       0
       0
       0
       0
       0
       0
       0
       0
       0
       0
       0
       0
       0
       0
       0
       0
       0
       0
       0
       0
       0
       0
       0
       0
       0
       0
       0
       0
       0
       0
       0
       0
       0
       0
       0
       0
       0
       0
       0
       0
       0
       0
       0
       0
       0
       0
       0
       0
       0
       0
       0
       0
       0
       0
       0
       0
       0
       0
       0
       0
       0
       0
       0
       0
       0
       0
       0
       0
       0
       0
       0
       0
       0
       0
       0
       0
       0
       0
       0
       0
       0
       0
$ROI:
1
849 850
$PRESETS:
Live Time
999999
0
$ENER_FIT:
0.000000 0.749264
$MCA_CAL:
3
0.000000E+000 7.492638E-001 0.000000E+000 keV
$SHAPE_CAL:
3
0.000000E+000 0.000000E+000 0.000000E+000
