$SPEC_ID:
none
$SPEC_REM:
DET# 1
DETDESC# GRAD-LAB Easy-MCA-2k SN 14163589
AP# Maestro Version 7.01
$DATE_MEA:
09/21/2016 13:03:47
$MEAS_TIM:
618 618
$DATA:
0 2047
       0
       0
       0
       0
       0
       0
       0
       0
       0
       0
       0
       0
       0
       0
       1
       0
       1
       1
      14
      12
       8
      14
      10
      17
      16
      15
      19
      17
      14
      20
      22
      15
      11
      15
      12
      17
      17
      14
      15
      17
      19
      21
      20
      14
       9
      22
      17
      20
      15
      20
      14
      29
      18
      19
      18
      27
      27
      26
      20
      28
      29
      26
      21
      20
      24
      25
      20
      23
      19
      31
      26
      28
      26
      29
      28
      21
      32
      26
      28
      27
      28
      33
      19
      33
      25
      30
      30
      26
      22
      33
      43
      28
      36
      24
      47
      39
      28
      26
      34
      28
      32
      36
      37
      37
      35
      43
      32
      37
      35
      38
      37
      39
      42
      47
      41
      40
      46
      71
      42
      51
      63
      50
      52
      68
      69
      76
      69
      86
      76
      86
     103
      92
     101
     103
      88
     120
      92
     110
     114
     100
     114
     103
      96
     117
     105
      98
      86
      93
      94
      83
     105
     118
     100
      91
      73
      93
      69
      84
      68
      74
      80
      58
      68
      83
      67
      64
      77
      71
      75
      63
      78
      52
      58
      57
      74
      68
      58
      76
      62
      69
      69
      53
      74
      56
      61
      69
      58
      72
      79
      70
      75
      76
      53
      76
      59
      66
      73
      68
      70
      82
      77
      70
      67
      65
      74
      74
      64
      65
      61
      71
      65
      62
      67
      65
      75
      63
      68
      65
      58
      59
      60
      55
      71
      58
      58
      75
      56
      61
      62
      79
      59
      52
      59
      53
      69
      60
      56
      60
      67
      58
      62
      65
      64
      61
      75
      62
      63
      51
      64
      58
      59
      50
      57
      77
      58
      57
      56
      48
      48
      51
      57
      55
      52
      53
      63
      50
      57
      56
      65
      49
      66
      63
      54
      58
      55
      73
      66
      62
      68
      65
      63
      60
      53
      66
      63
      50
      47
      64
      50
      52
      54
      64
      57
      71
      71
      50
      50
      46
      66
      63
      58
      52
      65
      56
      55
      56
      47
      53
      61
      53
      59
      67
      53
      46
      43
      62
      53
      61
      43
      43
      52
      53
      46
      50
      47
      42
      60
      45
      49
      55
      48
      55
      52
      53
      46
      55
      35
      64
      42
      51
      47
      53
      35
      39
      47
      50
      46
      38
      45
      55
      52
      41
      46
      43
      45
      40
      41
      48
      59
      47
      41
      45
      43
      34
      57
      52
      51
      37
      59
      48
      49
      49
      50
      56
      37
      40
      46
      38
      40
      51
      39
      51
      41
      44
      53
      34
      55
      47
      51
      39
      42
      47
      52
      39
      38
      33
      26
      33
      41
      49
      49
      47
      51
      44
      44
      43
      44
      39
      46
      37
      51
      40
      29
      42
      33
      38
      35
      33
      42
      38
      43
      43
      36
      55
      37
      31
      34
      34
      42
      33
      32
      37
      42
      33
      37
      28
      34
      38
      44
      38
      42
      29
      26
      34
      43
      54
      42
      45
      35
      33
      34
      45
      35
      33
      30
      35
      37
      44
      33
      36
      39
      45
      36
      42
      25
      44
      43
      38
      37
      36
      34
      28
      42
      33
      35
      38
      27
      51
      38
      31
      38
      39
      27
      35
      32
      32
      46
      45
      48
      41
      27
      36
      39
      32
      32
      39
      39
      37
      31
      45
      46
      34
      36
      30
      39
      46
      27
      36
      32
      37
      46
      27
      34
      32
      32
      23
      30
      23
      37
      26
      42
      25
      41
      23
      31
      37
      29
      23
      33
      30
      26
      20
      30
      36
      32
      30
      19
      28
      29
      28
      25
      32
      27
      30
      32
      24
      31
      30
      38
      31
      27
      33
      27
      26
      30
      32
      35
      34
      27
      39
      21
      18
      19
      35
      36
      22
      34
      34
      34
      16
      25
      31
      27
      32
      28
      27
      28
      36
      37
      38
      30
      27
      40
      33
      37
      37
      33
      27
      37
      27
      35
      39
      32
      46
      30
      26
      39
      26
      34
      30
      33
      44
      37
      40
      33
      44
      40
      35
      36
      39
      44
      42
      42
      56
      38
      47
      36
      39
      48
      43
      62
      53
      45
      51
      60
      39
      50
      46
      48
      48
      46
      54
      41
      42
      49
      43
      58
      60
      50
      53
      56
      55
      65
      50
      52
      44
      56
      47
      51
      53
      66
      62
      57
      76
      59
      55
      51
      77
      48
      68
      55
      65
      67
      64
      62
      59
      67
      62
      64
      70
      61
      58
      61
      66
      63
      73
      75
      55
      66
      56
      61
      52
      72
      66
      67
      49
      60
      56
      62
      49
      69
      67
      57
      63
      71
      58
      63
      67
      48
      57
      71
      52
      49
      51
      64
      50
      68
      61
      56
      51
      42
      56
      44
      49
      46
      44
      50
      49
      42
      48
      55
      38
      42
      56
      35
      42
      41
      46
      50
      28
      41
      36
      28
      37
      42
      25
      46
      39
      36
      27
      32
      26
      38
      31
      30
      24
      34
      31
      28
      21
      34
      25
      22
      18
      28
      24
      20
      22
      18
      28
      29
      22
      21
      18
      21
      17
      20
      21
      21
      22
      22
      18
      14
      20
      17
      14
      16
      17
      13
       9
      18
      15
      18
      22
      17
      16
      18
      11
      21
      16
      17
      20
      12
      15
      15
      13
       8
      14
      13
      10
      11
      11
       9
      13
      15
      11
      15
      13
      10
      13
      13
      13
       7
      10
       7
      14
      14
      11
      14
      11
      12
      15
      15
       7
      11
      11
      14
      11
      14
      10
      13
      10
      14
      15
      13
      11
      18
       9
      12
      10
      14
      12
      13
      15
      12
      14
       7
      11
      14
      16
       7
      11
      20
      15
      15
      13
      10
       7
      18
       9
       9
      13
      10
      11
      14
      15
       8
      12
       9
       8
       7
       8
      22
      14
      11
      13
       6
      17
      11
       9
      10
      18
      15
      11
      17
       7
       8
      10
       8
       6
      12
       7
      10
      10
       5
       9
       8
      10
       6
      12
       9
      13
      11
       9
       8
      14
       8
      11
      10
       5
      15
       7
       9
       8
       8
       7
       8
       9
       9
      10
      10
       2
       5
       4
       9
      11
       8
       8
       5
      11
      14
      14
       8
       6
       7
       9
      11
       8
       6
      11
      12
       4
       9
       5
       7
      11
       6
       7
      10
      10
      11
      12
       7
       5
       7
       5
       7
       9
      11
       5
      12
       7
       8
       8
      11
      10
      10
      10
       4
       8
      13
       8
       5
       5
       5
      10
       3
      10
       6
       9
       7
      13
       4
       5
       8
      11
      12
       9
       7
       6
      12
      11
      10
       5
       4
       8
       6
      14
       9
       7
       8
      10
       3
       5
      11
       9
      12
       7
      12
       9
       6
       3
       5
       9
       6
       4
       3
      10
       4
       8
       7
       8
       6
      10
       6
      10
       7
      12
      15
       7
       9
       7
       6
      13
       8
      12
      15
      10
      10
       6
       6
       5
       4
      10
      15
      10
       8
       9
       7
       9
       5
      12
       7
       9
       9
       9
       6
       5
       3
       5
      14
      10
      10
       8
       8
       3
       8
       4
       7
       7
       6
       6
      11
       4
       1
       6
      14
       3
       1
       9
      13
       5
       6
       7
       5
       9
      12
       5
       7
      10
       9
      10
       4
      10
      11
       4
       9
      13
       5
       4
       5
       4
       5
       7
       9
       7
       9
       7
      10
       7
       9
       9
      10
       5
       7
      11
       7
       9
      14
       6
      10
      11
       7
       9
       8
       8
      11
       9
       9
      11
       9
       9
       6
       6
       6
       5
      10
      13
       6
       9
       7
       4
       4
       9
       8
       6
       8
       6
       6
      10
      10
      10
       9
      12
       9
      10
       6
       5
       9
       6
       7
       9
       4
       3
       6
       6
       7
       3
       6
       3
      12
      11
       7
       7
       7
       0
       5
       6
       6
       8
       5
       9
       8
      11
      10
       5
      11
       6
      10
       8
       8
       9
       5
       9
       5
       3
       4
       9
       1
       1
       8
       7
       4
       4
       9
       6
       7
       5
       5
       3
       5
       8
       7
       9
       7
      13
       7
       5
       7
       8
      14
       9
       3
      12
       7
       5
       4
       7
       5
      10
       7
       9
       7
       8
       5
       5
       8
       8
       8
       5
       4
      13
      10
       5
       6
       8
      10
       5
       4
      12
       5
       5
       8
       7
       5
       5
       3
      10
       2
       4
      10
       6
       8
       6
       4
       5
       6
       6
      11
       7
       8
       6
      10
      11
       3
       7
       3
       9
       6
      10
      13
       8
       9
      12
       3
      12
       4
      11
       7
       8
      10
       5
       8
       5
       8
       4
       9
       7
       0
       7
       6
       6
       7
       7
       3
      13
       4
       7
       5
       7
       8
       6
       6
      11
      10
      10
       6
       5
       9
       3
       7
       8
       9
       4
      10
      10
       5
       3
       4
      12
       8
       5
       2
      11
       3
       6
      10
      10
       9
       5
       2
       3
       6
       6
      14
       5
       6
       6
       5
      11
      11
       5
       5
       7
       9
       2
       6
       7
       7
       7
       8
       7
       6
       7
       8
       9
       5
       2
       6
      10
       6
       4
       2
       5
       9
       9
       8
       9
       7
       5
       5
       7
       7
      12
      13
       9
       3
       7
       5
      11
       7
      14
       6
      11
      10
       4
       4
       3
       6
       4
       5
       3
       7
       6
       4
       5
       8
       5
       5
       8
       6
       6
       6
       7
       1
       7
       7
       8
       4
       5
       5
       4
       2
       5
       4
       4
       4
       5
       5
       6
       9
       5
       5
       3
       6
       6
       2
       5
       3
       8
       1
       6
       5
       7
       3
       3
       4
       6
       6
       6
       6
       3
       7
       6
       7
       7
       7
       7
       6
       4
       6
       7
       1
       3
       3
       3
       1
       4
       5
       6
       2
       5
       7
       4
       5
       5
       3
       5
       5
       4
       4
       3
       3
       4
       3
       4
       4
       2
       4
       4
       7
       2
       2
       7
       4
       1
       5
       2
       6
       5
       5
       7
       1
       4
      14
       1
       6
       3
       2
       2
       1
       7
       5
       6
       0
       4
       1
      10
       2
       2
       4
       2
       4
       6
       6
       5
       7
       4
       3
       8
       5
       1
       5
       2
       3
       4
       5
       7
       7
       2
       5
       5
       2
       3
       3
       5
       8
       5
       2
       3
       6
       8
       6
       5
       4
       1
       3
       3
       5
       4
       4
       5
      11
       5
       3
       5
       3
       2
       6
       2
       3
       5
       1
       6
       7
       4
       5
       2
       4
       4
       5
       5
       3
       1
       3
       6
       3
       4
       4
       4
       4
       3
       6
       9
       7
       5
       5
       2
       5
       2
       7
       9
       3
       5
       3
       6
       3
       6
       9
       3
       6
       8
       6
       1
       6
       6
      12
      11
       4
       1
       8
       5
       8
       5
      10
       4
       7
       3
       4
      10
       9
       3
       6
       9
       4
       6
       2
       5
       6
       2
       7
       4
       2
       5
       7
       4
       7
       3
       4
       6
       7
       6
      11
       8
       4
       7
       4
       4
       5
       6
       6
       6
       5
       3
       8
       7
       4
       8
       2
       5
       6
       3
       3
       6
       9
       6
       6
       5
       4
       4
       6
       5
       7
       2
       4
       6
       5
       6
       5
       4
       3
       4
       4
       1
       2
       3
       4
       4
       4
       6
       5
       7
       1
       5
       3
       3
       3
       5
       0
       1
       3
       3
       1
       4
       3
       4
       4
       2
       3
       3
       2
       3
       3
       0
       2
       8
       1
       2
       3
       4
       1
       1
       2
       1
       2
       3
       1
       4
       2
       2
       1
       3
       2
       3
       2
       1
       0
       2
       3
       2
       1
       0
       0
       0
       2
       1
       1
       2
       2
       1
       0
       3
       0
       0
       0
       3
       1
       1
       6
       2
       1
       0
       2
       1
       1
       1
       1
       0
       0
       0
       0
       0
       0
       0
       0
       0
       0
       0
       0
       0
       0
       0
       0
       0
       0
       0
       0
       0
       0
       0
       0
       0
       0
       0
       0
       0
       0
       0
       0
       0
       0
       0
       0
       0
       0
       0
       0
       0
       0
       0
       0
       0
       0
       0
       0
       0
       0
       0
       0
       0
       0
       0
       0
       0
       0
       0
       0
       0
       0
       0
       0
       0
       0
       0
       0
       0
       0
       0
       0
       0
       0
       0
       0
       0
       0
       0
       0
       0
       0
       0
       0
       0
       0
       0
       0
       0
       0
       0
       0
       0
       0
       0
       0
       0
       0
       0
       0
       0
       0
       0
       0
       0
       0
       0
       0
       0
       0
       0
       0
       0
       0
       0
       0
       0
       0
       0
       0
       0
       0
       0
       0
       0
       0
       0
       0
       0
       0
       0
       0
       0
       0
       0
       0
       0
       0
       0
       0
       0
       0
       0
       0
       0
       0
       0
       0
       0
       0
       0
       0
       0
       0
       0
       0
       0
       0
       0
       0
       0
       0
       0
       0
       0
       0
       0
       0
       0
       0
       0
       0
       0
       0
       0
       0
       0
       0
       0
       0
       0
       0
       0
       0
       0
       0
       0
       0
       0
       0
       0
       0
       0
       0
       0
       0
       0
       0
       0
       0
       0
       0
       0
       0
       0
       0
       0
       0
       0
       0
       0
       0
       0
       0
       0
       0
       0
       0
       0
       0
       0
       0
       0
       0
       0
       0
       0
       0
       0
       0
       0
       0
       0
       0
       0
       0
       0
       0
       0
       0
       0
       0
       0
       0
       0
       0
       0
       0
       0
       0
       0
       0
       0
       0
       0
       0
       0
       0
       0
       0
       0
       0
       0
       0
       0
       0
       0
       0
       0
       0
       0
$ROI:
1
849 850
$PRESETS:
Live Time
999999
0
$ENER_FIT:
0.000000 0.749264
$MCA_CAL:
3
0.000000E+000 7.492638E-001 0.000000E+000 keV
$SHAPE_CAL:
3
0.000000E+000 0.000000E+000 0.000000E+000
