$SPEC_ID:
none
$SPEC_REM:
DET# 1
DETDESC# GRAD-LAB Easy-MCA-2k SN 14163589
AP# Maestro Version 7.01
$DATE_MEA:
09/26/2016 12:16:30
$MEAS_TIM:
1294 1294
$DATA:
0 2047
       0
       0
       0
       0
       0
       0
       0
       0
       1
       1
       0
       0
       0
       0
       0
       0
       1
       7
      17
      22
      29
      20
      20
      31
      24
      17
      20
      21
      22
      19
      28
      22
      22
      29
      23
      18
      18
      26
      16
      21
      18
      22
      25
      20
      22
      16
      28
      17
      27
      21
      26
      33
      27
      33
      29
      34
      36
      35
      27
      32
      29
      36
      33
      33
      22
      27
      28
      24
      24
      30
      26
      28
      37
      37
      31
      27
      36
      32
      33
      31
      32
      39
      39
      44
      32
      34
      31
      37
      31
      33
      44
      34
      37
      46
      31
      39
      27
      44
      31
      45
      46
      38
      33
      39
      28
      43
      42
      53
      47
      48
      39
      41
      52
      57
      58
      50
      53
      67
      48
      58
      51
      56
      76
      82
      78
      96
      87
      99
      81
      98
     119
     129
     126
     121
     121
     142
     125
     156
     134
     126
     142
     122
     119
     126
     134
     113
     118
     126
     116
     105
     105
      96
     117
      97
     121
     107
     104
      92
      85
      91
      96
     121
     102
      88
      82
      93
      80
      79
      88
      87
      81
      75
      70
      73
      74
      74
      67
      79
      79
      82
      92
      74
      74
      80
      70
      67
      84
      86
      79
      76
      99
      77
      79
      77
      79
      78
      70
      93
      76
      76
      86
      79
      64
      61
      77
      63
      78
      77
      86
      74
      80
      68
      81
      58
      79
      86
      80
      74
      77
      67
      66
      67
      81
      82
      78
      78
      81
      59
      79
      79
      60
      68
      78
      73
      64
      74
      69
      66
      71
      71
      77
      80
      64
      76
      74
      68
      57
      68
      70
      71
      95
      57
      73
      66
      83
      74
      79
      65
      71
      71
      71
      63
      75
      83
      73
      72
      69
      64
      85
      63
      64
      81
      56
      62
      74
      68
      56
      66
      58
      54
      59
      55
      79
      72
      65
      90
      77
      74
      64
      57
      65
      81
      74
      53
      77
      55
      60
      78
      81
      66
      55
      62
      63
      53
      66
      56
      60
      63
      68
      76
      59
      63
      57
      60
      63
      56
      68
      62
      71
      69
      53
      62
      59
      65
      66
      56
      57
      63
      52
      76
      53
      50
      54
      64
      63
      66
      63
      70
      56
      66
      62
      51
      63
      57
      61
      45
      68
      68
      68
      63
      66
      52
      67
      58
      64
      40
      60
      58
      58
      56
      61
      57
      61
      76
      55
      58
      62
      53
      61
      49
      55
      61
      44
      45
      58
      71
      50
      65
      52
      57
      57
      59
      60
      51
      47
      64
      50
      46
      45
      51
      48
      52
      53
      56
      59
      50
      46
      57
      64
      65
      47
      54
      43
      45
      41
      47
      56
      43
      60
      43
      47
      51
      47
      53
      42
      41
      49
      49
      47
      38
      54
      45
      50
      38
      51
      44
      48
      36
      41
      54
      64
      46
      42
      59
      43
      69
      54
      53
      53
      42
      55
      41
      57
      48
      48
      41
      42
      56
      50
      48
      49
      45
      49
      45
      41
      50
      41
      47
      45
      45
      39
      35
      47
      43
      37
      54
      38
      40
      45
      48
      42
      41
      36
      42
      44
      52
      42
      43
      47
      37
      40
      39
      41
      44
      45
      39
      45
      37
      40
      43
      35
      47
      44
      52
      50
      43
      42
      50
      45
      41
      39
      31
      43
      42
      49
      42
      34
      35
      39
      42
      39
      29
      48
      42
      47
      47
      44
      34
      40
      45
      39
      32
      40
      40
      47
      39
      42
      40
      27
      35
      35
      44
      24
      52
      47
      33
      36
      36
      42
      24
      28
      33
      39
      30
      25
      37
      50
      32
      45
      39
      32
      30
      24
      34
      32
      28
      42
      35
      40
      30
      35
      26
      27
      28
      30
      36
      33
      28
      30
      38
      36
      39
      29
      36
      34
      31
      31
      25
      36
      39
      36
      38
      27
      30
      38
      43
      36
      33
      41
      37
      27
      45
      25
      35
      38
      43
      33
      35
      34
      36
      40
      32
      29
      34
      37
      35
      38
      31
      49
      42
      39
      39
      31
      40
      38
      44
      34
      33
      34
      40
      52
      41
      41
      39
      36
      51
      47
      36
      49
      43
      38
      44
      64
      42
      52
      35
      65
      46
      52
      53
      52
      51
      44
      40
      46
      44
      45
      48
      52
      50
      60
      63
      50
      53
      52
      48
      46
      56
      58
      47
      59
      51
      57
      49
      57
      64
      54
      64
      54
      58
      65
      48
      61
      45
      62
      60
      55
      60
      51
      69
      65
      60
      55
      62
      61
      43
      62
      55
      59
      62
      63
      70
      57
      55
      65
      55
      51
      65
      70
      63
      47
      41
      45
      72
      71
      63
      50
      60
      57
      56
      57
      53
      65
      57
      67
      44
      54
      44
      62
      42
      46
      31
      35
      59
      50
      47
      31
      44
      49
      41
      45
      46
      40
      29
      44
      28
      39
      40
      49
      38
      39
      45
      31
      31
      24
      37
      33
      43
      29
      31
      33
      27
      34
      36
      28
      31
      20
      34
      30
      29
      37
      26
      30
      25
      25
      36
      27
      30
      18
      19
      22
      30
      23
      27
      28
      32
      19
      26
      17
      24
      25
      24
      41
      32
      21
      30
      23
      22
      29
      27
      23
      30
      26
      26
      18
      25
      23
      29
      32
      26
      25
      20
      30
      24
      15
      29
      23
      16
      27
      20
      26
      24
      23
      25
      20
      30
      22
      28
      26
      12
      19
      24
      32
      34
      20
      29
      31
      25
      25
      18
      17
      20
      24
      19
      11
      23
      20
      21
      23
      19
      15
      23
      23
      23
      21
      18
      21
      22
      21
      13
      32
      17
      17
      23
      29
      14
      16
      22
      11
      26
      13
      22
      22
      23
      24
      17
      22
      40
      26
      15
      27
      22
      16
      25
      20
      18
      15
      26
      25
      23
      24
      22
      13
      23
      19
      21
      24
      19
      22
      24
      22
      27
      24
      15
      20
      17
      18
      19
      25
      21
      17
      19
      18
      23
      16
      20
      22
      10
      21
      18
      16
      23
      18
      18
      20
      16
      16
      21
      15
      18
      11
      15
      11
      14
      15
      14
      15
      18
       9
      17
      15
      16
      11
      15
      14
      12
      16
      11
      18
      21
      10
      11
      20
      14
      13
      11
      16
       9
      14
      13
      18
      12
      23
      12
      11
      28
      14
      12
      17
      16
      18
      14
      12
      12
      16
      17
      14
      14
      10
      12
      16
      12
      17
      12
      17
      14
      19
      12
      18
      15
      13
      22
      10
      16
       8
      11
       8
      22
      12
      10
      19
      10
      16
      14
      13
      14
      13
      12
      19
      14
      13
      12
      20
      12
      12
       9
      15
      21
      16
      15
      14
       8
      14
      11
       7
      12
      11
      18
      23
      12
      15
       9
       7
      13
      14
      19
      17
      13
      12
      13
       8
      18
      15
       8
      13
      11
      10
      13
      11
       6
      24
       9
      14
      10
       8
      10
      10
      18
      10
      16
      11
      19
       8
      12
       8
      12
      15
      11
       8
      12
      14
      12
      15
      21
      14
       9
      14
       8
      14
      10
      11
       7
      14
      12
      11
      15
      13
      13
      19
      15
      14
      11
      16
      11
      13
      16
       9
      21
      10
      12
      11
      13
      14
      12
      15
      18
       6
      18
       9
      15
      13
      15
      18
      15
       7
      17
      10
      14
      11
       8
      11
      12
      13
      10
      15
      13
       9
      16
      18
      13
      26
       8
      16
       9
       6
      14
       8
      14
       7
      10
      11
      11
      16
       9
      10
      12
      12
       7
      12
      11
      12
       9
      11
      13
      16
      10
      17
       9
      10
      12
      10
       8
      11
       9
      16
      17
      13
      12
      19
       8
      17
      12
      16
      12
      11
      11
      13
      13
       6
      12
      13
      12
       8
      13
      15
      12
      12
      11
      13
      11
       5
       6
      10
       8
      12
      14
       8
      11
      12
      20
      11
      18
      11
       8
      18
      10
      12
       8
      17
      17
      11
      15
      12
      15
       8
      11
      16
      10
      14
      13
      16
      10
      11
       9
      17
       8
       9
      15
      15
       9
       6
      12
       7
      13
      14
      12
       9
       9
      10
      12
      10
      10
      10
       9
       9
      16
      10
       9
       6
       9
       8
      10
      10
      12
       9
       8
      12
      13
      12
       9
       7
       8
      16
      11
       9
      17
      15
       9
      12
       9
      14
       9
      13
      13
       7
       9
       8
      14
      21
      13
      14
       7
      12
      10
       6
      13
       8
       9
      12
      12
      12
      10
       8
      15
      11
      16
      19
       7
      10
      12
       9
       9
      14
      14
      24
      12
      16
      10
      20
      13
      10
      13
      10
      11
      11
      14
      13
      19
      19
      13
      12
      12
       6
      10
       9
      16
      13
      15
      13
      15
      13
      15
      15
       4
      14
      11
       7
      11
       7
      11
      18
      10
      11
      12
       9
      10
      18
      12
      12
       6
      10
      18
      13
      11
      10
      10
       9
      12
      15
      17
       7
      11
       6
       3
      14
      13
      11
      10
      15
      16
       8
       9
       7
      15
      11
       9
      13
       5
       8
       9
      11
       5
      14
       6
      10
      18
      10
      11
      15
      13
      12
      11
      12
      14
       9
       8
      15
      10
       6
      11
       7
       5
       7
       7
      10
       8
       9
      10
       9
      11
       7
       7
       8
       4
       6
      16
      10
      15
      10
      14
       2
      11
      11
      10
       6
      11
      11
       9
      10
       6
      10
       5
      12
      11
       7
       6
      12
      12
       5
       9
      10
      14
       6
      15
       6
       5
       7
       4
       7
      14
       3
      10
       9
       7
       9
       8
       9
       5
       7
       6
       8
      10
       7
       9
       6
      11
       8
      10
       7
       3
       4
       6
       8
       3
       7
      11
       3
      13
       9
      10
       6
       4
       9
       5
       6
       8
       4
      11
       5
       9
       3
       9
       8
       5
      12
       9
      17
       7
      13
       9
       9
       3
       5
       8
       6
       5
       8
       7
       2
       5
       2
       8
       7
       5
       7
      13
       8
      11
       8
       7
       7
      11
       8
       6
       8
       4
       3
       6
       6
       7
       6
       6
       9
       1
       4
      12
      11
       8
       6
      10
       7
       6
       4
       7
       5
       4
       6
       5
       4
       9
       8
       2
       3
       5
       6
       6
       6
       8
       6
       4
       6
       8
       7
       7
       6
       5
       7
       7
       5
       8
       9
       2
       6
       4
       4
       4
       3
       5
       9
       6
       2
       8
       2
       7
       5
       6
       5
       4
       4
       9
       3
       3
       6
       9
       9
       5
       2
       2
       7
       8
      12
       6
       5
       7
      12
       4
      12
       9
       6
       9
       9
       5
       7
      13
       7
       8
       9
      10
      13
      12
      15
       7
       5
       9
       4
       6
      16
      12
      11
       8
       2
      10
      11
      19
      15
      10
      10
       5
       9
      11
       6
       8
      15
       6
      16
       9
      11
      12
       7
      11
      13
      11
      14
      12
      14
       7
       7
      10
      17
       9
      17
       8
      13
      11
      10
      14
      11
      16
       7
       8
      10
       8
      13
       8
       8
      15
       9
      10
       7
      14
       9
      16
       8
      10
      13
       6
       7
      12
       8
      12
      10
      15
       8
      11
      12
      14
       7
      11
       8
      14
      13
      11
      11
      16
      11
       6
       7
      11
       8
       5
       3
       7
      11
       7
       5
       8
      10
       8
       8
       6
      10
      12
       5
       6
       4
       5
      13
       8
      10
       8
      12
       8
       5
      11
       5
       4
       3
       5
       9
       7
      11
       5
       6
      14
       4
       4
       5
       3
       7
       6
       9
       7
      11
      14
       9
       4
       6
       7
       7
       5
      10
      10
       8
       3
       6
       3
       3
       7
       7
       9
       8
       5
       8
       4
       5
       3
       5
       5
       3
       4
       4
       2
       2
       0
       0
       0
       0
       0
       0
       0
       0
       0
       0
       0
       0
       0
       0
       0
       0
       0
       0
       0
       0
       0
       0
       0
       0
       0
       0
       0
       0
       0
       0
       0
       0
       0
       0
       0
       0
       0
       0
       0
       0
       0
       0
       0
       0
       0
       0
       0
       0
       0
       0
       0
       0
       0
       0
       0
       0
       0
       0
       0
       0
       0
       0
       0
       0
       0
       0
       0
       0
       0
       0
       0
       0
       0
       0
       0
       0
       0
       0
       0
       0
       0
       0
       0
       0
       0
       0
       0
       0
       0
       0
       0
       0
       0
       0
       0
       0
       0
       0
       0
       0
       0
       0
       0
       0
       0
       0
       0
       0
       0
       0
       0
       0
       0
       0
       0
       0
       0
       0
       0
       0
       0
       0
       0
       0
       0
       0
       0
       0
       0
       0
       0
       0
       0
       0
       0
       0
       0
       0
       0
       0
       0
       0
       0
       0
       0
       0
       0
       0
       0
       0
       0
       0
       0
       0
       0
       0
       0
       0
       0
       0
       0
       0
       0
       0
       0
       0
       0
       0
       0
       0
       0
       0
       0
       0
       0
       0
       0
       0
       0
       0
       0
       0
       0
       0
       0
       0
       0
       0
       0
       0
       0
       0
       0
       0
       0
       0
       0
       0
       0
       0
       0
       0
       0
       0
       0
       0
       0
       0
       0
       0
       0
       0
       0
       0
       0
       0
       0
       0
       0
       0
       0
       0
       0
       0
       0
       0
       0
       0
       0
       0
       0
       0
       0
       0
       0
       0
       0
       0
       0
       0
       0
       0
       0
       0
       0
       0
       0
       0
       0
       0
       0
       0
       0
       0
       0
       0
       0
       0
       0
       0
       0
       0
       0
       0
       0
       0
       0
       0
       0
       0
       0
       0
       0
       0
       0
$ROI:
1
849 850
$PRESETS:
Live Time
999999
0
$ENER_FIT:
0.000000 0.749264
$MCA_CAL:
3
0.000000E+000 7.492638E-001 0.000000E+000 keV
$SHAPE_CAL:
3
0.000000E+000 0.000000E+000 0.000000E+000
