$SPEC_ID:
none
$SPEC_REM:
DET# 1
DETDESC# GRAD-LAB Easy-MCA-2k SN 14163589
AP# Maestro Version 7.01
$DATE_MEA:
10/03/2016 12:07:57
$MEAS_TIM:
121 122
$DATA:
0 2047
       0
       0
       0
       0
       0
       0
       0
       0
       0
       0
       0
       0
       0
       0
       0
       0
       0
       1
      11
      11
      15
      17
      14
      16
      15
      16
      12
      12
      15
      19
      16
      18
      18
      13
      18
      17
      31
      31
      18
      17
      16
      12
      24
      23
      16
      11
      23
      19
      23
      17
      17
      21
      28
      23
      12
      17
      14
      19
      27
      15
      17
      22
      19
      17
      15
      25
      21
      20
      25
      28
      14
      16
      16
      19
      29
      18
      28
      21
      29
      24
      35
      27
      24
      22
      24
      26
      21
      32
      25
      20
      28
      25
      14
      27
      23
      28
      28
      22
      15
      26
      27
      20
      21
      19
      23
      23
      20
      22
      27
      16
      18
      24
      33
      19
      26
      17
      27
      18
      34
      22
      41
      31
      20
      27
      32
      23
      18
      27
      34
      22
      30
      32
      33
      36
      46
      38
      49
      43
      36
      31
      54
      45
      42
      31
      50
      53
      47
      47
      43
      42
      31
      45
      34
      45
      33
      32
      23
      35
      41
      37
      38
      31
      40
      35
      29
      22
      31
      29
      32
      31
      29
      34
      26
      32
      29
      29
      26
      25
      26
      33
      28
      29
      26
      28
      23
      32
      36
      28
      29
      29
      28
      33
      29
      27
      36
      35
      38
      30
      36
      19
      36
      29
      28
      34
      25
      33
      31
      31
      36
      31
      31
      34
      27
      38
      35
      41
      27
      28
      31
      30
      33
      25
      28
      35
      24
      31
      34
      32
      27
      34
      34
      29
      26
      32
      30
      41
      27
      28
      28
      36
      19
      33
      28
      31
      37
      32
      40
      28
      29
      40
      23
      37
      35
      50
      40
      26
      39
      23
      25
      30
      38
      28
      40
      40
      33
      45
      30
      35
      26
      32
      40
      34
      26
      43
      33
      35
      33
      39
      39
      36
      31
      32
      37
      39
      34
      37
      37
      43
      40
      38
      42
      42
      27
      47
      40
      42
      49
      39
      37
      51
      35
      34
      35
      39
      52
      44
      49
      45
      33
      27
      47
      47
      40
      31
      35
      45
      53
      38
      44
      48
      42
      54
      46
      45
      37
      57
      50
      40
      56
      47
      38
      48
      40
      43
      35
      61
      38
      42
      41
      34
      37
      48
      48
      48
      54
      47
      42
      48
      41
      54
      47
      47
      42
      63
      40
      34
      48
      39
      45
      36
      50
      40
      32
      33
      42
      46
      35
      31
      52
      42
      49
      41
      41
      39
      45
      37
      40
      43
      37
      40
      48
      47
      41
      36
      46
      46
      41
      52
      54
      54
      38
      38
      47
      32
      43
      51
      36
      38
      39
      50
      42
      36
      47
      49
      53
      28
      34
      47
      31
      38
      51
      39
      41
      34
      35
      39
      35
      45
      39
      36
      35
      45
      56
      42
      42
      53
      46
      51
      32
      35
      53
      43
      35
      39
      53
      47
      34
      38
      39
      48
      43
      45
      29
      42
      51
      28
      35
      49
      44
      35
      45
      39
      49
      43
      33
      45
      37
      39
      37
      38
      44
      44
      43
      42
      38
      43
      43
      33
      45
      28
      37
      41
      54
      44
      39
      41
      46
      49
      63
      41
      48
      38
      51
      44
      44
      43
      44
      46
      41
      47
      33
      50
      46
      50
      36
      33
      44
      33
      46
      39
      42
      36
      52
      45
      49
      41
      27
      46
      45
      24
      41
      38
      29
      40
      45
      31
      36
      44
      47
      44
      39
      42
      36
      40
      36
      48
      42
      43
      43
      38
      41
      34
      30
      38
      46
      45
      34
      47
      46
      51
      50
      46
      37
      50
      53
      44
      40
      29
      30
      56
      29
      41
      48
      45
      42
      38
      44
      41
      48
      46
      53
      39
      36
      36
      40
      48
      30
      43
      36
      57
      52
      33
      47
      39
      58
      49
      55
      44
      43
      52
      40
      43
      35
      52
      53
      50
      49
      44
      38
      47
      41
      48
      49
      41
      37
      50
      52
      48
      47
      42
      36
      43
      47
      51
      51
      59
      47
      52
      49
      46
      40
      65
      41
      59
      54
      51
      45
      45
      42
      53
      61
      56
      53
      50
      50
      41
      59
      50
      46
      58
      56
      59
      54
      41
      43
      39
      50
      27
      46
      44
      41
      53
      35
      34
      49
      41
      43
      46
      29
      47
      29
      34
      51
      39
      30
      41
      51
      38
      35
      39
      37
      23
      30
      42
      35
      39
      31
      40
      27
      27
      29
      31
      38
      35
      29
      31
      28
      27
      25
      32
      24
      30
      30
      19
      25
      21
      21
      25
      27
      27
      21
      17
      34
      28
      26
      26
      24
      18
      18
      23
      20
      26
      27
      24
      29
      20
      22
      20
      21
      18
      28
      23
      28
      22
      25
      13
      18
      17
      15
      24
      23
      20
      28
      13
      24
      12
      20
      15
      18
      16
      18
      17
      17
      20
      13
      26
      19
      16
      22
      16
      20
      23
      19
      19
      24
      23
      14
      13
      18
      20
      11
      15
      13
      13
      27
      19
      16
      17
      21
      18
      18
      13
      21
      13
      23
      17
      11
      19
      14
      18
      13
      21
      15
      22
      16
      15
      21
      20
      16
      14
      28
      12
      14
      14
      15
      19
      28
      17
      15
      18
      23
      17
      15
      20
      21
      22
      23
      28
      18
      18
      24
      23
      19
      16
      17
      17
      17
      10
      21
      16
      14
      13
      14
      24
      22
      25
      19
      23
      25
      18
      15
      31
      18
      19
      35
      27
      21
      28
      23
      35
      28
      34
      35
      28
      37
      40
      35
      47
      42
      43
      57
      55
      62
      48
      58
      71
      51
      63
      78
      84
      77
      96
      88
      93
      95
     108
      87
     108
     110
     144
     112
     140
     162
     151
     171
     144
     184
     152
     171
     177
     203
     177
     210
     210
     216
     201
     206
     222
     215
     230
     215
     242
     238
     275
     239
     263
     248
     248
     276
     265
     272
     269
     285
     281
     271
     311
     280
     293
     283
     264
     279
     308
     255
     264
     295
     284
     249
     242
     262
     245
     255
     254
     255
     244
     231
     241
     231
     227
     212
     218
     220
     209
     234
     206
     205
     184
     184
     219
     199
     195
     198
     175
     174
     172
     157
     176
     160
     146
     154
     132
     154
     126
     112
     132
     117
     109
     111
     104
     106
     108
      94
      99
      89
      86
      76
      73
      81
      75
      53
      69
      75
      76
      57
      62
      51
      56
      44
      56
      50
      50
      45
      50
      35
      47
      26
      27
      41
      37
      28
      38
      35
      39
      39
      27
      31
      26
      24
      28
      17
      26
      17
      16
      18
      13
      21
      16
      14
      14
       7
       7
       6
       7
       8
      10
       4
       5
       3
       6
       7
       7
       6
       1
       4
       3
       3
       7
       3
       1
       8
       3
       4
       2
       3
       4
       3
       2
       3
       1
       6
       1
       3
       1
       4
       1
       0
       3
       4
       1
       1
       3
       1
       1
       2
       0
       0
       3
       1
       3
       1
       0
       0
       0
       2
       1
       1
       2
       0
       0
       2
       0
       1
       1
       0
       3
       1
       1
       1
       0
       1
       0
       1
       0
       0
       0
       0
       1
       1
       1
       0
       1
       2
       1
       0
       1
       0
       0
       2
       1
       0
       1
       2
       3
       1
       1
       1
       0
       0
       1
       2
       2
       0
       0
       0
       0
       0
       2
       1
       1
       0
       1
       0
       0
       1
       1
       3
       0
       3
       0
       1
       0
       1
       4
       0
       0
       0
       2
       0
       0
       0
       3
       0
       3
       0
       1
       3
       1
       3
       1
       1
       2
       2
       1
       1
       1
       0
       0
       1
       1
       2
       2
       2
       0
       0
       2
       1
       1
       1
       1
       3
       0
       2
       2
       1
       0
       0
       0
       0
       1
       2
       2
       2
       3
       2
       1
       3
       2
       0
       3
       1
       0
       2
       0
       0
       1
       2
       1
       2
       1
       0
       0
       1
       0
       0
       1
       1
       0
       1
       0
       2
       1
       0
       4
       3
       2
       2
       1
       2
       0
       1
       1
       0
       3
       0
       3
       3
       1
       0
       3
       0
       2
       3
       0
       1
       1
       1
       0
       0
       1
       0
       1
       1
       3
       3
       0
       0
       2
       2
       0
       0
       1
       1
       0
       0
       1
       1
       1
       2
       1
       0
       2
       0
       1
       0
       0
       1
       0
       1
       1
       1
       1
       2
       0
       1
       3
       2
       1
       0
       0
       0
       2
       3
       0
       1
       0
       0
       1
       1
       2
       0
       2
       1
       1
       1
       1
       1
       0
       1
       0
       2
       0
       1
       4
       2
       0
       0
       0
       0
       3
       0
       0
       1
       1
       0
       0
       1
       2
       0
       1
       0
       1
       0
       1
       0
       0
       1
       2
       2
       1
       2
       0
       2
       1
       0
       2
       1
       0
       1
       0
       0
       0
       2
       1
       0
       3
       0
       0
       1
       0
       1
       0
       3
       1
       2
       0
       0
       1
       0
       0
       2
       3
       0
       2
       0
       0
       1
       2
       1
       2
       2
       4
       0
       0
       0
       0
       0
       0
       0
       1
       0
       0
       1
       0
       1
       2
       0
       2
       2
       1
       1
       2
       2
       2
       1
       0
       0
       0
       0
       2
       0
       0
       3
       0
       0
       0
       3
       1
       1
       1
       1
       2
       1
       0
       1
       2
       0
       2
       1
       1
       1
       2
       0
       0
       2
       0
       0
       0
       0
       1
       0
       0
       1
       1
       2
       2
       0
       1
       1
       2
       1
       0
       0
       2
       1
       0
       1
       1
       1
       1
       3
       2
       1
       0
       2
       0
       0
       0
       1
       1
       2
       1
       1
       0
       1
       1
       0
       1
       3
       0
       0
       2
       0
       2
       4
       1
       0
       0
       2
       1
       0
       0
       1
       1
       1
       4
       0
       0
       0
       0
       0
       1
       1
       1
       2
       0
       0
       1
       0
       0
       1
       0
       1
       1
       0
       0
       1
       1
       2
       1
       0
       0
       2
       0
       1
       1
       0
       0
       0
       0
       1
       1
       0
       1
       1
       0
       1
       0
       0
       2
       1
       0
       0
       0
       1
       0
       1
       1
       0
       0
       2
       1
       2
       1
       0
       1
       1
       1
       0
       0
       4
       0
       0
       1
       0
       0
       0
       0
       0
       0
       0
       2
       0
       0
       1
       1
       0
       1
       0
       1
       1
       0
       0
       1
       0
       1
       1
       0
       1
       1
       2
       0
       0
       1
       2
       0
       2
       0
       0
       0
       1
       0
       1
       0
       1
       1
       1
       1
       3
       1
       3
       0
       0
       0
       1
       2
       0
       1
       0
       0
       0
       0
       0
       0
       0
       2
       1
       1
       0
       0
       0
       1
       0
       0
       0
       2
       0
       0
       2
       4
       2
       2
       1
       0
       1
       0
       0
       0
       3
       0
       0
       0
       1
       1
       1
       1
       0
       0
       0
       0
       0
       1
       1
       0
       3
       1
       1
       1
       0
       0
       0
       1
       0
       2
       1
       1
       2
       1
       0
       2
       1
       0
       1
       1
       2
       1
       1
       1
       3
       2
       0
       3
       1
       2
       1
       0
       1
       0
       0
       1
       1
       0
       1
       0
       1
       2
       0
       1
       0
       3
       1
       1
       0
       1
       1
       1
       0
       0
       0
       3
       1
       2
       3
       1
       1
       0
       1
       2
       0
       0
       3
       0
       0
       0
       0
       0
       2
       2
       0
       2
       0
       2
       0
       0
       0
       0
       0
       0
       1
       0
       0
       0
       0
       2
       1
       0
       2
       0
       1
       0
       0
       2
       1
       0
       0
       1
       1
       1
       0
       0
       1
       0
       1
       0
       0
       1
       0
       1
       0
       0
       1
       0
       0
       1
       1
       1
       0
       0
       0
       0
       0
       0
       0
       0
       0
       0
       0
       0
       0
       0
       0
       0
       0
       0
       0
       0
       0
       0
       0
       0
       0
       0
       0
       0
       0
       0
       0
       0
       0
       0
       0
       0
       0
       0
       0
       0
       0
       0
       0
       0
       0
       0
       0
       0
       0
       0
       0
       0
       0
       0
       0
       0
       0
       0
       0
       0
       0
       0
       0
       0
       0
       0
       0
       0
       0
       0
       0
       0
       0
       0
       0
       0
       0
       0
       0
       0
       0
       0
       0
       0
       0
       0
       0
       0
       0
       0
       0
       0
       0
       0
       0
       0
       0
       0
       0
       0
       0
       0
       0
       0
       0
       0
       0
       0
       0
       0
       0
       0
       0
       0
       0
       0
       0
       0
       0
       0
       0
       0
       0
       0
       0
       0
       0
       0
       0
       0
       0
       0
       0
       0
       0
       0
       0
       0
       0
       0
       0
       0
       0
       0
       0
       0
       0
       0
       0
       0
       0
       0
       0
       0
       0
       0
       0
       0
       0
       0
       0
       0
       0
       0
       0
       0
       0
       0
       0
       0
       0
       0
       0
       0
       0
       0
       0
       0
       0
       0
       0
       0
       0
       0
       0
       0
       0
       0
       0
       0
       0
       0
       0
       0
       0
       0
       0
       0
       0
       0
       0
       0
       0
       0
       0
       0
       0
       0
       0
       0
       0
       0
       0
       0
       0
       0
       0
       0
       0
       0
       0
       0
       0
       0
       0
       0
       0
       0
       0
       0
       0
       0
       0
       0
       0
       0
       0
       0
       0
       0
       0
       0
       0
       0
       0
       0
       0
       0
       0
       0
       0
       0
       0
       0
       0
       0
       0
       0
       0
       0
       0
       0
       0
       0
       0
       0
       0
       0
       0
       0
       0
       0
       0
       0
       0
       0
       0
       0
       0
       0
       0
       0
       0
       0
$ROI:
1
849 850
$PRESETS:
Live Time
999999
0
$ENER_FIT:
0.000000 0.749264
$MCA_CAL:
3
0.000000E+000 7.492638E-001 0.000000E+000 keV
$SHAPE_CAL:
3
0.000000E+000 0.000000E+000 0.000000E+000
