$SPEC_ID:
none
$SPEC_REM:
DET# 1
DETDESC# GRAD-LAB Easy-MCA-2k SN 14163589
AP# Maestro Version 7.01
$DATE_MEA:
09/14/2016 13:33:42
$MEAS_TIM:
786 788
$DATA:
0 2047
       0
       0
       0
       1
       1
       0
       1
       0
       0
       3
       1
       1
       1
       0
       3
       6
       8
      30
     210
     178
     186
     199
     175
     177
     203
     191
     185
     201
     188
     211
     165
     230
     207
     203
     204
     197
     217
     195
     213
     211
     221
     193
     170
     198
     203
     198
     201
     192
     222
     227
     207
     210
     226
     224
     221
     257
     266
     232
     229
     259
     247
     272
     242
     251
     218
     225
     252
     241
     227
     251
     266
     240
     224
     235
     243
     223
     243
     251
     285
     249
     218
     277
     282
     256
     308
     288
     272
     270
     302
     307
     282
     279
     287
     277
     266
     289
     272
     255
     280
     289
     254
     250
     288
     245
     289
     301
     256
     268
     286
     312
     307
     313
     317
     335
     310
     296
     319
     317
     349
     383
     351
     379
     427
     430
     494
     511
     548
     556
     641
     642
     652
     783
     766
     811
     834
     867
     953
     852
     921
     930
     860
     932
     932
     874
     859
     808
     803
     766
     767
     723
     791
     733
     692
     676
     639
     591
     615
     605
     638
     553
     516
     546
     528
     510
     461
     470
     419
     434
     412
     414
     409
     398
     373
     397
     389
     364
     346
     364
     343
     367
     354
     310
     334
     305
     337
     364
     316
     371
     378
     353
     365
     372
     361
     349
     334
     352
     362
     353
     357
     379
     349
     389
     343
     361
     379
     344
     400
     384
     344
     389
     378
     352
     384
     384
     367
     356
     400
     374
     382
     361
     365
     364
     382
     405
     346
     412
     417
     408
     370
     364
     383
     388
     388
     391
     354
     381
     390
     375
     371
     377
     411
     400
     402
     359
     385
     386
     392
     373
     369
     383
     375
     406
     394
     396
     373
     389
     410
     413
     393
     412
     372
     394
     417
     407
     410
     411
     418
     412
     411
     427
     429
     471
     413
     401
     383
     426
     422
     396
     403
     444
     429
     402
     432
     442
     485
     528
     433
     471
     442
     485
     441
     467
     432
     454
     502
     461
     509
     501
     502
     515
     537
     512
     531
     499
     548
     535
     544
     574
     525
     557
     531
     545
     573
     569
     614
     611
     561
     583
     557
     533
     600
     579
     562
     650
     595
     565
     590
     578
     618
     601
     530
     587
     572
     579
     569
     563
     611
     562
     590
     587
     572
     527
     530
     559
     559
     593
     543
     536
     533
     556
     523
     581
     534
     521
     556
     592
     572
     555
     534
     529
     532
     547
     513
     559
     525
     546
     534
     528
     522
     514
     530
     523
     504
     515
     549
     504
     509
     497
     501
     485
     540
     529
     514
     490
     485
     511
     516
     523
     524
     502
     535
     500
     524
     515
     474
     527
     481
     495
     511
     461
     477
     482
     504
     514
     486
     488
     497
     470
     448
     471
     479
     449
     469
     459
     519
     445
     470
     495
     444
     459
     493
     478
     478
     486
     475
     485
     481
     432
     462
     448
     411
     479
     480
     453
     458
     404
     474
     457
     483
     448
     433
     443
     437
     430
     489
     448
     441
     462
     435
     454
     454
     470
     453
     444
     452
     418
     444
     419
     459
     445
     465
     465
     415
     424
     454
     417
     472
     431
     446
     463
     440
     465
     453
     412
     465
     446
     403
     428
     457
     445
     437
     404
     406
     451
     446
     424
     442
     417
     456
     416
     422
     415
     435
     453
     479
     433
     403
     434
     436
     395
     427
     456
     476
     427
     406
     406
     463
     403
     442
     425
     454
     416
     439
     423
     441
     421
     470
     424
     455
     434
     439
     439
     413
     418
     434
     411
     415
     423
     421
     430
     432
     426
     428
     448
     419
     444
     445
     430
     462
     410
     422
     449
     434
     400
     416
     453
     435
     442
     458
     401
     419
     439
     410
     418
     423
     419
     426
     433
     439
     431
     455
     431
     445
     439
     460
     445
     415
     406
     389
     474
     458
     434
     479
     437
     442
     439
     465
     443
     444
     444
     441
     441
     422
     443
     430
     422
     434
     426
     441
     444
     463
     457
     412
     420
     422
     455
     423
     425
     435
     447
     410
     429
     436
     451
     438
     470
     444
     437
     408
     419
     460
     460
     448
     427
     432
     455
     427
     436
     439
     426
     412
     433
     404
     424
     424
     413
     469
     398
     460
     419
     383
     402
     438
     418
     434
     395
     414
     436
     440
     378
     426
     403
     446
     422
     413
     390
     382
     402
     403
     406
     385
     369
     374
     356
     384
     367
     389
     365
     377
     328
     402
     341
     366
     355
     376
     354
     333
     337
     338
     311
     334
     306
     335
     329
     307
     292
     331
     305
     282
     323
     326
     305
     297
     291
     268
     300
     258
     282
     272
     275
     284
     290
     286
     265
     258
     256
     261
     259
     267
     283
     257
     259
     251
     279
     243
     261
     250
     252
     259
     277
     271
     275
     250
     252
     222
     258
     231
     250
     255
     254
     217
     232
     259
     242
     253
     260
     227
     259
     226
     249
     252
     219
     261
     235
     244
     255
     242
     223
     232
     249
     235
     275
     247
     228
     248
     235
     251
     233
     230
     253
     259
     229
     237
     246
     254
     225
     232
     238
     232
     255
     238
     225
     241
     245
     248
     279
     259
     253
     233
     227
     245
     238
     258
     243
     223
     254
     267
     217
     228
     216
     220
     228
     238
     238
     240
     257
     246
     270
     257
     275
     250
     247
     265
     270
     245
     242
     263
     253
     263
     269
     281
     258
     280
     250
     264
     293
     275
     281
     285
     290
     270
     299
     311
     288
     325
     264
     308
     330
     294
     311
     359
     322
     322
     357
     357
     365
     364
     362
     398
     375
     384
     420
     418
     436
     452
     434
     470
     469
     525
     511
     492
     526
     558
     604
     646
     612
     633
     675
     699
     726
     716
     704
     820
     811
     803
     819
     836
     903
     901
     979
     987
     993
    1086
    1067
    1056
    1043
    1095
    1197
    1165
    1236
    1229
    1303
    1274
    1256
    1354
    1263
    1395
    1346
    1326
    1407
    1434
    1366
    1460
    1469
    1487
    1377
    1435
    1399
    1432
    1469
    1463
    1393
    1538
    1457
    1383
    1476
    1470
    1377
    1416
    1434
    1347
    1407
    1300
    1389
    1314
    1260
    1303
    1218
    1333
    1196
    1105
    1208
    1148
    1139
    1158
    1058
    1117
    1067
    1061
     977
     923
     913
     908
     879
     837
     811
     779
     789
     721
     726
     691
     676
     656
     642
     652
     572
     582
     551
     522
     534
     512
     460
     447
     497
     439
     366
     399
     363
     348
     351
     347
     306
     335
     310
     250
     281
     251
     251
     249
     215
     195
     202
     192
     176
     181
     153
     153
     137
     153
     121
     121
     110
     117
     117
     100
      75
      99
     109
      79
      75
      71
      72
      74
      67
      78
      64
      67
      49
      48
      63
      43
      47
      32
      50
      34
      35
      40
      30
      24
      30
      28
      33
      18
      30
      28
      31
      33
      30
      18
      13
      24
      18
      28
      18
      17
      16
      19
      20
      12
      17
      13
      15
      20
      12
      14
       9
      13
       8
      22
      11
      12
      14
      10
      20
      14
       9
      11
       9
       8
       7
      13
       6
      11
      17
       7
       3
       9
      13
      11
       9
       9
      11
      14
      10
       5
      14
      16
       8
       4
      15
       8
      10
       8
      11
       6
      14
       9
       8
      10
       6
       6
       9
      11
      12
       9
       8
       9
       7
      11
       9
       9
      10
       9
       8
      11
       6
       6
      14
       6
       1
      10
       9
       9
       7
       4
      11
       8
       4
      11
       9
       6
       9
       8
       4
       5
       5
       8
       5
      11
       7
       6
       8
      11
       2
       7
       6
       9
       3
       7
      10
       4
       6
       3
       9
       8
       9
       9
       4
       9
       6
       9
       8
       7
       3
       5
       9
      10
       5
       9
       7
       5
       3
      10
       4
       6
       4
       7
       9
      11
       8
       5
       4
       7
       8
      12
      12
       8
      12
      10
       5
       5
       6
      10
       6
       6
       5
       8
       8
       5
       6
       7
       7
       9
      14
       4
      11
       5
      11
       2
       8
       9
       8
       9
       6
       8
       4
       6
      11
       5
       7
       5
       8
      11
       5
       4
       5
       7
       9
      10
       6
       5
      11
       5
       4
       8
       8
      12
       7
       5
       3
       4
       8
       6
      11
       6
       7
       7
       3
       6
       7
       7
       3
       6
       2
       5
       7
       5
       2
       9
       2
       7
       9
      11
       7
       8
      11
       5
       7
      13
      10
       6
       6
       7
      12
       2
       8
       4
      12
       7
      10
       3
       6
       2
       7
      11
       8
       4
       9
       7
       6
       8
       4
       5
       5
       4
       7
       4
       3
       7
       5
       9
      10
      11
       1
       6
       8
       8
       7
       9
      13
       8
       9
      10
       3
       8
       2
       5
       9
       9
       6
       4
      12
       7
      11
       6
      11
       8
       3
       4
       4
       5
       5
       7
       6
       7
       5
       8
       4
       3
      10
       8
       8
       6
       6
       7
       6
       4
       5
       6
       9
       7
       8
       5
      10
       3
       5
       9
       7
       6
       9
      10
       8
       2
       8
       9
       6
      11
       6
       5
       5
      11
       9
       6
       7
       7
      12
       7
       8
       5
       8
       6
       4
       4
       9
       9
       5
       5
       7
       3
       9
       4
       5
       9
       5
       8
      10
       8
       4
       4
       5
       0
       7
      10
       4
      10
       5
      10
      10
       3
       9
       4
       6
       6
       9
       5
       7
       8
      12
       9
       9
       5
      10
      10
       7
       9
       7
       2
       6
       6
       9
       3
       7
       9
       3
       7
       4
      10
      12
       6
       4
       5
       6
       4
       3
       4
       5
       6
       6
       3
       2
       5
      10
       9
       6
       7
       6
       5
       3
       1
       6
       5
       5
       9
       8
       8
       6
       7
       5
       3
       5
       5
       4
       3
       4
       4
       7
       4
       4
       8
       8
       4
       5
       3
       3
       4
       5
       5
       3
       6
       3
       8
       2
       5
       5
       2
      10
       4
       2
       7
       4
       6
       4
       2
       8
       4
       3
       5
       2
       5
       6
       2
       7
       1
       4
       6
       3
       6
       3
       7
       1
       7
       4
       4
       4
       2
       3
       5
       6
       8
       3
       7
       6
       4
       4
       3
       4
       5
       4
       5
       2
       3
       1
       4
       6
       5
       9
       2
       2
       3
       9
       5
       5
       4
       4
       5
       3
       2
       3
       5
       3
       5
       3
       5
       4
       5
       4
       0
       4
       2
       4
       2
       4
       2
       5
       3
       3
       5
       1
       5
       3
       7
       3
       5
       3
       5
       2
       4
       6
       6
       2
       4
       0
       4
       2
       4
       3
       5
       3
       2
       3
       3
       4
       4
       3
       7
       4
       2
       7
       4
       6
       4
       3
       2
       3
       1
       7
       1
       6
       5
       4
       2
       8
       3
       5
       2
       6
       6
       3
       4
       7
       4
       5
       5
       4
       4
       5
       8
       5
       5
       2
       2
       7
       4
       6
       5
       3
       9
       3
       2
       6
       5
       6
       4
       7
       3
       1
       7
       3
       2
       6
       8
       5
       7
       6
       7
       4
       7
       2
       6
       3
       7
       5
       2
       5
       9
       6
       4
       6
       2
       6
       4
       3
       6
       8
       6
       5
       3
       3
       8
       9
       2
       4
       8
       6
       6
       5
       8
       7
       1
       7
       6
       8
       6
      10
       9
       5
       7
       4
       5
       8
       7
       6
       6
       7
       1
       7
      11
       6
       4
       4
      14
       3
       4
       3
       7
       5
      11
       6
      12
       6
       9
       8
       6
       3
       3
       6
       4
       8
      10
       4
       8
       7
      10
       4
       7
       6
       6
       9
       4
       6
       7
       5
       6
       4
       6
       2
       4
       5
       5
       3
       8
       7
       5
       3
       9
       3
       6
       4
      10
       3
       5
       1
       6
       4
       5
       5
       4
       8
       5
       5
      10
       1
       4
       2
       5
       7
       8
       4
       6
       4
       2
       3
       4
       4
       2
       9
       4
       4
       3
       3
       2
       2
       0
       2
       4
       1
       2
       0
       0
       1
       1
       1
       0
       0
       0
       1
       0
       0
       0
       0
       0
       0
       0
       0
       0
       0
       0
       0
       0
       0
       0
       0
       0
       0
       0
       0
       0
       0
       0
       0
       0
       0
       0
       0
       0
       0
       0
       0
       0
       0
       0
       0
       0
       0
       0
       0
       0
       0
       0
       0
       0
       0
       0
       0
       0
       0
       0
       0
       0
       0
       0
       0
       0
       0
       0
       0
       0
       0
       0
       0
       0
       0
       0
       0
       0
       0
       0
       0
       0
       0
       0
       0
       0
       0
       0
       0
       0
       0
       0
       0
       0
       0
       0
       0
       0
       0
       0
       0
       0
       0
       0
       0
       0
       0
       0
       0
       0
       0
       0
       0
       0
       0
       0
       0
       0
       0
       0
       0
       0
       0
       0
       0
       0
       0
       0
       0
       0
       0
       0
       0
       0
       0
       0
       0
       0
       0
       0
       0
       0
       0
       0
       0
       0
       0
       0
       0
       0
       0
       0
       0
       0
       0
       0
       0
       0
       0
       0
       0
       0
       0
       0
       0
       0
       0
       0
       0
       0
       0
       0
       0
       0
       0
       0
       0
       0
       0
       0
       0
       0
       0
       0
       0
       0
       0
       0
       0
       0
       0
       0
       0
       0
       0
       0
       0
       0
       0
       0
       0
       0
       0
       0
       0
       0
       0
       0
       0
       0
       0
       0
       0
       0
       0
       0
       0
       0
       0
       0
       0
       0
       0
       0
       0
       0
       0
       0
       0
       0
       0
       0
       0
       0
       0
       0
       0
       0
       0
       0
       0
       0
       0
       0
       0
       0
       0
       0
       0
       0
       0
       0
       0
       0
       0
       0
       0
       0
       0
       0
       0
       0
       0
       0
       0
       0
       0
       0
       0
       0
       0
$ROI:
1
539 549
$PRESETS:
Live Time
999999
0
$ENER_FIT:
0.000000 0.749264
$MCA_CAL:
3
0.000000E+000 7.492638E-001 0.000000E+000 keV
$SHAPE_CAL:
3
0.000000E+000 0.000000E+000 0.000000E+000
