$SPEC_ID:
none
$SPEC_REM:
DET# 1
DETDESC# GRAD-LAB Easy-MCA-2k SN 14163589
AP# Maestro Version 7.01
$DATE_MEA:
09/28/2016 13:44:20
$MEAS_TIM:
2100 2101
$DATA:
0 2047
       0
       0
       0
       0
       0
       0
       0
       0
       0
       0
       1
       0
       0
       0
       0
       1
       1
      12
      41
      45
      46
      49
      42
      44
      43
      43
      30
      45
      44
      47
      36
      48
      57
      64
      47
      41
      56
      48
      49
      38
      52
      52
      53
      47
      43
      45
      42
      49
      57
      48
      54
      64
      56
      69
      60
      63
      65
      67
      76
      67
      67
      72
      60
      68
      67
      61
      67
      52
      74
      63
      75
      60
      68
      50
      71
      60
      70
      72
      69
      69
      80
      85
      72
      85
      79
      89
      93
      80
      85
     103
      79
      91
      68
      92
      88
      85
      86
      77
      72
      90
      88
      83
      97
      83
      76
     100
      78
     108
      92
      94
     107
      92
     111
      91
     103
      98
     130
     118
     115
     117
     145
     123
     138
     182
     207
     189
     207
     194
     214
     215
     229
     261
     273
     302
     296
     286
     289
     301
     299
     312
     269
     269
     273
     279
     255
     263
     260
     250
     222
     241
     226
     213
     218
     204
     207
     204
     181
     167
     188
     168
     175
     178
     173
     167
     155
     162
     160
     163
     137
     157
     148
     140
     138
     152
     144
     132
     132
     137
     125
     136
     142
     133
     113
     109
     143
     109
     128
     142
     140
     121
     127
     115
     128
     113
     137
     141
     127
     127
     129
     141
     131
     125
     122
     135
     132
     129
     132
     135
     139
     124
     131
     147
     116
     129
     139
     119
     139
     139
     121
     113
     131
     154
     133
     127
     122
     122
     144
     151
     129
     122
     149
     112
     131
     123
     155
     143
     133
     136
     136
     147
     122
     112
     110
     149
     156
     141
     124
     124
     153
     122
     127
     128
     128
     150
     152
     134
     117
     128
     136
     146
     124
     132
     143
     132
     118
     125
     137
     143
     132
     145
     157
     128
     132
     134
     139
     133
     137
     132
     115
     135
     121
     128
     142
     146
     127
     127
     132
     136
     110
     143
     118
     122
     140
     161
     120
     101
     126
     118
     130
     130
     131
     137
     118
     150
     117
     132
     122
     118
     117
     125
     127
     141
     138
     123
     140
     118
     144
     129
     120
     138
     121
     147
     126
     139
     116
     124
     123
     137
     138
     126
     112
     111
     130
     128
     142
     128
     131
     117
     117
     119
     120
     133
     102
     109
     106
     123
     109
     114
     135
     142
     118
     119
     125
     113
     120
     119
     108
     139
     130
     120
     120
     128
     115
     110
     119
     119
     114
     125
     123
     124
     116
     133
     115
     119
     130
     107
     116
     129
     125
     128
     118
     110
     129
     133
     124
     128
     113
     106
     100
     119
     131
     129
     136
     108
     128
     133
     100
     118
     124
     117
     128
     119
     126
     120
     101
     103
     122
     106
     125
     119
     116
     107
      99
      88
     103
     107
     117
     101
     106
     124
      84
     113
     120
     108
     102
     101
     105
     130
      92
     112
     127
      88
     100
     120
     118
     106
     103
     123
     122
     121
     123
     110
     109
     101
     108
     102
     115
     122
     104
     107
     122
     103
     109
      83
     102
     114
     117
      97
      88
     102
     100
      98
     125
     109
     115
      98
      93
     105
     105
     117
      91
     104
     108
     108
     107
     110
     108
      87
      91
      88
      95
     113
     104
     101
      98
      92
     107
      92
     104
     112
     120
      77
     111
      85
      97
     104
     103
      86
     103
     109
      95
      99
     103
     109
     101
     104
      88
     101
      86
      92
      91
     101
     116
      95
      83
      99
      82
      85
      97
      87
      77
      88
      91
      86
      83
      83
      89
      96
      82
      96
     113
     103
      99
     107
      82
      96
     101
      95
      86
      85
      72
      85
      88
     105
      93
      96
      93
      93
     106
      98
      98
      79
      91
     101
      87
      71
      93
      75
      82
      65
     113
      90
      73
      89
      83
      88
      83
      80
      66
      88
      84
      96
      98
      92
      83
      90
      85
      79
      91
      85
      84
      88
      98
      83
      84
      77
     107
      88
     100
      70
     103
      73
      81
      91
      99
      74
      97
      67
      91
      79
      88
      96
      85
      87
      89
      98
     105
      82
      74
      78
      83
      94
     103
      83
      79
      91
      88
     102
      88
      89
     100
      82
     110
      85
      97
      94
     113
      92
      91
      94
      91
      97
     105
     110
      94
     136
     132
      98
     120
     108
     106
     109
      94
     101
     119
     118
     109
     113
     129
     133
      99
     124
     137
     129
     120
     100
     121
     117
     127
     129
     118
     108
     115
     124
     134
     120
     124
     128
     115
     138
     123
     113
     142
     130
     129
     127
     148
     123
     116
     142
     158
     129
     136
     136
     150
     141
     138
     147
     174
     131
     157
     144
     124
     131
     156
     139
     139
     133
     140
     145
     124
     147
     136
     130
     150
     130
     146
     150
     144
     125
     147
     131
     128
     142
     126
     129
     126
     116
     114
     127
     122
     133
     112
     131
     116
     125
     113
     127
     109
     116
     130
     118
     115
     103
     109
     114
     138
      96
     109
     122
     118
     104
      99
      91
     103
     126
     126
      92
     121
      83
      96
     111
      94
      96
      94
      99
      92
     105
      93
      96
     109
     105
      98
     105
      92
      91
     101
     103
      85
      87
      98
     101
     106
      85
      78
     108
      90
     108
      85
      97
      80
      90
      73
      94
      75
      98
      96
      90
      86
      84
      92
      95
      78
      89
      82
      95
      63
      82
      92
      83
      63
      70
      68
      96
      66
      82
      91
      80
      79
      81
      77
      92
      79
      54
      75
      72
      54
      70
      87
      79
      76
      73
      60
      72
      64
      74
      72
      67
      72
      56
      63
      71
      65
      85
      56
      71
      60
      46
      60
      57
      60
      60
      62
      57
      56
      61
      50
      70
      50
      45
      43
      55
      69
      61
      64
      65
      49
      56
      67
      49
      41
      60
      59
      44
      62
      45
      42
      50
      51
      48
      45
      55
      42
      41
      42
      48
      40
      40
      49
      47
      54
      43
      49
      49
      41
      49
      43
      45
      44
      39
      38
      35
      28
      39
      33
      37
      35
      39
      41
      37
      42
      33
      31
      35
      30
      30
      42
      30
      27
      21
      43
      48
      38
      29
      33
      30
      26
      21
      29
      22
      25
      36
      29
      21
      30
      26
      33
      24
      25
      24
      26
      25
      27
      25
      25
      22
      25
      27
      23
      26
      19
      25
      17
      25
      27
      33
      31
      25
      24
      27
      31
      23
      28
      30
      26
      29
      20
      24
      34
      24
      22
      23
      21
      10
      24
      20
      27
      24
      31
      12
      25
      20
      35
      20
      24
      14
      19
      29
      18
      18
      26
      25
      20
      16
      15
      17
      26
      21
      18
      22
      22
      21
      23
      32
      28
      29
      24
      26
      14
      23
      18
      15
      26
      18
      24
      25
      22
      16
      19
      16
      32
      27
      22
      20
      21
      27
      30
      28
      20
      26
      21
      18
      23
      12
      22
      30
      19
      22
      18
      18
      15
      23
      23
      20
      21
      14
      20
      14
      18
      22
      13
      15
      22
      21
      25
      14
      21
      18
      24
      27
      22
      16
      15
      16
      16
      14
      20
      21
      23
      24
      19
      15
      21
      11
      23
      15
      25
      16
      18
      20
      27
      21
      34
      24
      31
      23
      21
      23
      19
      27
      23
      24
      22
      22
      14
      19
      18
      10
      18
      21
      20
      25
      33
      23
      22
      10
      22
      19
      21
      24
      15
      16
      12
      28
      18
      23
      19
      25
      15
      24
      17
      13
      10
      20
      16
      14
      22
      22
      24
      22
      22
      23
      26
      20
      15
      21
      21
      20
      17
      19
      25
      24
      24
      21
      21
      26
      16
      18
      13
      15
      25
      23
      23
      22
      19
      20
      19
      27
      20
      24
      19
      18
      19
      20
      19
      19
      13
      21
      16
      20
      24
      21
      14
      17
      17
      16
      20
      30
      19
      15
      33
      20
      15
      16
      16
      19
      18
      21
      22
      14
      18
      18
      15
      20
      19
      24
      19
      19
      18
      21
      10
      17
      13
      16
      18
      16
      12
      10
      25
      20
      15
      20
      16
      24
      19
      20
      14
      30
      15
      17
      16
      18
      23
      23
      20
      15
      26
      17
      19
      19
      18
      23
      16
      10
      12
      23
      17
      15
      11
      22
      24
      14
      14
      14
      22
      21
       9
      14
      18
      16
      18
      15
      12
      21
      22
      15
      13
      17
      17
      24
      26
       9
      22
      21
      16
      19
      28
      18
      16
      29
      20
      20
      17
      21
      22
      12
      20
      16
      15
      22
      28
      16
      18
      17
      18
      17
      20
      13
       8
      23
      26
      19
      20
      18
      25
      19
      24
      27
      21
      27
      25
      27
      14
      23
      19
      22
      20
      20
      16
      18
      20
      29
      20
      21
      27
      18
      18
      15
      26
      27
      13
      20
      28
      21
      19
      21
      25
      17
      15
      28
      19
      25
      23
      20
      15
      27
      17
      22
      25
      20
      19
      20
      13
      21
      17
      17
      25
      25
      16
      21
      18
      22
      21
      19
      12
      18
      26
      17
      16
      27
      21
      15
      22
      21
      23
      21
      23
      23
       9
      11
      14
      13
      19
      12
      20
      14
      18
      21
      14
      17
      17
      16
      21
      23
      17
      20
      15
      14
      20
      10
      15
       9
      21
      14
      13
      21
      17
      23
      10
      20
      17
      18
      21
      17
      18
      16
      17
      14
      17
      17
      13
      13
      16
      17
      13
       9
      16
      16
      13
      18
      18
      15
      12
      10
      15
      16
      13
      13
      12
      14
      10
      11
      21
      12
      16
      15
      14
      12
      12
      11
      11
      18
      17
      12
      12
      11
      17
       8
      12
      12
      13
      10
      13
      13
      14
      10
      18
      13
      17
       9
      10
      13
      11
      12
      13
       7
       5
      12
      13
      12
      13
      20
      13
       8
       8
      12
       8
       5
      11
      14
       9
      17
      11
      11
      14
      14
      16
      13
      15
      14
      11
      13
       7
      12
      11
      15
      11
       9
      12
      19
      13
      10
       9
       6
      11
       6
      17
       7
      16
      12
      11
      20
       9
       7
       8
      17
       8
      11
      15
       8
      13
       8
      10
      10
      17
      14
      11
      12
      12
       7
       9
      13
       7
      10
       3
      10
      15
      13
      13
       7
      11
       7
       6
      11
       9
       8
      16
      12
       7
       7
      11
       9
      10
      14
       7
       8
      12
       6
      10
      13
      11
      13
      10
       5
      11
      17
      17
      11
      12
      11
      15
       5
      11
       7
      13
      11
      14
      10
       6
      16
      15
       6
       8
      10
      11
      10
       7
       9
      14
      11
      10
      11
       6
      13
      12
      15
      16
      12
      12
      16
       8
      12
      12
      19
      13
      17
      10
      10
      15
      14
      13
      11
      15
      11
      16
      22
      16
      10
      17
      13
      12
      13
      14
      13
      11
      19
      10
      19
      14
      13
      18
      14
      19
      22
      18
      23
      18
      15
      20
      17
      11
       6
      21
      18
      23
      18
      21
      10
      18
      18
      15
      17
      20
      19
      18
      17
      13
      17
      18
      22
      16
      22
      21
      15
      18
      11
      24
      22
      18
      22
      20
      20
      21
      23
      21
      14
      24
      16
      12
      12
      10
      19
      19
      19
      18
      16
      20
      18
      24
      22
      16
      16
      11
      14
      25
      15
      12
      19
      20
       9
      13
      11
      20
       9
      15
      10
      11
      13
      21
      16
      17
      12
      18
      19
      17
      14
      21
      23
      14
      13
      15
      13
      11
      18
      15
      10
       7
       8
      10
      16
      15
       8
      12
      13
      13
       9
       7
      13
      14
       9
       5
      11
       8
      18
      10
       9
      13
      11
       8
       9
      13
       4
       8
      12
      16
       7
       6
       7
       8
       7
      16
      10
       5
       7
       7
       8
       8
       8
       5
       9
      11
       7
       4
      12
       7
      12
       6
       5
       3
      10
       6
       7
       9
       6
       2
       2
       3
       0
       0
       0
       0
       0
       0
       0
       0
       0
       0
       0
       0
       0
       0
       0
       0
       0
       0
       0
       0
       0
       0
       0
       0
       0
       0
       0
       0
       0
       0
       0
       0
       0
       0
       0
       0
       0
       0
       0
       0
       0
       0
       0
       0
       0
       0
       0
       0
       0
       0
       0
       0
       0
       0
       0
       0
       0
       0
       0
       0
       0
       0
       0
       0
       0
       0
       0
       0
       0
       0
       0
       0
       0
       0
       0
       0
       0
       0
       0
       0
       0
       0
       0
       0
       0
       0
       0
       0
       0
       0
       0
       0
       0
       0
       0
       0
       0
       0
       0
       0
       0
       0
       0
       0
       0
       0
       0
       0
       0
       0
       0
       0
       0
       0
       0
       0
       0
       0
       0
       0
       0
       0
       0
       0
       0
       0
       0
       0
       0
       0
       0
       0
       0
       0
       0
       0
       0
       0
       0
       0
       0
       0
       0
       0
       0
       0
       0
       0
       0
       0
       0
       0
       0
       0
       0
       0
       0
       0
       0
       0
       0
       0
       0
       0
       0
       0
       0
       0
       0
       0
       0
       0
       0
       0
       0
       0
       0
       0
       0
       0
       0
       0
       0
       0
       0
       0
       0
       0
       0
       0
       0
       0
       0
       0
       0
       0
       0
       0
       0
       0
       0
       0
       0
       0
       0
       0
       0
       0
       0
       0
       0
       0
       0
       0
       0
       0
       0
       0
       0
       0
       0
       0
       0
       0
       0
       0
       0
       0
       0
       0
       0
       0
       0
       0
       0
       0
       0
       0
       0
       0
       0
       0
       0
       0
       0
       0
       0
       0
       0
       0
       0
       0
       0
       0
       0
       0
       0
       0
       0
       0
       0
       0
       0
       0
       0
       0
       0
       0
       0
       0
       0
$ROI:
1
849 850
$PRESETS:
Live Time
999999
0
$ENER_FIT:
0.000000 0.749264
$MCA_CAL:
3
0.000000E+000 7.492638E-001 0.000000E+000 keV
$SHAPE_CAL:
3
0.000000E+000 0.000000E+000 0.000000E+000
