$SPEC_ID:
none
$SPEC_REM:
DET# 1
DETDESC# GRAD-LAB Easy-MCA-2k SN 14163589
AP# Maestro Version 7.01
$DATE_MEA:
10/03/2016 12:44:56
$MEAS_TIM:
375 376
$DATA:
0 2047
       0
       0
       0
       0
       0
       0
       0
       0
       0
       0
       0
       0
       0
       0
       0
       0
       1
       5
       6
      14
      15
      12
       7
       9
       8
       7
       6
       5
       8
      11
      10
      12
      12
       9
       6
      20
       4
      14
      14
      13
      10
      12
      11
      15
       9
      12
       3
      13
      10
      12
      15
      15
       5
      14
      16
      16
      13
      16
      15
      20
      10
      19
      21
      25
      13
      11
      18
      13
       8
      14
      19
      10
      16
      17
      11
      15
      16
      20
      16
      20
      24
      10
      18
      13
      21
      10
      25
      19
      19
      24
      15
      16
      11
      26
      11
      23
      17
      18
      19
      19
      18
      20
      12
       9
      16
      18
      15
      15
      26
      20
      25
      26
      21
      25
      22
      24
      29
      26
      22
      34
      22
      29
      31
      35
      33
      41
      29
      39
      45
      33
      49
      45
      51
      46
      55
      65
      56
      70
      69
      61
      71
      59
      73
      60
      51
      57
      63
      69
      52
      51
      59
      50
      61
      51
      61
      51
      46
      52
      46
      48
      38
      41
      33
      34
      42
      60
      37
      33
      32
      47
      34
      38
      35
      32
      34
      42
      31
      34
      33
      28
      35
      41
      36
      30
      36
      38
      36
      37
      39
      41
      41
      33
      31
      32
      39
      43
      46
      48
      40
      38
      44
      43
      31
      28
      32
      38
      33
      33
      40
      37
      37
      36
      39
      39
      40
      45
      41
      41
      31
      40
      30
      38
      32
      34
      35
      38
      36
      42
      32
      32
      27
      25
      30
      40
      41
      34
      42
      40
      26
      40
      29
      30
      31
      41
      54
      43
      25
      27
      31
      35
      27
      35
      31
      29
      35
      36
      43
      38
      21
      43
      39
      26
      28
      22
      24
      33
      28
      38
      31
      39
      33
      37
      51
      33
      36
      21
      29
      25
      34
      27
      36
      30
      28
      41
      27
      40
      22
      39
      34
      43
      42
      39
      29
      35
      41
      39
      28
      29
      39
      41
      28
      47
      30
      44
      30
      29
      38
      42
      32
      27
      39
      32
      39
      28
      36
      29
      40
      38
      23
      33
      41
      32
      29
      38
      30
      32
      36
      27
      32
      35
      27
      28
      29
      26
      35
      37
      35
      37
      22
      33
      28
      33
      25
      37
      41
      30
      28
      28
      34
      19
      26
      23
      29
      22
      29
      37
      28
      25
      30
      28
      30
      34
      29
      30
      30
      32
      28
      31
      29
      33
      38
      28
      35
      24
      22
      26
      26
      29
      23
      33
      31
      32
      32
      27
      32
      34
      32
      28
      27
      25
      36
      32
      30
      43
      26
      33
      28
      31
      24
      31
      32
      29
      29
      23
      25
      26
      22
      35
      22
      15
      28
      33
      26
      25
      27
      24
      31
      28
      30
      40
      17
      19
      21
      30
      21
      26
      38
      22
      30
      27
      23
      30
      38
      27
      22
      30
      34
      23
      28
      28
      20
      27
      30
      34
      24
      25
      24
      31
      39
      26
      30
      20
      23
      25
      24
      24
      25
      28
      36
      22
      28
      18
      30
      28
      30
      21
      29
      32
      34
      22
      34
      21
      25
      16
      26
      26
      24
      18
      28
      27
      27
      21
      14
      23
      24
      22
      25
      23
      26
      32
      34
      32
      22
      22
      24
      17
      24
      24
      24
      19
      31
      24
      27
      26
      17
      28
      25
      21
      25
      25
      24
      29
      22
      22
      34
      25
      22
      25
      23
      27
      29
      21
      28
      17
      20
      21
      18
      16
      17
      27
      19
      24
      27
      24
      20
      18
      34
      24
      24
      18
      26
      31
      32
      29
      21
      23
      23
      20
      19
      25
      21
      19
      25
      28
      17
      22
      15
      20
      24
      20
      24
      19
      19
      19
      25
      29
      19
      21
      15
      15
      21
      13
      18
      20
      18
      20
      18
      26
      20
      18
      14
      14
      21
      21
      21
      12
      28
      15
      11
      20
      30
      19
      13
      21
      17
      14
      20
      17
      19
      25
      24
      23
      22
      17
      28
      16
      21
      17
      17
      21
      25
      13
      21
      16
      10
      11
      11
      14
      16
      20
      22
      23
      28
      14
      14
      17
      13
      13
      18
      22
      20
      17
      23
      18
      23
      15
      19
      13
      23
      11
      13
      13
      13
      22
      12
      17
      20
      26
      19
      10
      14
      14
      16
      23
      21
      15
      15
      18
      15
      18
      19
       8
       7
      16
      15
      17
      16
       9
      14
      15
      19
      16
      14
      12
      10
      17
      16
      15
      16
       6
      16
      17
      23
      17
      14
      18
      18
      20
      20
      13
      12
      18
      23
      12
      14
      15
       5
      15
      15
      20
      21
      21
      13
      25
      16
      18
      21
      12
      22
      21
      17
      20
      22
      21
      15
      19
      18
      24
      25
      13
      18
      23
      28
      18
      19
      22
      26
      15
      27
      22
      21
      22
      25
      23
      20
      20
      29
      28
      21
      27
      33
      29
      30
      32
      23
      20
      23
      25
      24
      26
      18
      33
      26
      33
      24
      24
      36
      28
      37
      38
      27
      41
      40
      41
      28
      26
      35
      29
      30
      31
      31
      32
      30
      38
      45
      37
      32
      31
      34
      33
      53
      41
      33
      45
      33
      37
      31
      51
      43
      45
      46
      47
      39
      43
      34
      49
      49
      52
      36
      51
      46
      51
      38
      53
      32
      39
      44
      33
      49
      52
      37
      54
      33
      34
      56
      46
      50
      67
      55
      49
      53
      50
      59
      30
      46
      50
      42
      44
      47
      47
      44
      47
      53
      50
      55
      55
      34
      63
      39
      42
      50
      52
      42
      29
      50
      44
      41
      29
      50
      36
      41
      31
      27
      37
      44
      37
      43
      33
      29
      24
      34
      43
      27
      24
      29
      31
      40
      31
      33
      33
      18
      30
      28
      23
      27
      31
      22
      24
      27
      24
      17
      36
      15
      18
      18
      17
      17
      26
      21
      20
      26
      22
      21
      16
       9
      18
      22
      16
      22
       7
      11
       4
      16
      16
      12
      14
      13
      12
      12
      10
      10
      15
      12
      11
      10
       9
      11
       9
      15
      15
       7
       8
       9
       4
       4
      13
       5
       7
       9
       9
       6
       9
       3
       8
       7
       7
       4
       5
       7
       2
       3
       6
       7
       4
       8
       5
       7
       5
       5
       6
       6
      10
       0
      11
       5
       6
       6
       5
       8
       8
       2
       4
       5
       4
       3
       6
       2
       1
       1
       4
       9
       8
       2
       4
       7
       3
       6
       6
       1
       7
       4
       4
       6
       6
       3
       5
       5
       4
       2
       6
       3
       3
       4
       4
       4
       5
       5
       4
       4
       4
       6
       3
       0
       4
       2
       5
       5
       6
       4
       4
       2
       5
       4
       3
       5
       5
       2
       4
       4
       4
       6
       2
       6
       6
       6
       5
       2
       3
       5
       3
       4
       4
       3
       2
       4
       7
       4
       3
       4
       4
       3
       2
       2
       8
       0
       5
       1
       3
       1
       2
       4
       4
       3
       5
      12
       6
       8
       3
       0
       2
       3
       0
       3
       2
       3
       3
       5
       4
       3
       5
       3
       2
       2
       3
       6
       3
       7
       3
       5
       1
       4
       3
       2
       5
       5
       5
       1
       4
       4
       2
       4
       2
       2
       5
       2
       1
       5
       3
       1
       0
       5
       3
       3
       5
       3
       3
       7
       4
       2
       4
       4
       8
       3
       4
       8
       3
       3
       3
       6
       1
       2
       5
       4
       5
       5
       2
       6
       3
       1
       4
       4
       4
       0
       2
       2
       4
       5
       4
       6
       9
       2
       2
       3
       2
       6
       2
       1
       5
       4
       4
       3
       4
       2
       4
       7
       1
       7
       5
       0
       4
       6
       5
       2
       4
       6
       2
       8
       6
       2
       4
       1
       3
       4
       3
       5
       5
       5
       4
       7
       4
       3
       2
       2
       1
       8
       2
       3
       5
       2
       4
       1
       1
       2
       3
       2
       4
       3
       4
       3
       5
       2
       2
       7
       6
       2
       6
       5
       0
       3
       6
       4
       1
       2
       5
       1
       4
       5
       2
       3
      11
       2
       2
       3
       1
       6
       1
       4
       2
       2
       3
       2
       5
       2
       6
       0
       1
       4
       4
       5
       2
       2
       3
       2
       2
       1
       3
       3
       1
       1
       5
       3
       2
       4
       2
       1
       2
       2
       4
       3
       2
       5
       2
       2
       1
       5
       3
       1
       3
       2
       2
       4
       5
       3
       3
       1
       2
       6
       2
       2
       2
       6
       5
       3
       3
       1
       1
       3
       5
       5
       2
       3
       2
       1
       5
       1
       0
       5
       4
       2
       5
       1
      10
       2
       1
       3
       5
       5
       5
       2
       0
       5
       2
       6
       5
       3
       2
       4
       3
       4
       7
       5
       5
       6
       5
       1
       1
       3
       1
       2
       1
       3
       1
       3
       2
       8
       6
       4
       4
       4
       1
       2
       3
       4
       5
       3
       6
       4
       3
       1
       5
       5
       7
       1
       6
       2
       2
      10
       2
       5
       7
       7
       4
       2
       4
       2
       2
       5
       1
       1
       5
       2
       4
       4
       3
       1
       2
       4
       3
       4
       8
       3
       5
       2
       3
       5
      10
       1
       2
       2
       2
       2
       1
       2
       3
       4
       1
       3
       0
       1
       3
       3
       1
       2
       2
       6
       2
       3
       1
       3
       5
       6
       2
       3
       6
       2
       2
       2
       1
       3
       3
       6
       2
       1
       2
       1
       2
       3
       0
       4
       6
       3
       3
       4
       4
       0
       1
       4
       2
       0
       3
       4
       2
       1
       3
       5
       2
       3
       1
       5
       4
       0
       1
       1
       4
       5
       3
       1
       3
       2
       4
       4
       0
       3
       2
       2
       3
       0
       0
       1
       5
       4
       1
       2
       1
       1
       7
       2
       3
       3
       2
       2
       0
       1
       3
       3
       2
       0
       2
       5
       1
       5
       0
       0
       2
       3
       0
       1
       2
       3
       1
       2
       4
       5
       2
       2
       1
       2
       1
       4
       3
       0
       0
       3
       4
       1
       4
       3
       2
       0
       1
       0
       3
       4
       1
       1
       2
       2
       2
       2
       0
       2
       4
       2
       3
       3
       2
       1
       3
       1
       0
       3
       2
       0
       3
       0
       0
       3
       0
       1
       3
       1
       2
       2
       1
       0
       2
       4
       3
       2
       2
       3
       1
       1
       1
       4
       3
       1
       1
       2
       0
       3
       0
       2
       2
       2
       1
       0
       1
       2
       2
       2
       1
       1
       1
       3
       1
       4
       0
       0
       3
       0
       1
       2
       3
       2
       3
       2
       3
       2
       1
       3
       0
       2
       1
       3
       0
       0
       1
       0
       0
       4
       1
       1
       1
       1
       3
       2
       2
       0
       2
       4
       4
       3
       5
       4
       0
       4
       3
       2
       3
       2
       1
       2
       3
       1
       2
       4
       1
       0
       1
       0
       6
       3
       2
       1
       2
       2
       1
       3
       4
       1
       0
       2
       2
       0
       1
       3
       1
       7
       3
       2
       1
       3
       3
       3
       3
       1
       2
       1
       3
       7
       1
       3
       5
       3
       4
       4
       4
       2
       3
       3
       5
       3
       4
       3
       0
       7
       4
       5
       6
       2
       2
       4
       4
       4
       6
       0
       1
       2
       1
       3
       3
       2
       1
       3
       5
       3
       2
       6
       4
       3
       3
       1
       0
       3
       3
       3
       1
       3
       2
       3
       1
       7
       4
       5
       1
       2
       2
       3
       2
       2
       5
       4
       3
       4
       3
       1
       6
       4
       3
       2
       0
       2
       5
       3
       1
       3
       1
       2
       2
       0
       1
       3
       2
       1
       3
       5
       2
       0
       2
       4
       2
       1
       5
       0
       0
       2
       1
       2
       0
       2
       2
       1
       0
       0
       0
       0
       0
       0
       0
       0
       0
       0
       0
       0
       0
       0
       0
       0
       0
       0
       0
       0
       0
       0
       0
       0
       0
       0
       0
       0
       0
       0
       0
       0
       0
       0
       0
       0
       0
       0
       0
       0
       0
       0
       0
       0
       0
       0
       0
       0
       0
       0
       0
       0
       0
       0
       0
       0
       0
       0
       0
       0
       0
       0
       0
       0
       0
       0
       0
       0
       0
       0
       0
       0
       0
       0
       0
       0
       0
       0
       0
       0
       0
       0
       0
       0
       0
       0
       0
       0
       0
       0
       0
       0
       0
       0
       0
       0
       0
       0
       0
       0
       0
       0
       0
       0
       0
       0
       0
       0
       0
       0
       0
       0
       0
       0
       0
       0
       0
       0
       0
       0
       0
       0
       0
       0
       0
       0
       0
       0
       0
       0
       0
       0
       0
       0
       0
       0
       0
       0
       0
       0
       0
       0
       0
       0
       0
       0
       0
       0
       0
       0
       0
       0
       0
       0
       0
       0
       0
       0
       0
       0
       0
       0
       0
       0
       0
       0
       0
       0
       0
       0
       0
       0
       0
       0
       0
       0
       0
       0
       0
       0
       0
       0
       0
       0
       0
       0
       0
       0
       0
       0
       0
       0
       0
       0
       0
       0
       0
       0
       0
       0
       0
       0
       0
       0
       0
       0
       0
       0
       0
       0
       0
       0
       0
       0
       0
       0
       0
       0
       0
       0
       0
       0
       0
       0
       0
       0
       0
       0
       0
       0
       0
       0
       0
       0
       0
       0
       0
       0
       0
       0
       0
       0
       0
       0
       0
       0
       0
       0
       0
       0
       0
       0
       0
       0
       0
       0
       0
       0
       0
       0
       0
       0
       0
       0
       0
       0
       0
       0
       0
       0
       0
       0
       0
       0
       0
$ROI:
1
849 850
$PRESETS:
Live Time
999999
0
$ENER_FIT:
0.000000 0.749264
$MCA_CAL:
3
0.000000E+000 7.492638E-001 0.000000E+000 keV
$SHAPE_CAL:
3
0.000000E+000 0.000000E+000 0.000000E+000
