$SPEC_ID:
none
$SPEC_REM:
DET# 1
DETDESC# GRAD-LAB Easy-MCA-2k SN 14163589
AP# Maestro Version 7.01
$DATE_MEA:
09/21/2016 12:38:30
$MEAS_TIM:
450 451
$DATA:
0 2047
       0
       0
       0
       0
       0
       0
       0
       0
       0
       0
       0
       0
       0
       0
       0
       0
       0
       2
      20
      17
      13
      25
      22
      25
      20
      25
      17
      26
      19
      20
      20
      24
      17
      20
      20
      22
      19
      30
      28
      25
      24
      26
      22
      24
      27
      20
      26
      25
      26
      21
      32
      35
      31
      18
      41
      37
      35
      35
      30
      34
      30
      38
      31
      38
      28
      29
      28
      31
      31
      30
      26
      21
      37
      25
      34
      31
      40
      47
      39
      36
      36
      35
      48
      41
      37
      31
      43
      39
      54
      64
      43
      34
      39
      46
      30
      40
      45
      35
      39
      31
      32
      51
      35
      40
      41
      50
      41
      36
      39
      52
      54
      55
      52
      68
      56
      60
      49
      57
      62
      77
      50
      86
      87
     112
     112
      99
     139
     150
     128
     151
     155
     189
     183
     192
     178
     176
     167
     207
     208
     207
     157
     152
     142
     184
     177
     140
     160
     144
     141
     144
     130
     133
     129
     108
     119
     122
     123
     118
     107
     136
      96
      96
      84
      82
      62
      74
      75
      78
      78
      73
      62
      67
      65
      58
      53
      69
      62
      57
      64
      65
      63
      77
      62
      72
      65
      59
      60
      71
      62
      68
      67
      72
      68
      68
      55
      66
      66
      63
      53
      70
      71
      64
      87
      69
      69
      85
      67
      76
      57
      60
      83
      77
      75
      50
      65
      70
      57
      68
      77
      68
      49
      53
      67
      83
      68
      54
      65
      62
      87
      61
      55
      61
      65
      87
      67
      64
      72
      56
      67
      56
      68
      55
      58
      70
      55
      56
      53
      64
      51
      58
      77
      70
      78
      63
      45
      62
      59
      64
      64
      68
      68
      60
      80
      61
      51
      59
      71
      60
      55
      62
      58
      84
      68
      62
      58
      69
      70
      60
      59
      70
      67
      80
      56
      75
      71
      69
      67
      80
      80
      64
      67
      55
      65
      58
      65
      59
      75
      84
      75
      67
      73
      67
      65
      66
      57
      85
      72
      71
      79
      64
      77
      69
      48
      91
      63
      82
      64
      57
      66
      67
      59
      63
      73
      68
      79
      64
      85
      55
      58
      69
      71
      75
      63
      69
      64
      74
      73
      95
      73
      73
      86
      69
      59
      65
      62
      76
      71
      63
      76
      77
      68
      55
      74
      59
      54
      73
      53
      72
      94
      65
      57
      75
      65
      59
      68
      63
      61
      78
      68
      78
      72
      54
      69
      64
      57
      64
      61
      56
      75
      69
      60
      48
      52
      61
      61
      59
      64
      74
      60
      55
      48
      67
      63
      64
      65
      57
      58
      65
      60
      48
      65
      59
      66
      60
      46
      62
      46
      69
      56
      64
      68
      62
      58
      71
      54
      62
      62
      58
      53
      63
      56
      65
      50
      63
      76
      50
      59
      54
      52
      64
      60
      58
      47
      49
      52
      66
      62
      43
      55
      42
      72
      61
      44
      64
      60
      56
      43
      45
      45
      52
      56
      63
      58
      44
      54
      56
      39
      59
      56
      43
      41
      42
      40
      43
      48
      55
      62
      60
      60
      62
      49
      53
      52
      46
      46
      46
      62
      57
      45
      54
      56
      51
      55
      59
      67
      53
      60
      40
      53
      55
      51
      57
      58
      53
      56
      42
      46
      50
      49
      46
      50
      50
      59
      57
      38
      59
      51
      55
      61
      56
      52
      37
      55
      48
      51
      44
      52
      58
      65
      49
      48
      47
      44
      61
      43
      58
      54
      48
      39
      54
      49
      64
      51
      49
      46
      50
      54
      44
      56
      60
      40
      48
      56
      51
      55
      56
      52
      47
      55
      49
      59
      58
      50
      53
      56
      46
      53
      43
      41
      42
      52
      47
      54
      62
      45
      51
      47
      50
      52
      52
      47
      55
      46
      50
      39
      50
      51
      41
      47
      50
      50
      51
      46
      53
      52
      55
      50
      46
      48
      52
      48
      46
      51
      47
      52
      46
      54
      49
      50
      46
      42
      58
      43
      54
      55
      41
      40
      44
      49
      52
      45
      46
      41
      48
      43
      48
      50
      48
      48
      46
      37
      52
      45
      45
      41
      47
      49
      46
      49
      48
      45
      51
      38
      43
      46
      42
      43
      43
      42
      52
      50
      51
      47
      53
      54
      58
      40
      42
      36
      44
      52
      38
      59
      61
      43
      61
      49
      48
      42
      45
      46
      43
      44
      46
      36
      46
      48
      49
      52
      52
      38
      60
      47
      42
      55
      50
      55
      54
      52
      55
      60
      46
      52
      46
      57
      54
      45
      55
      42
      55
      53
      55
      47
      39
      49
      71
      38
      52
      62
      70
      49
      61
      57
      53
      53
      52
      62
      56
      43
      57
      54
      60
      67
      49
      67
      63
      58
      56
      49
      76
      60
      63
      70
      67
      70
      68
      73
      68
      83
      77
      87
      75
      77
      68
      78
      79
      71
      72
      71
      70
      75
      81
      73
      90
      85
      89
      80
      83
      73
      68
      72
      72
      88
      87
      71
      78
      85
      53
      89
      83
      82
      92
      73
      89
      79
      73
      88
      98
      70
      65
      66
      91
      85
      80
      75
      69
      82
      73
      83
      82
      82
      87
      98
      77
      76
      94
      84
      74
      67
      81
      85
      76
      74
      79
      75
      92
      71
      69
      88
      92
      86
      76
      76
      79
      74
      77
      72
      90
      59
      77
      78
      81
      83
      73
      59
      60
      55
      66
      78
      64
      85
      75
      67
      64
      61
      62
      56
      71
      64
      55
      68
      58
      49
      61
      56
      59
      54
      48
      52
      51
      50
      42
      51
      45
      49
      56
      46
      48
      43
      46
      44
      42
      50
      49
      45
      47
      39
      45
      41
      32
      37
      34
      28
      44
      31
      39
      38
      32
      33
      28
      34
      39
      35
      29
      21
      32
      21
      35
      37
      23
      28
      27
      30
      28
      30
      23
      25
      18
      22
      25
      24
      15
      23
      25
      15
      17
      15
      23
      17
      16
      21
      17
      18
      18
      14
      17
      26
      13
      11
      18
      11
      11
      21
      13
      10
      12
      12
      13
      10
      17
      11
      14
      10
      12
       8
      18
      17
      12
       8
      13
      11
       9
       7
      11
      12
      12
      10
       2
      16
      15
       8
       5
       5
       8
       9
       4
      10
       9
      11
       5
       5
      10
       7
      10
      10
       5
      12
       6
       8
       6
       8
       5
       8
       8
       9
       3
       8
       7
       5
       7
       6
       4
       9
       4
       5
       9
       3
       7
       4
       8
       4
       8
       5
       9
       7
       4
       4
       8
      10
       6
       3
      10
       6
      10
       9
       4
       4
       8
       9
       6
      10
       7
       7
       7
       5
      12
       4
       5
       9
      11
       3
       3
       9
       4
       8
       3
      11
       6
       5
      10
       4
       5
       4
       7
       7
       8
       7
      10
      10
       6
       2
      11
      10
       3
       5
       6
       9
       5
       4
      10
       5
       3
       4
       5
       3
       7
       2
       5
       7
      14
       8
       3
       5
       4
       4
       2
       6
      12
       7
       7
       6
       5
       6
       7
       6
       3
       8
       9
       0
      11
       2
       5
       6
       8
       6
       5
       7
       4
       8
       9
       7
       6
       9
       6
       2
       9
       7
       3
       6
       4
      11
       7
      11
      10
       5
       4
       3
       9
       8
       9
       7
       6
       5
       4
       3
       3
       6
       4
       4
       5
       4
       6
       5
       6
       7
       7
       5
       4
       6
       7
       6
       8
      10
       6
       3
       4
       7
       7
       7
       6
       5
       3
       5
       5
       5
       8
       2
       7
       8
       5
       7
       3
       7
       5
       9
       6
      11
       4
       9
       8
       6
       3
       5
       7
       6
       9
       6
       9
       9
       7
       8
       9
       9
       5
       5
       4
       4
       6
       4
       4
       3
       3
       9
       3
       8
       8
       5
       7
       5
       3
       5
       7
       6
       4
       3
       7
      11
       9
       7
       7
       8
      11
       5
       5
      10
       6
       6
       6
       4
       5
       5
       8
       3
       5
      10
       3
       8
       5
       9
       5
       7
       6
       7
       4
       5
       3
       6
       6
      10
       5
       6
       7
       5
       9
       6
       7
       5
       6
       2
       3
       7
       7
       4
       5
       8
       4
       5
       6
       9
      11
       7
       3
       6
       9
       5
       5
       2
       6
      10
       9
       7
       4
       4
       5
       6
       5
       3
       6
       4
       6
       5
       4
       6
       8
       7
       4
       4
       4
       3
       6
       2
       6
       7
       8
       2
       6
       9
       8
       6
       3
       5
       5
       9
       3
       7
       3
      12
       4
       4
       3
      10
       5
       8
       8
       7
       3
       7
       5
       8
       2
       4
       2
       6
       9
       6
       6
       8
       8
       7
       7
       6
       4
       5
       3
       7
       3
       7
       2
       9
       4
       4
       8
       1
       8
       9
       4
      12
       5
       4
       4
       6
       4
       9
       7
       6
       5
      11
       7
       7
       6
       4
       4
       4
       2
       5
       4
       6
       6
       5
      10
       5
       8
      12
       6
       5
       9
       7
       9
       7
       9
       5
       7
       7
       8
       5
       8
       6
       6
       5
       6
       8
       4
       6
       6
       5
      10
       4
       7
       9
       6
       5
       4
       6
       8
      10
       8
       4
       3
       4
       7
       9
       4
       8
       8
       5
       2
      11
       7
       9
       7
      10
       5
       8
       7
       7
       2
       7
       5
       5
       4
       6
       4
       7
       6
       7
       6
       7
       6
      11
       7
       9
       7
       8
       5
       5
       3
       2
       8
       5
      10
       6
       2
       8
       6
       5
       3
       4
       9
       5
       4
       3
       1
       5
       4
       2
       5
       4
       5
       3
       6
       6
       4
       1
       4
       5
       5
       2
       4
       7
       6
       6
       5
       2
      10
       4
       5
       3
       0
       3
       2
       3
       7
       6
       5
       4
       2
       5
       4
       4
       5
       2
       3
       3
       1
       6
       4
       7
       3
       2
       3
       4
       5
       2
       3
       4
       5
       6
       3
       5
       4
       8
       4
       5
       5
       6
       3
       4
       3
       3
       2
       7
       1
       9
       6
       2
       5
       1
       3
       2
       2
       5
       4
       3
       5
       4
       2
       5
       7
       5
       6
       9
       4
       1
       5
       3
       4
       7
       4
       5
       5
       6
       5
       3
       4
       2
       6
       6
       4
       3
       3
       4
       5
       4
       4
       4
       7
       7
       3
       5
       4
       4
       1
       7
       3
       0
       3
       3
       5
       6
       7
       4
       7
       6
       2
       3
       6
      10
       7
       4
       5
       1
       3
       3
       3
       4
       3
       4
       0
       4
       6
       7
       4
       7
       5
       3
       4
       3
       4
       8
       4
       1
       9
       2
       5
       6
       3
       2
       4
       5
       4
       3
       4
      10
       3
       1
       6
       4
       3
       5
       3
       1
       7
       7
       4
       6
       4
       4
       6
       5
       2
       3
       7
       2
       0
       1
       4
       5
       6
       8
       1
       1
       4
       9
       4
       3
       1
       4
       2
       3
       4
       2
       2
       2
       5
       2
       5
       2
       3
       5
       3
       6
       4
       1
       2
       6
       3
       4
       2
       5
       1
       6
       3
       2
       2
       5
       3
       4
       3
       2
       0
       2
       3
       5
       2
       1
       7
       4
       2
       5
       4
       6
       3
       4
       2
       6
       2
       3
       4
       3
       4
       4
       4
       2
       4
       4
       6
       2
       0
       5
       3
       5
       6
       3
       5
       0
       1
       3
       3
       1
       2
       3
       2
       3
       2
       1
       3
       4
       2
       4
       4
       1
       3
       2
       5
       3
       2
       3
       2
       3
       2
       1
       3
       2
       2
       4
       1
       2
       2
       4
       2
       1
       1
       1
       0
       6
       1
       4
       0
       0
       2
       3
       1
       4
       1
       2
       5
       4
       1
       2
       0
       3
       3
       1
       0
       0
       1
       1
       0
       0
       0
       0
       0
       0
       0
       0
       0
       0
       0
       0
       0
       0
       0
       0
       0
       0
       0
       0
       0
       0
       0
       0
       0
       0
       0
       0
       0
       0
       0
       0
       0
       0
       0
       0
       0
       0
       0
       0
       0
       0
       0
       0
       0
       0
       0
       0
       0
       0
       0
       0
       0
       0
       0
       0
       0
       0
       0
       0
       0
       0
       0
       0
       0
       0
       0
       0
       0
       0
       0
       0
       0
       0
       0
       0
       0
       0
       0
       0
       0
       0
       0
       0
       0
       0
       0
       0
       0
       0
       0
       0
       0
       0
       0
       0
       0
       0
       0
       0
       0
       0
       0
       0
       0
       0
       0
       0
       0
       0
       0
       0
       0
       0
       0
       0
       0
       0
       0
       0
       0
       0
       0
       0
       0
       0
       0
       0
       0
       0
       0
       0
       0
       0
       0
       0
       0
       0
       0
       0
       0
       0
       0
       0
       0
       0
       0
       0
       0
       0
       0
       0
       0
       0
       0
       0
       0
       0
       0
       0
       0
       0
       0
       0
       0
       0
       0
       0
       0
       0
       0
       0
       0
       0
       0
       0
       0
       0
       0
       0
       0
       0
       0
       0
       0
       0
       0
       0
       0
       0
       0
       0
       0
       0
       0
       0
       0
       0
       0
       0
       0
       0
       0
       0
       0
       0
       0
       0
       0
       0
       0
       0
       0
       0
       0
       0
       0
       0
       0
       0
       0
       0
       0
       0
       0
       0
       0
       0
       0
       0
       0
       0
       0
       0
       0
       0
       0
       0
       0
       0
       0
       0
       0
       0
       0
       0
       0
       0
       0
       0
       0
       0
       0
       0
       0
       0
       0
       0
       0
       0
       0
       0
       0
       0
       0
       0
       0
       0
       0
       0
       0
$ROI:
1
849 850
$PRESETS:
Live Time
999999
0
$ENER_FIT:
0.000000 0.749264
$MCA_CAL:
3
0.000000E+000 7.492638E-001 0.000000E+000 keV
$SHAPE_CAL:
3
0.000000E+000 0.000000E+000 0.000000E+000
