$SPEC_ID:
none
$SPEC_REM:
DET# 1
DETDESC# GRAD-LAB Easy-MCA-2k SN 14163589
AP# Maestro Version 7.01
$DATE_MEA:
09/19/2016 12:39:53
$MEAS_TIM:
1288 1288
$DATA:
0 2047
       0
       0
       1
       0
       0
       1
       2
       0
       1
       1
       3
       5
       3
       9
      22
      48
     113
     252
     312
     294
     286
     234
     205
     169
     165
     141
     140
     125
     106
     118
     106
      93
      85
      88
      79
      57
      69
      62
      51
      64
      53
      54
      53
      49
      51
      49
      49
      58
      36
      58
      53
      54
      52
      57
      67
      50
      54
      60
      41
      56
      55
      44
      59
      54
      54
      46
      43
      32
      39
      47
      38
      44
      37
      58
      46
      41
      57
      49
      61
      54
      48
      50
      58
      57
      44
      47
      56
      58
      64
      67
      52
      55
      61
      55
      68
      70
      62
      50
      48
      72
      67
      64
      71
      73
      67
      65
      82
      72
      83
      64
      86
      78
      77
      98
     100
      87
      90
     112
     122
     118
     131
     134
     142
     160
     159
     159
     162
     153
     157
     200
     187
     178
     193
     180
     173
     176
     180
     171
     168
     179
     191
     188
     188
     190
     175
     174
     170
     163
     171
     166
     164
     163
     157
     148
     137
     184
     146
     120
     153
     144
     151
     127
     129
     126
     123
     121
     128
     137
     106
     116
     118
     149
     127
     112
     124
     115
     123
     122
     135
     116
     133
     148
     129
     119
     123
     144
     118
     119
     157
     126
     135
     134
     109
     126
     124
     129
     115
     136
     131
     116
     126
     123
     136
     140
     117
     137
     132
     145
     129
     113
     131
     136
     122
     132
     119
     142
     120
     117
     135
     117
     130
     103
     143
     147
     125
     116
     114
     126
     128
     117
     121
     127
     107
     121
     122
     127
     117
     103
     131
     108
     130
     130
     114
     107
     110
     122
     114
     121
     128
     108
      99
     109
     112
     120
     121
     109
     107
     120
     124
     113
     104
     115
     110
     113
     103
     102
     104
      95
     108
      94
     103
     119
     124
     104
     114
     112
      93
      98
      96
     121
     105
      99
      93
      98
     105
     117
     114
     104
      97
     113
      87
      94
      87
      92
      86
     100
      80
     107
      98
      91
      89
      76
      85
      87
      93
      85
     108
      77
      91
      95
      96
      93
     101
      84
      92
      71
      79
     105
      82
      81
      83
      85
      93
      66
      92
      84
      88
      79
      64
      74
      78
      93
      86
      77
      80
      91
      74
      89
      88
      65
      76
      93
      80
      67
      92
      70
      98
      89
      76
      94
      96
      75
      82
      88
      68
      87
      78
      78
      84
      59
      79
      72
      69
      69
      69
      74
      82
      81
      86
      72
      77
      91
      75
      80
      87
      80
      76
      71
      71
      53
      72
      80
      92
      74
      55
      70
      60
      74
      67
      79
      78
      74
      74
      88
      68
      72
      61
      62
      62
      67
      63
      78
      66
      61
      62
      61
      78
      81
      73
      56
      78
      67
      64
      69
      60
      78
      73
      72
      62
      64
      64
      68
      66
      58
      63
      73
      76
      62
      70
      66
      78
      57
      60
      60
      66
      73
      71
      56
      73
      53
      89
      59
      49
      67
      68
      78
      70
      80
      79
      68
      58
      58
      69
      84
      83
      77
      78
      71
      73
      84
      86
      72
      94
      65
      74
      88
      65
      75
      85
      71
      79
      83
      91
      77
      95
      90
      90
     103
      81
      97
      86
      93
      92
     105
      99
      81
      92
     106
      93
     135
     101
     103
     103
     108
     110
     116
     105
     106
     103
     122
     114
     111
     121
     111
     110
     123
     122
      91
     123
     115
     120
     119
     113
     107
     122
     103
     114
     128
     137
     130
     137
     121
     118
     123
     116
     131
     115
     113
     116
     114
     109
     121
     108
     128
     119
     130
     120
     107
     123
     115
     121
     131
     100
     117
     112
     122
      91
      95
      93
      96
      93
     103
     107
     104
      94
      92
      99
      76
      98
      95
      90
     107
      65
      88
      90
      85
      87
      68
      79
      76
      80
      78
      65
      65
      77
      65
      76
      70
      59
      63
      60
      65
      56
      63
      57
      56
      55
      58
      49
      63
      60
      59
      41
      46
      47
      52
      49
      47
      45
      52
      50
      48
      44
      47
      42
      45
      51
      55
      40
      42
      26
      23
      33
      34
      27
      34
      28
      32
      31
      36
      31
      24
      38
      36
      28
      38
      34
      27
      32
      40
      22
      31
      22
      35
      23
      30
      23
      25
      33
      31
      23
      21
      38
      30
      17
      35
      27
      23
      35
      24
      28
      21
      29
      31
      28
      31
      23
      29
      32
      29
      33
      24
      30
      27
      21
      30
      30
      39
      24
      17
      26
      27
      19
      19
      29
      24
      25
      22
      22
      21
      25
      22
      32
      22
      19
      26
      24
      26
      24
      27
      25
      29
      19
      25
      22
      18
      22
      21
      23
      22
      25
      22
      27
      15
      30
      15
      22
      19
      19
      24
      25
      32
      20
      29
      20
      18
      23
      16
      21
      26
      28
      30
      21
      15
      21
      27
      27
      20
      24
      36
      13
      19
      12
      24
      29
      32
      28
      28
      27
      26
      30
      26
      26
      20
      12
      17
      19
      21
      19
      21
      33
      16
      25
      23
      26
      28
      23
      21
      25
      15
      16
      27
      27
      22
      20
      24
      29
      28
      24
      34
      19
      23
      24
      24
      23
      27
      15
      17
      20
      26
      22
      25
      17
      22
      23
      17
      23
      17
      19
      26
      22
      20
      20
      25
      15
      20
      29
      19
      23
      22
      24
      17
      18
      25
      15
      23
      24
      23
      25
      21
      28
      22
      17
      18
      15
      23
      21
      29
      19
      19
      19
      22
      19
      28
      30
      19
      21
      26
      17
      28
      21
      31
      26
      24
      24
      18
      24
      33
      20
      25
      17
      27
      23
      21
      22
      19
      22
      28
      22
      22
      18
      18
      22
      24
      23
      19
      20
      25
      26
      26
      22
      16
      13
      21
      19
      18
      22
      25
      16
      14
      17
      26
      20
      19
      16
      12
      13
      18
      21
      29
      29
      15
      21
      13
      18
      22
      22
      13
      18
      21
      19
      22
      14
      17
      23
      16
      11
      18
      15
      10
      19
      18
      12
      13
      18
      15
      14
      24
      16
      26
      15
      17
      19
      17
      16
      19
      26
       9
      13
      14
      13
      20
      10
      24
      14
      17
      22
      17
      15
      18
      16
      15
      17
      17
      18
      13
      13
      20
       9
      14
      10
      16
      19
      14
      15
      14
      14
      16
      15
      22
      11
      12
      23
      11
      21
      15
      12
      17
      11
      18
      14
      13
      17
      22
      14
      15
      10
      15
       9
      15
      16
      17
      12
      16
      15
      16
      13
      14
       9
      18
      18
       8
      24
      16
      10
       9
      18
      24
      20
      14
      18
      22
      17
      17
      18
      14
       8
      16
      12
      13
      13
       8
      10
      11
      14
      10
      14
      15
      11
      13
      13
      17
       9
      13
      15
      15
      15
       7
      16
      10
      13
      13
      11
      12
      18
      16
      12
      10
      17
      13
      12
       7
      17
      13
      14
      14
      14
      10
      11
      12
      11
      16
      10
      11
      20
      15
      17
       7
       8
      12
      17
       9
       9
      14
      17
      16
      13
      12
       8
      18
      18
      14
      11
      14
      16
      15
      11
      10
      10
      14
      14
      17
       6
       8
      12
      18
      20
       6
      14
      14
      10
      12
       9
       8
      15
      19
      11
      15
      12
      13
      15
      12
      14
      19
      14
      16
      21
      17
      16
      13
      10
      13
      12
      14
      19
      13
      12
      11
      10
       9
      19
      16
      13
      21
       9
      10
      10
      16
      12
      11
       8
      11
      19
      12
      11
      13
      23
      14
      12
      14
      14
      13
      11
      13
      11
      16
      12
      11
      13
       6
      10
      12
      11
      12
       9
      21
      14
      10
      12
       9
       9
      14
      10
      14
       9
      10
      16
       9
       5
      13
      15
      10
      14
      16
      19
      18
       9
      16
      15
      12
      14
      12
       8
      22
       5
      14
      12
      13
      14
      10
      17
      11
      19
       9
      13
      14
      15
       9
       5
      13
      18
      10
      14
      12
      11
      12
      14
      12
      11
      12
      10
       4
      16
       9
      12
      13
      13
       6
      11
      13
      15
      14
      11
      17
      10
      10
      14
       8
      13
       9
      13
       9
      19
      14
       8
       8
      14
      13
       6
      10
       9
      10
      15
      11
       8
       8
       9
      11
      14
      14
       8
      11
       7
      13
      10
      12
      20
      15
      14
      12
      14
      12
      11
       8
      16
      14
      11
      15
      10
      13
      14
       9
      20
      13
      10
      14
       6
       8
       7
      13
      13
      12
      13
      18
      14
      11
      13
      10
      16
      18
      10
       8
      14
      12
      14
       9
       9
      10
       9
      13
      12
       7
       9
      12
      11
      14
      13
      14
       8
      11
      16
      15
      14
      16
       8
       8
      10
      11
       6
      13
      23
       9
       7
       6
      11
       6
      11
      12
      10
      10
      15
      10
      10
      14
       6
       6
      13
      12
       8
      15
      14
      14
      10
       7
      13
      12
      15
       8
      11
       5
      10
       5
      10
       7
      13
      12
      10
       7
       8
      10
      16
       9
       5
       6
       9
       8
       5
      14
      12
      12
      10
       5
       9
       5
       7
      14
      10
      11
       8
       9
       7
      11
       5
       7
       6
      11
      12
       9
       9
      10
       8
      10
       7
      14
      10
       8
      11
      15
      12
       4
       8
      15
      11
      10
      10
      11
       5
      11
       9
      14
       8
       9
       8
      11
       9
      10
       7
       8
       7
      10
       6
       8
      11
       9
       7
       5
      10
       6
       3
       3
       6
       9
       9
      12
       7
       6
       7
       8
       8
       7
      10
      14
       5
      12
       4
       8
       4
      10
      11
       7
       7
       5
       8
       2
      14
       3
       6
       3
       5
       7
       3
      10
       7
       5
       8
       8
      11
       6
       9
      10
       9
       4
       9
      12
       3
       5
      11
      10
       6
       4
       4
       7
      10
       7
       6
       6
       9
       5
       3
       5
       6
       4
       9
       5
      10
       5
       1
       6
       4
       8
       0
      11
       7
       6
       8
       8
       6
       7
       7
       7
       7
       4
       8
       6
      12
       8
       6
       4
       7
       6
       9
       4
       6
       5
      11
       7
       9
       3
       8
       8
       4
      12
       8
      10
       2
       9
      10
       9
       7
       9
       9
      10
       9
       5
      10
       8
       8
      13
       6
       9
       4
      10
      10
       4
       8
       4
       6
       8
       9
       5
      10
      14
      10
       6
       7
       9
      18
       8
       8
       8
      13
      11
       6
       6
      12
       8
      12
      10
       9
       7
       9
      13
      14
      10
      13
      12
      14
      13
       8
       9
      23
       6
      12
      19
      13
       8
      12
      13
       9
      14
       9
      10
       9
      10
      12
       5
      14
      11
      10
       7
       9
      10
       8
      11
      13
      17
       5
      13
      12
      14
      11
       7
      15
      10
      11
       8
      12
      10
      15
      17
      12
       8
      10
      11
      12
      17
       7
       8
      14
       7
      11
       8
       7
       9
      12
      11
       8
      16
      13
       6
      10
       9
      12
      13
       6
      10
      10
       8
      11
       7
       6
       6
       9
       8
       7
       4
       7
      11
       9
      12
      10
      14
       7
       7
       9
       8
      11
       8
       3
       6
       5
       7
       5
       7
       8
       7
      10
       8
       5
       7
       7
       6
       4
      11
       9
       4
      10
       8
       2
       7
       7
       4
       2
       5
       5
      13
       5
       9
       3
       3
       8
       5
       5
       1
      10
       7
       2
       6
       5
       7
       9
       5
       1
      12
       4
       3
       9
       5
       5
       8
       1
       3
       3
       2
       3
       4
       3
       3
       1
       7
       4
       7
       3
       4
       7
       3
       5
       5
       5
       3
       4
       4
       6
       4
       1
       4
       1
       5
       5
       7
       2
       2
       6
       4
       4
       7
       4
       4
       5
       3
       5
       4
       1
       6
       3
       3
       3
       6
       4
       1
       4
       0
       4
       1
       2
       2
       2
       1
       0
       0
       0
       0
       0
       0
       0
       0
       0
       0
       0
       0
       0
       0
       0
       0
       0
       0
       0
       0
       0
       0
       0
       0
       0
       0
       0
       0
       0
       0
       0
       0
       0
       0
       0
       0
       0
       0
       0
       0
       0
       0
       0
       0
       0
       0
       0
       0
       0
       0
       0
       0
       0
       0
       0
       0
       0
       0
       0
       0
       0
       0
       0
       0
       0
       0
       0
       0
       0
       0
       0
       0
       0
       0
       0
       0
       0
       0
       0
       0
       0
       0
       0
       0
       0
       0
       0
       0
       0
       0
       0
       0
       0
       0
       0
       0
       0
       0
       0
       0
       0
       0
       0
       0
       0
       0
       0
       0
       0
       0
       0
       0
       0
       0
       0
       0
       0
       0
       0
       0
       0
       0
       0
       0
       0
       0
       0
       0
       0
       0
       0
       0
       0
       0
       0
       0
       0
       0
       0
       0
       0
       0
       0
       0
       0
       0
       0
       0
       0
       0
       0
       0
       0
       0
       0
       0
       0
       0
       0
       0
       0
       0
       0
       0
       0
       0
       0
       0
       0
       0
       0
       0
       0
       0
       0
       0
       0
       0
       0
       0
       0
       0
       0
       0
       0
       0
       0
       0
       0
       0
       0
       0
       0
       0
       0
       0
       0
       0
       0
       0
       0
       0
       0
       0
       0
       0
       0
       0
       0
       0
       0
       0
       0
       0
       0
       0
       0
       0
       0
       0
       0
       0
       0
       0
       0
       0
       0
       0
       0
       0
       0
       0
       0
       0
       0
       0
       0
       0
       0
       0
       0
       0
       0
       0
       0
       0
       0
       0
       0
       0
       0
       0
       0
       0
       0
       0
       0
       0
       0
       0
       0
       0
       0
       0
       0
       0
       0
       0
       0
       0
$ROI:
1
849 850
$PRESETS:
Live Time
999999
0
$ENER_FIT:
0.000000 0.749264
$MCA_CAL:
3
0.000000E+000 7.492638E-001 0.000000E+000 keV
$SHAPE_CAL:
3
0.000000E+000 0.000000E+000 0.000000E+000
