$SPEC_ID:
none
$SPEC_REM:
DET# 1
DETDESC# GRAD-LAB Easy-MCA-2k SN 14163589
AP# Maestro Version 7.01
$DATE_MEA:
09/19/2016 14:02:07
$MEAS_TIM:
2714 2715
$DATA:
0 2047
       0
       0
       0
       0
       0
       0
       0
       0
       0
       0
       0
       0
       1
       0
       0
       1
       0
      12
      46
      51
      42
      46
      45
      41
      56
      49
      48
      62
      45
      43
      39
      54
      42
      48
      53
      39
      50
      46
      40
      50
      45
      53
      57
      59
      47
      60
      64
      64
      61
      76
      83
      78
      97
      90
      99
      71
      84
     100
     108
      64
      79
      78
      84
      93
      62
      82
      70
      82
      65
      58
      76
      72
      89
      79
      83
      81
     102
      93
      82
     104
      96
     102
     110
     100
     122
     103
     108
     119
     114
     109
     107
     127
     118
     120
     118
     111
     114
     122
     125
     131
     131
     124
     142
     155
     134
     160
     179
     164
     170
     180
     210
     179
     211
     238
     202
     229
     244
     264
     278
     286
     310
     327
     343
     326
     344
     378
     356
     395
     440
     409
     426
     404
     408
     405
     425
     389
     400
     384
     377
     399
     424
     353
     361
     370
     355
     356
     380
     340
     359
     350
     348
     329
     319
     319
     300
     334
     332
     320
     315
     318
     311
     330
     275
     321
     281
     303
     277
     268
     273
     290
     310
     265
     310
     278
     272
     240
     250
     264
     266
     253
     234
     289
     278
     262
     261
     240
     278
     262
     265
     284
     253
     258
     250
     267
     257
     280
     271
     268
     265
     271
     292
     276
     276
     294
     287
     262
     297
     284
     296
     284
     309
     280
     285
     289
     286
     290
     299
     284
     312
     339
     296
     310
     272
     290
     297
     283
     315
     260
     305
     321
     295
     258
     297
     294
     267
     277
     292
     283
     260
     273
     247
     281
     259
     267
     271
     306
     235
     270
     272
     260
     295
     269
     305
     264
     240
     266
     256
     255
     235
     262
     257
     253
     241
     256
     255
     215
     246
     236
     259
     252
     243
     222
     208
     245
     221
     218
     241
     219
     254
     260
     233
     232
     215
     246
     197
     242
     236
     214
     245
     249
     231
     252
     232
     199
     222
     235
     206
     217
     230
     242
     245
     222
     201
     235
     202
     238
     222
     244
     247
     201
     226
     222
     234
     236
     226
     242
     232
     239
     224
     243
     252
     244
     247
     242
     265
     273
     291
     292
     269
     311
     302
     294
     269
     320
     277
     357
     298
     322
     310
     341
     334
     355
     354
     341
     368
     391
     371
     402
     408
     329
     376
     356
     400
     394
     410
     465
     433
     414
     376
     379
     409
     424
     419
     380
     350
     374
     372
     371
     368
     361
     336
     341
     327
     354
     307
     331
     327
     296
     251
     282
     313
     251
     275
     248
     250
     259
     253
     201
     223
     198
     172
     193
     195
     187
     191
     173
     167
     181
     168
     191
     159
     145
     166
     135
     166
     136
     123
     141
     118
     129
     157
     122
     137
     114
     117
     130
     107
     101
     110
     122
     109
     129
     130
     127
      97
     103
     117
     119
     102
     136
     110
     111
      86
      89
      93
      92
     101
      93
      84
      94
     103
      82
      93
      94
      87
      68
      91
      80
      77
     108
      95
      88
     109
      62
     118
      81
      84
      82
      81
      95
      80
      81
      78
      78
      71
      85
      74
      71
      71
      67
      74
      74
      78
      71
      80
      77
     100
      65
      65
      66
      51
      80
      75
      72
      74
      89
      62
      64
      67
      67
      63
      71
      71
      71
      79
      80
      61
      64
      77
      70
      75
      59
      57
      55
      66
      51
      61
      53
      60
      63
      56
      57
      48
      57
      60
      66
      55
      67
      66
      53
      74
      65
      51
      49
      76
      50
      56
      57
      69
      55
      46
      39
      63
      67
      55
      51
      60
      48
      56
      66
      48
      61
      42
      49
      52
      46
      69
      47
      55
      52
      53
      54
      51
      56
      50
      48
      61
      51
      56
      56
      52
      53
      35
      46
      55
      48
      45
      39
      52
      44
      46
      52
      44
      52
      55
      60
      55
      30
      56
      55
      52
      54
      44
      58
      41
      48
      65
      47
      45
      46
      45
      53
      52
      40
      39
      60
      47
      43
      49
      41
      52
      52
      48
      52
      35
      35
      45
      52
      48
      50
      55
      42
      53
      44
      41
      43
      45
      44
      63
      34
      41
      51
      58
      60
      54
      45
      44
      49
      42
      54
      43
      60
      35
      47
      50
      40
      54
      50
      51
      41
      48
      43
      47
      55
      43
      53
      56
      39
      49
      38
      42
      41
      54
      33
      34
      49
      42
      42
      57
      41
      56
      59
      45
      47
      53
      56
      33
      57
      49
      45
      49
      50
      62
      49
      44
      45
      60
      51
      58
      49
      49
      69
      55
      48
      46
      54
      53
      48
      63
      54
      43
      55
      47
      59
      60
      54
      38
      48
      58
      51
      62
      62
      48
      57
      65
      42
      69
      42
      49
      47
      58
      36
      49
      54
      55
      51
      48
      55
      53
      50
      48
      50
      34
      59
      57
      49
      51
      66
      36
      46
      56
      51
      45
      48
      52
      52
      39
      59
      53
      48
      42
      47
      70
      56
      56
      47
      40
      49
      59
      45
      47
      57
      46
      64
      55
      50
      50
      71
      58
      46
      41
      68
      48
      43
      45
      40
      56
      51
      57
      50
      42
      44
      43
      47
      50
      36
      39
      50
      46
      46
      48
      35
      42
      45
      48
      43
      43
      39
      37
      54
      42
      46
      51
      47
      41
      40
      46
      51
      61
      37
      43
      39
      56
      50
      46
      34
      40
      50
      49
      45
      37
      39
      40
      49
      39
      38
      38
      47
      43
      44
      44
      40
      39
      38
      41
      40
      40
      63
      39
      52
      46
      50
      48
      56
      46
      35
      39
      45
      49
      47
      35
      56
      35
      48
      43
      40
      41
      34
      50
      39
      42
      39
      55
      47
      42
      45
      28
      39
      54
      38
      35
      32
      54
      40
      36
      31
      39
      53
      31
      31
      33
      46
      26
      44
      34
      29
      41
      41
      32
      36
      40
      28
      31
      38
      44
      30
      44
      22
      32
      44
      36
      34
      32
      40
      33
      40
      34
      43
      40
      21
      31
      25
      26
      30
      25
      32
      31
      31
      30
      34
      24
      33
      30
      39
      27
      32
      32
      30
      36
      36
      29
      31
      34
      31
      42
      28
      35
      36
      29
      22
      29
      28
      32
      28
      39
      39
      29
      25
      27
      37
      35
      26
      37
      30
      30
      30
      33
      34
      28
      32
      43
      30
      44
      37
      32
      33
      30
      34
      22
      41
      31
      37
      37
      26
      32
      27
      23
      22
      30
      31
      18
      28
      23
      31
      28
      27
      28
      20
      25
      22
      29
      33
      38
      21
      23
      30
      28
      23
      30
      24
      42
      26
      37
      30
      25
      27
      33
      22
      29
      24
      30
      34
      33
      22
      40
      38
      34
      35
      27
      27
      33
      26
      21
      24
      22
      25
      19
      32
      32
      29
      19
      27
      21
      40
      26
      32
      23
      29
      29
      39
      27
      22
      24
      30
      26
      23
      26
      21
      30
      27
      36
      30
      19
      24
      31
      24
      28
      29
      28
      22
      23
      27
      22
      26
      28
      37
      32
      23
      18
      27
      24
      33
      23
      22
      31
      26
      25
      30
      27
      23
      21
      23
      22
      25
      28
      28
      29
      27
      35
      28
      36
      33
      28
      32
      31
      21
      24
      25
      27
      29
      25
      18
      21
      34
      23
      30
      23
      26
      27
      24
      36
      25
      27
      28
      26
      29
      30
      25
      27
      23
      29
      39
      30
      33
      25
      30
      34
      26
      34
      23
      23
      19
      33
      24
      21
      25
      22
      34
      25
      28
      31
      24
      22
      29
      20
      25
      29
      22
      26
      38
      27
      31
      30
      25
      20
      42
      32
      29
      18
      30
      39
      30
      21
      22
      39
      29
      24
      20
      15
      24
      25
      20
      20
      23
      21
      23
      20
      22
      33
      23
      20
      29
      24
      26
      28
      34
      20
      23
      18
      36
      27
      28
      31
      28
      28
      16
      27
      29
      29
      26
      31
      31
      32
      27
      24
      22
      21
      20
      21
      20
      29
      28
      28
      30
      26
      30
      25
      21
      16
      31
      31
      27
      23
      21
      27
      25
      29
      34
      25
      20
      31
      32
      30
      23
      25
      30
      29
      25
      26
      26
      27
      21
      25
      29
      29
      25
      28
      31
      13
      27
      26
      26
      25
      30
      27
      24
      28
      26
      32
      31
      26
      27
      41
      25
      30
      27
      26
      34
      29
      27
      18
      28
      31
      23
      31
      21
      25
      29
      22
      19
      25
      23
      32
      24
      22
      32
      23
      27
      25
      29
      22
      38
      29
      23
      31
      27
      20
      12
      28
      20
      25
      16
      25
      30
      32
      21
      31
      28
      24
      18
      39
      22
      28
      27
      27
      20
      23
      25
      24
      23
      17
      17
      28
      23
      13
      23
      21
      17
      25
      21
      19
      25
      19
      33
      21
      22
      22
      24
      26
      18
      22
      23
      21
      22
      12
      29
      19
      22
      24
      16
      30
      16
      28
      15
      23
      18
      23
      13
      28
      20
      19
      25
      21
      17
      26
      16
      13
      16
      17
      17
      14
      22
      17
      17
      21
      18
      18
      17
      19
      16
      22
      19
      19
      23
      22
      14
      18
      22
      17
      16
      29
      15
      19
      14
      14
      14
      16
      13
      20
      17
       8
      15
      14
      17
      15
      19
      17
      13
      15
      22
      12
      22
      21
      15
      16
      16
      22
       9
      15
      10
       8
      16
      26
      13
      15
      15
      18
      11
      13
      11
       9
      16
      22
      19
      14
      14
      24
      12
       9
       7
      18
      17
      14
      13
       2
      12
      15
      12
      14
      13
      12
      12
      17
       9
      19
      17
      18
      11
      13
      18
      12
      18
       8
      16
      13
      11
      14
      19
       9
      15
      13
      16
      13
      14
      10
      16
      11
      16
      14
      14
      21
      10
      13
      16
      23
      18
       7
      16
      10
      19
      20
      13
      10
      10
       7
      12
      12
      20
      16
      11
      10
      11
      18
      13
      20
      13
       8
       6
      13
      16
      12
      19
      18
      16
      11
      19
      15
      28
      14
      13
      11
      11
      14
      12
      17
      19
      13
      19
      11
      27
      15
       9
      16
      25
      19
      17
      17
       6
      26
      26
      17
      18
      12
      18
      15
      23
      17
      20
      15
      16
      22
      22
      16
      17
      23
      27
      28
      23
      19
      26
      23
      17
      19
      23
      14
      20
      24
      19
      24
      28
      31
      23
      30
      16
      21
      31
      25
      17
      18
      21
      23
      30
      14
      23
      28
      32
      33
      33
      26
      29
      23
      29
      32
      25
      21
      29
      26
      25
      27
      22
      28
      30
      27
      33
      22
      25
      24
      26
      25
      27
      22
      22
      25
      24
      28
      24
      24
      25
      29
      21
      25
      14
      26
      21
      23
      20
      20
      22
      19
      15
      14
      26
      23
      14
      18
      22
      20
      22
      18
      15
      22
      21
      15
      13
      22
      13
      17
      16
      19
      22
      16
      17
      15
      12
      13
      13
      19
      18
      14
      14
      13
      16
      15
      19
      12
      15
      11
      12
      16
       9
      12
       9
       8
      14
      14
       8
      12
      14
      19
      18
      12
       9
      15
      15
       9
       8
      10
      10
       8
      16
       8
      15
      14
       7
      14
      14
       5
       6
       7
      12
       9
      11
       7
       7
       6
       6
      12
      13
       8
       5
       9
      12
       6
       8
      10
      11
       5
       9
       8
      11
       7
       5
       7
       4
       9
       8
       5
       7
       4
      16
       4
      15
       9
      12
       8
       5
       7
       9
       7
       6
       7
       5
       8
      11
      15
       8
       7
       8
       8
       7
       5
       3
       8
       5
       7
       7
       2
       4
       6
      10
       8
       9
       5
      10
       3
       5
       8
       3
       9
       4
       6
       8
       7
       8
       7
       6
       3
       4
       2
       4
       6
      11
       3
      11
      10
       7
       6
       2
       0
       1
       1
       1
       0
       0
       0
       0
       0
       0
       0
       0
       0
       0
       0
       0
       0
       0
       0
       0
       0
       0
       0
       0
       0
       0
       0
       0
       0
       0
       0
       0
       0
       0
       0
       0
       0
       0
       0
       0
       0
       0
       0
       0
       0
       0
       0
       0
       0
       0
       0
       0
       0
       0
       0
       0
       0
       0
       0
       0
       0
       0
       0
       0
       0
       0
       0
       0
       0
       0
       0
       0
       0
       0
       0
       0
       0
       0
       0
       0
       0
       0
       0
       0
       0
       0
       0
       0
       0
       0
       0
       0
       0
       0
       0
       0
       0
       0
       0
       0
       0
       0
       0
       0
       0
       0
       0
       0
       0
       0
       0
       0
       0
       0
       0
       0
       0
       0
       0
       0
       0
       0
       0
       0
       0
       0
       0
       0
       0
       0
       0
       0
       0
       0
       0
       0
       0
       0
       0
       0
       0
       0
       0
       0
       0
       0
       0
       0
       0
       0
       0
       0
       0
       0
       0
       0
       0
       0
       0
       0
       0
       0
       0
       0
       0
       0
       0
       0
       0
       0
       0
       0
       0
       0
       0
       0
       0
       0
       0
       0
       0
       0
       0
       0
       0
       0
       0
       0
       0
       0
       0
       0
       0
       0
       0
       0
       0
       0
       0
       0
       0
       0
       0
       0
       0
       0
       0
       0
       0
       0
       0
       0
       0
       0
       0
       0
       0
       0
       0
       0
       0
       0
       0
       0
       0
       0
       0
       0
       0
       0
       0
       0
       0
       0
       0
       0
       0
       0
       0
       0
       0
       0
       0
       0
       0
       0
       0
       0
       0
       0
       0
       0
       0
       0
       0
       0
       0
       0
       0
       0
       0
       0
       0
       0
       0
       0
       0
       0
       0
       0
$ROI:
1
849 850
$PRESETS:
Live Time
999999
0
$ENER_FIT:
0.000000 0.749264
$MCA_CAL:
3
0.000000E+000 7.492638E-001 0.000000E+000 keV
$SHAPE_CAL:
3
0.000000E+000 0.000000E+000 0.000000E+000
