$SPEC_ID:
none
$SPEC_REM:
DET# 1
DETDESC# GRAD-LAB Easy-MCA-2k SN 14163589
AP# Maestro Version 7.01
$DATE_MEA:
09/28/2016 13:11:52
$MEAS_TIM:
1923 1923
$DATA:
0 2047
       0
       0
       0
       0
       0
       0
       0
       0
       0
       0
       0
       0
       0
       0
       2
       1
       1
       9
      28
      31
      42
      25
      25
      26
      30
      36
      27
      36
      30
      28
      28
      30
      33
      34
      27
      38
      32
      30
      40
      27
      34
      28
      27
      29
      37
      29
      21
      29
      39
      45
      42
      41
      36
      44
      45
      53
      40
      54
      40
      45
      42
      46
      54
      46
      36
      47
      50
      44
      50
      41
      42
      52
      40
      46
      47
      48
      47
      49
      62
      58
      54
      54
      42
      44
      49
      45
      46
      58
      50
      53
      55
      60
      67
      50
      65
      52
      53
      58
      54
      61
      55
      51
      64
      52
      57
      50
      68
      76
      63
      70
      60
      73
      63
      79
      73
      82
      96
      88
      74
     106
      96
     121
     103
      99
     112
     141
     117
     121
     166
     154
     137
     174
     168
     152
     181
     174
     174
     168
     176
     178
     182
     156
     188
     179
     183
     185
     171
     157
     165
     153
     122
     156
     129
     164
     159
     128
     159
     125
      99
     136
     126
     131
     127
     123
     104
     115
      97
     113
      92
     101
     114
      94
     108
     104
      94
     114
     118
     106
     110
     104
      95
     125
      92
     111
     119
     121
      92
     104
     100
      96
      96
      95
     105
     110
      84
     112
     103
     127
     108
     108
      91
     109
     118
     106
      90
      94
     112
     102
     111
     114
     120
      96
     111
     111
     108
     102
     130
     107
     104
     116
      95
      97
     115
     108
      97
     113
      93
     119
     115
      98
     107
     111
     112
     124
     106
     125
      89
     107
      99
     118
     111
     102
     124
      97
     105
      83
      91
     118
      99
      89
     119
      98
     112
     118
     126
     100
     105
      79
      99
      95
      99
     110
      92
     118
     115
     121
     113
      82
      94
     108
     107
     103
      89
      81
      88
      97
      98
     101
      92
     124
      91
      96
     117
      88
     103
     109
     107
     101
      94
     116
     110
     109
     107
     112
      98
      99
     108
     105
     105
     103
     100
      96
      92
     106
      97
      92
     103
      88
      80
     100
      97
     105
     117
      78
      95
      93
      88
      89
     110
      87
     104
      79
      91
     107
      98
     111
      94
      94
      87
     102
      82
      96
      97
      82
      89
     107
      86
      95
     113
     109
      89
     102
     103
      80
      84
     103
      90
      76
     119
      99
      86
      75
      88
      87
      86
     101
      99
      90
      84
      81
      95
      97
     106
      88
     104
     122
      97
      98
      97
     102
     101
      87
      85
      98
      85
      91
      97
      78
      85
      89
      83
      85
      76
      87
      84
     100
      94
      83
      99
      77
      74
      70
      70
      85
      81
      81
      85
      87
      55
      88
      83
      89
      73
      89
      75
      83
      96
      86
      78
      69
      72
      66
      76
      69
      86
      57
      71
      86
      70
      74
      80
      81
      75
      64
      69
      81
      59
      63
      76
      86
      66
      86
      78
      77
      67
      82
      73
      78
      65
      81
      79
      70
      78
      66
      72
      81
      59
      76
      74
      72
      74
      71
      90
      84
      61
      69
      91
      75
      71
      95
      71
      71
      71
      75
      93
      63
      68
      85
      75
      81
      64
      65
      72
      76
      74
      64
      62
      71
      74
      76
      79
      69
      59
      64
      84
      68
      77
      65
      82
      63
      61
      66
      60
      75
      71
      77
      57
      59
      63
      54
      59
      71
      77
      86
      68
      61
      74
      64
      62
      60
      63
      70
      67
      63
      67
      61
      64
      69
      64
      68
      67
      68
      73
      56
      52
      59
      55
      64
      68
      61
      41
      58
      55
      64
      48
      66
      52
      58
      79
      64
      55
      54
      50
      56
      47
      62
      58
      58
      64
      47
      66
      56
      56
      56
      59
      56
      62
      63
      55
      70
      67
      64
      46
      56
      61
      62
      58
      53
      46
      55
      43
      60
      59
      72
      53
      65
      37
      31
      49
      50
      62
      64
      52
      47
      48
      60
      61
      43
      47
      44
      64
      48
      49
      51
      64
      55
      58
      54
      60
      65
      58
      49
      60
      64
      67
      65
      45
      65
      61
      53
      64
      86
      60
      57
      52
      71
      66
      63
      61
      69
      69
      58
      66
      66
      63
      62
      66
      69
      78
      55
      64
      81
      72
      72
      65
      75
      69
      84
      60
      68
      62
      67
      68
      94
      71
      90
      70
      78
      92
      90
      72
      75
      92
      96
      95
      83
      97
     100
      89
      83
      91
     115
      91
      75
      92
      86
      95
      89
      90
     117
     102
      79
      98
      88
     101
     111
      99
      90
     110
     102
      91
      92
     112
      92
     111
      91
     101
      84
      99
     111
      99
     108
      98
      94
     102
     103
      83
     107
     104
      94
     101
      88
      96
      82
      99
     111
      73
      94
      89
      92
     102
      85
      82
      87
      86
     115
     102
      91
      89
      70
      81
      67
      64
      69
      80
      69
      85
      58
      78
      53
      54
      82
      81
      63
      56
      66
      86
      73
      61
      63
      63
      61
      69
      77
      59
      58
      58
      56
      77
      59
      60
      66
      46
      75
      58
      54
      56
      45
      55
      65
      44
      49
      51
      34
      62
      49
      44
      48
      55
      50
      71
      38
      35
      54
      48
      52
      56
      44
      33
      46
      39
      35
      46
      59
      45
      34
      47
      35
      39
      36
      40
      32
      38
      38
      40
      34
      28
      38
      39
      34
      50
      33
      36
      36
      45
      27
      31
      34
      48
      28
      38
      50
      42
      31
      36
      28
      37
      46
      34
      32
      32
      44
      35
      29
      28
      32
      27
      32
      38
      33
      33
      41
      26
      34
      30
      29
      36
      35
      22
      33
      31
      30
      44
      26
      35
      37
      30
      49
      22
      31
      39
      29
      32
      34
      38
      37
      26
      42
      37
      34
      26
      34
      24
      33
      35
      40
      28
      38
      36
      28
      23
      35
      26
      41
      30
      39
      33
      18
      33
      26
      28
      20
      23
      23
      33
      20
      25
      22
      33
      27
      29
      36
      31
      20
      33
      19
      34
      30
      25
      27
      24
      22
      26
      28
      26
      27
      28
      30
      24
      28
      20
      27
      28
      16
      23
      18
      26
      27
      28
      40
      20
      16
      31
      25
      22
      22
      13
      29
      18
      20
      23
      20
      23
      17
      23
      28
      22
      30
      30
      27
      22
      18
      22
      26
      30
      18
      24
      15
      18
      27
      14
      22
      34
      27
      18
      30
      21
      23
      18
      20
      23
      19
      22
      22
      18
      24
      20
      26
      14
      14
      18
      18
      14
      17
      17
      28
      18
      21
      16
      22
      19
      26
      17
      16
      29
      18
      21
      21
      28
      22
      18
      16
      22
      17
      21
      21
      18
      18
      15
      20
      25
      23
      17
      19
      24
      20
      16
      22
      15
      21
      17
      10
      15
      17
      25
      18
      11
      39
      18
      20
      22
      17
      14
      23
      26
      18
      18
      23
      10
      16
      19
      21
      16
      20
      18
      23
      14
      21
      22
      16
      11
      18
      13
      10
      15
      18
      20
      11
      17
      21
      18
      16
      15
      22
      12
      24
      13
      13
      17
      20
      14
      17
      19
      12
      16
      18
      16
      22
      17
      16
      17
      20
      20
      12
      18
      21
      18
      17
      14
      23
      14
      25
      15
      15
      16
      20
      15
      14
      17
      23
      14
      14
      21
      19
      30
      20
      15
      22
      14
      16
      21
      21
      14
      18
      17
      29
      19
      26
      17
      14
      17
      17
      20
      19
      16
      20
      18
      11
      27
      16
      18
      14
      13
      13
      17
      16
      18
      20
      18
      16
      17
      20
      18
      20
      21
      19
      18
      20
      13
      15
      27
      13
      24
      18
      14
      18
      18
      13
      17
      23
      13
      20
      21
      22
      15
      11
      22
      24
      13
      18
      15
      15
      22
      18
      23
      19
      14
      15
      12
      16
      12
      19
      14
      17
      21
      20
      12
      14
      19
      15
       7
      25
      24
      23
      12
      16
      19
      27
      20
      19
      21
      16
      18
      17
      15
      24
      15
      14
      15
      15
      14
      21
      11
      23
      19
      25
      19
      17
       7
      20
      13
      14
      13
      22
      18
      16
      16
      12
      25
      13
      15
      15
      16
      14
      19
      19
      13
      19
      17
      12
      18
      14
      15
      20
      20
      10
      23
      18
      17
      12
      18
      12
      18
      19
      11
      21
      14
      13
      22
      17
      19
      17
      21
      17
      18
      20
      16
      15
      27
      19
      18
      11
      20
      19
      14
      13
      12
      10
      13
      22
      15
      23
      20
      19
      19
      22
      13
      17
      14
      17
      14
      25
      20
      11
      19
      25
      20
      19
      14
      19
      13
      16
      15
      17
      22
      11
      19
      13
      26
      16
      20
      19
      14
      23
      18
      19
      14
       9
      13
      22
      19
      14
      20
      15
      20
      22
      19
      17
      15
      27
      23
      23
      19
      13
      16
      21
      18
      12
      23
       7
      29
      18
      21
      17
      11
      16
      18
      21
      18
      19
      19
      16
      15
      17
      19
      14
      15
      22
      19
      16
      13
      20
      12
      19
      19
      16
      16
      16
      18
      11
      14
      12
      19
      15
      18
      18
      18
      10
      18
      17
      22
       8
      20
      16
      16
      10
      22
      21
      15
      24
       8
      15
      18
      13
      18
      15
      13
      16
       9
      17
      12
      13
      17
      17
      15
      13
      10
      10
      16
      14
      17
      20
       9
      19
      14
       8
      13
      19
      10
      13
      22
      13
      13
      16
      12
      24
      15
      16
       9
      14
      20
      14
      11
      17
      18
      15
      12
      15
       9
      14
      20
      10
      13
       5
       7
       9
      13
      10
      13
      17
      11
       9
      11
      12
      12
      15
      13
      14
      10
       9
      10
      18
      10
      12
      10
      13
       9
      12
      12
      12
       9
       8
      10
      13
      17
      11
       8
      13
      15
      10
      15
      11
       7
       7
      16
      10
       8
      10
       8
       8
       7
      10
       6
      11
       9
       9
      15
      12
      14
       5
       8
      11
       9
      12
      15
      12
      11
      13
      12
      12
       7
      10
       9
      12
      12
       6
      10
       5
      10
       5
      15
      12
       8
      10
       6
      16
      12
      10
      12
       7
       7
      11
       4
       8
      16
       6
      12
       9
      12
       6
      11
      10
      10
      10
      11
      12
       4
      10
      12
      10
       7
      11
       9
       7
       5
       9
       9
      10
      12
       8
       7
      15
       8
       5
       7
       7
      10
      10
       6
      12
       6
       8
       7
      10
       6
       9
       6
       6
       9
       9
       9
      16
       9
      12
      14
       8
      13
      13
      12
      13
      11
       7
      12
       6
      16
       9
       6
      15
       8
      11
      15
       9
      15
      12
      10
       9
      10
       3
       9
      11
       8
      11
      11
       8
      11
      15
       9
      19
      14
      16
      12
       9
      14
      17
      12
      15
      17
      17
      21
      15
      16
      15
      11
      19
      18
      13
      15
      16
      16
      13
      15
      21
      13
      16
      17
       7
      26
      15
      18
      23
      20
      16
      17
      22
      16
      10
      18
      21
      10
      18
      21
      24
      23
      27
      17
      18
      16
      13
      14
      16
      19
      17
      13
      13
      14
      16
      18
      19
      14
       9
      19
      21
      13
      14
      16
      16
      12
      11
      13
      19
      21
      12
      14
      21
      16
      15
      16
      13
      12
      11
      13
      12
      10
      16
      11
      15
      14
      12
      11
      11
      22
      12
      17
      16
      16
      11
      15
      10
       8
       6
       9
      15
      10
      11
       7
      11
      11
      11
      18
      11
       9
       7
      12
       9
      12
       9
      11
      10
      12
      13
       7
      10
       9
      14
       8
       7
       9
      10
       8
       5
       8
       6
       7
      10
       9
       8
       4
      10
       9
      10
       8
       8
       6
       9
       6
       6
       7
       7
       8
       5
       6
      11
      12
       9
       5
       7
       8
       6
       4
       4
       5
      10
       3
       2
       0
       1
       0
       1
       0
       0
       0
       0
       0
       0
       0
       0
       0
       0
       0
       0
       0
       0
       0
       0
       0
       0
       0
       0
       0
       0
       0
       0
       0
       0
       0
       0
       0
       0
       0
       0
       0
       0
       0
       0
       0
       0
       0
       0
       0
       0
       0
       0
       0
       0
       0
       0
       0
       0
       0
       0
       0
       0
       0
       0
       0
       0
       0
       0
       0
       0
       0
       0
       0
       0
       0
       0
       0
       0
       0
       0
       0
       0
       0
       0
       0
       0
       0
       0
       0
       0
       0
       0
       0
       0
       0
       0
       0
       0
       0
       0
       0
       0
       0
       0
       0
       0
       0
       0
       0
       0
       0
       0
       0
       0
       0
       0
       0
       0
       0
       0
       0
       0
       0
       0
       0
       0
       0
       0
       0
       0
       0
       0
       0
       0
       0
       0
       0
       0
       0
       0
       0
       0
       0
       0
       0
       0
       0
       0
       0
       0
       0
       0
       0
       0
       0
       0
       0
       0
       0
       0
       0
       0
       0
       0
       0
       0
       0
       0
       0
       0
       0
       0
       0
       0
       0
       0
       0
       0
       0
       0
       0
       0
       0
       0
       0
       0
       0
       0
       0
       0
       0
       0
       0
       0
       0
       0
       0
       0
       0
       0
       0
       0
       0
       0
       0
       0
       0
       0
       0
       0
       0
       0
       0
       0
       0
       0
       0
       0
       0
       0
       0
       0
       0
       0
       0
       0
       0
       0
       0
       0
       0
       0
       0
       0
       0
       0
       0
       0
       0
       0
       0
       0
       0
       0
       0
       0
       0
       0
       0
       0
       0
       0
       0
       0
       0
       0
       0
       0
       0
       0
       0
       0
       0
       0
       0
       0
       0
       0
       0
       0
       0
       0
       0
       0
       0
       0
       0
       0
$ROI:
1
849 850
$PRESETS:
Live Time
999999
0
$ENER_FIT:
0.000000 0.749264
$MCA_CAL:
3
0.000000E+000 7.492638E-001 0.000000E+000 keV
$SHAPE_CAL:
3
0.000000E+000 0.000000E+000 0.000000E+000
