$SPEC_ID:
none
$SPEC_REM:
DET# 1
DETDESC# GRAD-LAB Easy-MCA-2k SN 14163589
AP# Maestro Version 7.01
$DATE_MEA:
10/03/2016 11:58:43
$MEAS_TIM:
65 65
$DATA:
0 2047
       0
       0
       0
       0
       0
       0
       0
       0
       0
       0
       0
       0
       0
       0
       0
       1
       0
       6
      44
      38
      52
      53
      46
      38
      54
      35
      59
      60
      51
      49
      48
      50
      52
      47
      55
      48
      53
      49
      42
      39
      44
      52
      53
      49
      51
      53
      58
      58
      55
      68
      44
      55
      55
      70
      52
      56
      57
      72
      44
      55
      68
      59
      55
      67
      68
      62
      58
      62
      50
      59
      73
      70
      68
      71
      51
      73
      80
      59
      62
      86
      63
      70
      71
      71
      74
      66
      78
      87
      67
      79
      74
      63
      70
      59
      60
      79
      66
      66
      77
      61
      72
      79
      70
      65
      59
      58
      74
      66
      89
      67
      61
      75
      82
      73
      88
      82
      88
      90
      91
      91
      91
     113
      89
     128
      98
     120
     111
     123
     125
     116
     138
     151
     156
     149
     160
     143
     149
     155
     162
     145
     147
     141
     157
     140
     145
     117
     142
     143
     134
     121
     113
     129
     142
     131
     122
     134
     118
     120
     112
     100
      99
      90
     113
      84
      99
      95
      92
      91
      94
      84
     106
     104
      94
      83
     103
      88
      87
      69
      78
      82
     100
      96
      88
      96
      74
      73
      97
      74
      92
      69
      97
      95
      69
      94
      95
      88
      57
      94
      71
      96
      68
      98
      97
     102
     100
      98
      85
     104
     115
     105
     103
      77
      89
      92
      76
      95
      96
      93
      93
      89
      96
      95
      98
     104
      89
     101
      93
      87
      93
      99
      98
      96
      91
      94
     104
     110
     110
     103
      92
      99
     103
     107
     105
     108
     118
     101
     114
      98
      86
      91
     107
     103
     103
      96
      94
     107
     100
     113
     105
     105
      88
     118
     108
      94
     134
      99
     123
     102
     114
      93
     112
     104
     102
     127
     115
     129
     124
     130
     118
     116
     115
     124
     113
     129
     125
     111
     140
     128
     130
     128
     144
     136
     149
     136
     146
     132
     137
     149
     149
     169
     151
     158
     144
     159
     155
     146
     150
     141
     179
     160
     157
     145
     162
     167
     147
     167
     146
     164
     163
     167
     152
     147
     159
     158
     166
     177
     138
     145
     145
     144
     158
     172
     162
     162
     145
     166
     160
     166
     154
     159
     144
     175
     165
     152
     149
     198
     168
     153
     161
     166
     165
     164
     144
     151
     160
     144
     151
     159
     161
     154
     145
     186
     147
     134
     144
     145
     145
     122
     141
     127
     137
     148
     155
     143
     154
     158
     129
     122
     167
     142
     126
     136
     137
     132
     151
     132
     147
     136
     117
     137
     142
     143
     134
     125
     144
     153
     124
     132
     116
     128
     120
     136
     108
     144
     124
     143
     137
     144
     141
     132
     124
     139
     141
     149
     120
     126
     102
     114
     114
     137
     110
     122
     115
     111
     145
     135
     153
     108
     126
     139
     130
     128
     122
     121
     122
     129
     117
     138
     128
     136
     106
     121
     137
     115
     126
     129
     143
     137
     123
     114
     108
     132
     146
     115
     111
     140
     107
     115
     109
     145
     106
     115
     141
     113
     114
     123
     132
     118
     123
     134
     129
     146
     111
     127
     140
     107
     136
     115
     118
     123
     126
     121
     125
     107
     128
     136
     125
     122
     149
     152
     132
     112
     132
     139
     132
      98
     135
     133
     115
     112
     126
     127
     114
     113
     127
     104
     114
     121
     121
     109
     121
     116
     111
     101
     132
     117
     121
     130
     116
     125
     101
     127
     139
     126
     130
     126
     122
     124
     110
     122
     115
     115
     129
     113
     118
     125
     118
     146
     130
     101
     135
     125
     128
     121
     118
     125
     122
     116
     122
     138
     127
     123
     119
     118
     110
     134
     115
     119
     124
     112
     127
     132
     135
     137
     117
     135
     129
     115
     114
     124
     115
     131
     126
     135
     122
     106
     143
     104
     129
     130
     158
     116
     145
     119
     133
     153
     121
     150
     132
     118
     149
     127
     160
     137
     124
     165
     164
     122
     133
     125
     138
     140
     121
     155
     140
     143
     122
     147
     132
     123
     134
     129
     152
     140
     126
     129
     120
     120
     132
     122
     124
     136
     130
     143
     140
     142
     134
     114
     110
     134
     105
     101
     139
     134
     141
     119
     124
     122
      97
     112
     107
     118
     109
     103
     129
     118
     100
     110
     109
      99
      99
     111
      99
      85
      96
     102
     100
      98
      87
     101
      77
      97
     101
      93
      91
      93
      88
      86
      71
      88
      88
      82
      87
      72
      80
      85
      77
      79
      87
      85
      61
      72
      71
      77
      71
      75
      88
      72
      60
      64
      71
      59
      70
      62
      62
      55
      75
      49
      60
      59
      50
      56
      66
      51
      64
      76
      65
      70
      62
      61
      62
      63
      55
      61
      50
      62
      63
      62
      49
      55
      46
      59
      45
      60
      48
      50
      61
      56
      55
      56
      54
      59
      65
      50
      57
      55
      59
      43
      61
      56
      52
      57
      52
      46
      55
      49
      46
      53
      46
      58
      37
      62
      37
      52
      54
      44
      53
      43
      55
      56
      43
      52
      62
      54
      46
      49
      46
      46
      44
      49
      44
      54
      50
      33
      60
      58
      57
      49
      49
      60
      32
      52
      46
      39
      45
      46
      49
      48
      44
      51
      49
      45
      58
      50
      53
      46
      60
      56
      67
      62
      56
      56
      54
      62
      68
      56
      64
      69
      66
      67
      58
      69
      64
      66
      68
      86
      79
      85
     104
      83
      81
      88
     103
     120
     100
     109
     112
     132
     129
     150
     135
     140
     165
     143
     184
     180
     194
     201
     234
     218
     224
     228
     224
     275
     274
     295
     295
     324
     316
     352
     379
     372
     390
     397
     459
     447
     452
     471
     438
     500
     465
     491
     465
     581
     543
     586
     571
     596
     554
     610
     637
     601
     620
     653
     654
     680
     687
     716
     679
     753
     719
     727
     739
     729
     769
     744
     771
     704
     706
     699
     713
     681
     656
     714
     767
     724
     645
     674
     659
     668
     633
     649
     636
     649
     653
     637
     577
     564
     533
     580
     531
     540
     566
     488
     528
     473
     516
     481
     434
     442
     456
     452
     374
     409
     401
     390
     374
     355
     357
     323
     342
     340
     317
     295
     316
     269
     300
     283
     267
     284
     248
     264
     248
     224
     244
     215
     218
     177
     198
     180
     198
     165
     158
     172
     138
     180
     142
     138
     112
     116
     117
     126
      99
      98
     102
      87
      82
      90
      88
      72
      72
      81
      72
      75
      72
      72
      44
      57
      57
      38
      49
      52
      40
      46
      34
      51
      35
      40
      41
      32
      31
      38
      31
      28
      27
      18
      24
      21
      21
      18
      18
      19
      11
      20
       8
      11
      12
      10
      11
      11
      10
      11
       7
       5
       5
       6
       6
      10
       3
       2
       5
       4
       9
      10
       3
       5
       4
       3
       3
       7
       2
       4
       5
       1
       3
       3
       3
       4
       3
       2
       0
       2
       2
       3
       4
       4
       4
       2
       1
       0
       1
       1
       3
       3
       3
       1
       1
       1
       2
       2
       1
       2
       1
       0
       0
       2
       1
       2
       1
       0
       2
       3
       2
       1
       2
       0
       0
       1
       0
       0
       0
       1
       0
       1
       0
       0
       1
       0
       0
       1
       0
       1
       1
       2
       0
       0
       2
       1
       1
       1
       1
       2
       0
       4
       1
       0
       0
       0
       2
       1
       0
       1
       1
       2
       0
       0
       2
       2
       1
       1
       1
       0
       1
       0
       0
       0
       2
       2
       1
       1
       1
       0
       1
       0
       0
       2
       1
       1
       2
       2
       0
       2
       1
       0
       0
       1
       0
       0
       0
       0
       1
       0
       1
       3
       0
       0
       0
       1
       1
       1
       1
       1
       0
       1
       1
       1
       0
       0
       1
       2
       2
       0
       1
       1
       0
       1
       1
       0
       1
       2
       1
       1
       0
       1
       0
       1
       3
       0
       1
       2
       0
       0
       0
       0
       0
       1
       1
       3
       1
       0
       3
       2
       1
       1
       1
       0
       2
       0
       1
       0
       1
       1
       0
       0
       2
       1
       0
       1
       2
       0
       1
       2
       1
       4
       1
       0
       2
       0
       3
       1
       0
       0
       1
       1
       1
       3
       0
       0
       0
       1
       0
       1
       0
       1
       0
       0
       1
       0
       1
       0
       0
       0
       0
       0
       0
       1
       0
       1
       3
       0
       1
       0
       0
       2
       2
       0
       0
       0
       0
       1
       0
       0
       3
       1
       0
       0
       0
       1
       1
       2
       2
       1
       1
       1
       1
       1
       0
       0
       2
       0
       1
       0
       0
       1
       1
       0
       1
       0
       1
       1
       0
       1
       0
       0
       1
       0
       0
       0
       1
       1
       1
       0
       1
       1
       0
       0
       1
       3
       2
       1
       1
       2
       3
       1
       0
       1
       1
       1
       0
       0
       0
       1
       0
       1
       0
       0
       0
       0
       3
       0
       0
       1
       1
       0
       0
       1
       0
       0
       1
       1
       0
       1
       2
       1
       1
       1
       1
       1
       2
       0
       1
       1
       2
       0
       1
       1
       0
       0
       0
       0
       1
       0
       0
       1
       0
       1
       0
       1
       2
       0
       0
       0
       1
       0
       1
       0
       0
       0
       2
       0
       1
       0
       1
       1
       1
       0
       1
       0
       0
       0
       0
       1
       1
       1
       0
       0
       0
       1
       0
       1
       0
       1
       0
       1
       0
       0
       0
       0
       0
       1
       2
       0
       2
       1
       0
       1
       0
       0
       1
       0
       1
       0
       0
       1
       0
       0
       1
       0
       0
       0
       1
       1
       0
       0
       0
       1
       0
       0
       1
       0
       0
       0
       0
       3
       0
       1
       0
       0
       0
       1
       0
       0
       0
       0
       0
       1
       2
       0
       0
       1
       1
       0
       3
       0
       1
       0
       0
       0
       2
       1
       0
       0
       0
       0
       1
       1
       0
       0
       0
       1
       0
       1
       0
       0
       0
       0
       0
       0
       1
       1
       3
       0
       0
       0
       0
       1
       0
       0
       0
       1
       0
       0
       0
       0
       0
       2
       0
       0
       1
       0
       0
       0
       0
       1
       1
       1
       0
       0
       0
       0
       0
       0
       1
       0
       0
       1
       0
       1
       0
       1
       2
       1
       2
       2
       0
       0
       0
       0
       2
       1
       1
       0
       1
       0
       1
       0
       0
       0
       0
       1
       2
       0
       1
       0
       1
       0
       0
       0
       1
       0
       0
       0
       1
       0
       0
       1
       0
       0
       0
       0
       0
       1
       0
       1
       0
       0
       0
       1
       1
       0
       0
       1
       0
       5
       0
       0
       0
       0
       2
       0
       0
       1
       0
       0
       1
       1
       1
       0
       1
       0
       0
       0
       0
       0
       0
       0
       1
       2
       0
       0
       0
       1
       0
       2
       0
       0
       0
       0
       0
       2
       1
       0
       1
       1
       0
       0
       0
       0
       0
       0
       1
       0
       0
       2
       0
       1
       1
       0
       3
       0
       0
       1
       0
       0
       0
       1
       1
       2
       1
       2
       2
       0
       1
       0
       0
       0
       1
       0
       0
       0
       2
       2
       1
       1
       0
       1
       2
       0
       0
       2
       1
       0
       0
       0
       0
       2
       0
       1
       0
       2
       0
       1
       0
       0
       0
       0
       1
       0
       1
       0
       0
       0
       2
       0
       0
       0
       2
       1
       0
       1
       3
       0
       0
       1
       1
       0
       0
       0
       1
       0
       1
       0
       1
       0
       2
       0
       1
       0
       1
       0
       0
       0
       0
       0
       1
       1
       0
       0
       0
       1
       0
       1
       0
       1
       0
       0
       0
       0
       0
       0
       0
       1
       0
       0
       0
       1
       1
       0
       0
       0
       0
       0
       0
       0
       1
       0
       2
       1
       0
       1
       0
       0
       0
       0
       0
       0
       0
       0
       0
       0
       0
       0
       0
       0
       0
       0
       0
       0
       0
       0
       0
       0
       0
       0
       0
       0
       0
       0
       0
       0
       0
       0
       0
       0
       0
       0
       0
       0
       0
       0
       0
       0
       0
       0
       0
       0
       0
       0
       0
       0
       0
       0
       0
       0
       0
       0
       0
       0
       0
       0
       0
       0
       0
       0
       0
       0
       0
       0
       0
       0
       0
       0
       0
       0
       0
       0
       0
       0
       0
       0
       0
       0
       0
       0
       0
       0
       0
       0
       0
       0
       0
       0
       0
       0
       0
       0
       0
       0
       0
       0
       0
       0
       0
       0
       0
       0
       0
       0
       0
       0
       0
       0
       0
       0
       0
       0
       0
       0
       0
       0
       0
       0
       0
       0
       0
       0
       0
       0
       0
       0
       0
       0
       0
       0
       0
       0
       0
       0
       0
       0
       0
       0
       0
       0
       0
       0
       0
       0
       0
       0
       0
       0
       0
       0
       0
       0
       0
       0
       0
       0
       0
       0
       0
       0
       0
       0
       0
       0
       0
       0
       0
       0
       0
       0
       0
       0
       0
       0
       0
       0
       0
       0
       0
       0
       0
       0
       0
       0
       0
       0
       0
       0
       0
       0
       0
       0
       0
       0
       0
       0
       0
       0
       0
       0
       0
       0
       0
       0
       0
       0
       0
       0
       0
       0
       0
       0
       0
       0
       0
       0
       0
       0
       0
       0
       0
       0
       0
       0
       0
       0
       0
       0
       0
       0
       0
       0
       0
       0
       0
       0
       0
       0
       0
       0
       0
       0
       0
       0
       0
       0
       0
       0
       0
       0
       0
       0
       0
       0
       0
       0
       0
       0
       0
       0
       0
       0
       0
       0
       0
       0
       0
       0
       0
       0
       0
       0
       0
       0
$ROI:
1
849 850
$PRESETS:
Live Time
999999
0
$ENER_FIT:
0.000000 0.749264
$MCA_CAL:
3
0.000000E+000 7.492638E-001 0.000000E+000 keV
$SHAPE_CAL:
3
0.000000E+000 0.000000E+000 0.000000E+000
