$SPEC_ID:
none
$SPEC_REM:
DET# 1
DETDESC# GRAD-LAB Easy-MCA-2k SN 14163589
AP# Maestro Version 7.01
$DATE_MEA:
09/14/2016 12:54:58
$MEAS_TIM:
1603 1603
$DATA:
0 2047
       0
       0
       0
       0
       0
       0
       0
       0
       0
       0
       0
       0
       0
       0
       1
       1
       1
       9
      32
      37
      35
      39
      30
      36
      44
      38
      30
      33
      42
      33
      28
      35
      38
      42
      35
      27
      40
      40
      40
      41
      36
      32
      37
      41
      38
      44
      38
      52
      48
      36
      38
      42
      46
      56
      61
      67
      67
      61
      56
      69
      51
      58
      54
      49
      74
      60
      73
      56
      69
      56
      53
      51
      50
      55
      53
      69
      46
      54
      45
      71
      64
      61
      77
      81
      61
      61
      68
      67
      76
      78
      66
      70
      79
      71
      82
      84
      76
      65
      57
      63
      80
      69
      78
      87
      83
      72
      89
      77
      82
      96
      88
     111
     105
      90
      97
      99
      97
     133
     118
     130
     112
     120
     134
     155
     148
     136
     163
     157
     180
     187
     165
     198
     198
     241
     229
     229
     254
     222
     255
     239
     240
     226
     230
     226
     232
     252
     226
     225
     222
     221
     216
     203
     211
     225
     205
     191
     222
     197
     181
     198
     203
     197
     178
     181
     189
     180
     194
     198
     179
     164
     162
     189
     173
     150
     182
     150
     166
     150
     134
     153
     161
     171
     162
     189
     145
     160
     174
     172
     173
     158
     169
     151
     152
     164
     187
     181
     160
     167
     167
     163
     181
     164
     184
     171
     165
     162
     165
     167
     155
     164
     176
     164
     165
     177
     167
     180
     151
     163
     134
     162
     129
     161
     178
     151
     167
     152
     159
     150
     157
     170
     141
     156
     153
     153
     160
     134
     155
     158
     150
     152
     158
     145
     160
     153
     148
     154
     139
     146
     142
     155
     139
     146
     118
     143
     137
     139
     155
     158
     146
     134
     136
     155
     149
     128
     146
     128
     140
     127
     118
     147
     127
     125
     144
     132
     126
     134
     135
     163
     139
     135
     146
     135
     118
     138
     118
     144
     123
     157
     135
     127
     170
     143
     149
     138
     131
     105
     125
     145
     134
     139
     143
     116
     112
     155
     115
     124
     121
     140
     114
     126
     115
     125
     125
     106
     119
     129
     139
     115
     135
     125
     143
     110
     154
     108
     121
     139
     113
     141
     114
     133
     131
     143
     123
     111
     112
     130
     133
     120
     123
     106
     124
     125
     142
     123
     118
     135
     124
     124
     100
     108
     115
     119
     112
     114
     135
     101
     117
     108
     123
     107
     123
     135
     118
     130
     129
     102
     112
     110
     114
     115
     102
     112
     102
      99
     100
     121
     109
     102
     118
     113
     110
     116
      91
     116
     113
     110
      99
     108
     105
     116
     105
      94
     119
     112
      93
      88
     107
     131
      81
     101
     110
     100
     109
      98
     109
     106
     109
      67
      96
     107
     106
     102
     107
     112
     106
      91
     112
     113
      97
      87
      92
     101
      89
     116
     110
     106
      94
      92
     107
      98
      99
     114
      95
      93
      99
      94
     108
      83
     102
      93
      87
      94
     101
      88
     102
      98
      89
     100
     107
      83
      91
      83
      95
      80
      94
     103
      89
      85
      78
      88
      96
      93
      76
      99
      70
      73
      82
      91
      91
      91
     100
      87
      84
     100
      80
     102
      94
      88
      86
      97
      86
      99
      84
      90
      86
      88
      87
      99
      88
      86
      71
      94
      79
      84
      72
      80
      61
      77
      81
      95
      80
      81
      84
      88
      78
      91
      90
      78
      75
      66
      79
      80
      64
      74
      70
      74
      75
      86
      87
      90
      95
      73
      63
      82
      78
      66
      76
      88
      70
      74
      77
      78
      74
      56
      64
      73
      78
      70
      82
      74
      85
      59
      76
      78
      83
      66
      76
      78
      73
      67
      66
      61
      63
      81
      68
      89
      78
      77
      63
      59
      59
      80
      62
      76
      72
      84
      83
      72
      66
      71
      85
      85
      65
      76
      68
      66
      74
      69
      79
      61
      65
      58
      78
      67
      71
      71
      81
      80
      63
      76
      80
      75
      84
      82
      61
      75
      85
      90
      75
      65
      69
      72
      81
      76
      68
      87
      96
      75
      87
     106
      80
      86
      87
      99
      80
      96
      90
      78
      89
     101
      84
      92
      87
      88
     125
     107
     112
      97
     111
     119
     103
     106
     120
     104
     101
     126
     103
     100
     129
     114
     113
     119
     124
     119
     107
     123
     107
     137
     133
     127
     131
     128
     140
     115
     138
     119
     141
     140
     135
     116
     129
     127
     120
     124
     155
     143
     144
     131
     135
     138
     153
     154
     145
     147
     134
     150
     135
     151
     138
     141
     156
     130
     152
     133
     166
     154
     166
     159
     158
     154
     143
     136
     157
     146
     142
     158
     160
     149
     152
     161
     154
     160
     146
     151
     165
     150
     152
     142
     135
     166
     169
     132
     153
     151
     143
     131
     130
     125
     171
     132
     127
     111
     144
     146
     124
     132
     126
     122
     124
     119
     135
     128
     126
     120
     130
     108
     118
     112
     116
     100
      99
     116
     107
      98
     125
     100
     112
     113
      83
      87
      80
     113
      91
      77
      96
      83
      91
      96
      75
      84
      73
      68
      68
      70
      76
      71
      75
      68
      67
      68
      64
      68
      62
      62
      63
      63
      70
      59
      66
      70
      48
      56
      58
      67
      49
      53
      41
      71
      51
      54
      44
      33
      42
      64
      54
      42
      29
      35
      52
      45
      43
      46
      36
      38
      38
      44
      22
      48
      34
      31
      36
      37
      51
      38
      24
      35
      29
      29
      34
      36
      33
      31
      24
      26
      32
      31
      29
      22
      23
      35
      35
      32
      26
      33
      24
      31
      26
      35
      28
      31
      27
      34
      34
      30
      24
      30
      31
      19
      26
      25
      24
      26
      27
      27
      25
      30
      20
      22
      20
      37
      30
      30
      21
      21
      20
      31
      26
      14
      25
      22
      26
      25
      15
      28
      24
      27
      38
      25
      31
      29
      34
      30
      37
      22
      25
      23
      30
      28
      26
      30
      35
      26
      28
      24
      23
      20
      28
      24
      24
      19
      23
      39
      24
      10
      22
      25
      21
      18
      26
      19
      29
      18
      22
      34
      29
      31
      18
      28
      26
      22
      21
      21
      21
      21
      18
      20
      23
      22
      14
      17
      13
      18
      22
      19
      20
      18
      25
      10
      28
      20
      24
      20
      16
      21
      23
      23
      19
      20
      19
      21
      26
      24
      23
      28
      26
      15
      14
      11
      16
      19
      19
      21
      14
      17
      19
      21
      15
      21
      25
      15
      21
      11
      16
      13
      21
      15
      18
      25
      20
      15
      35
      21
      16
      13
      19
      19
      15
      15
      14
      18
      16
      24
      23
      18
      17
      15
      18
      16
      19
      24
      24
      19
      19
      19
      15
      13
      20
      20
      15
      24
      18
      19
      14
      18
       9
      15
      19
      15
      15
      16
      18
      16
      18
      16
      15
      10
      12
      13
      22
      18
      20
      20
      14
      19
      15
      19
      17
      19
      14
      24
      17
      16
      20
      26
      15
      15
      16
      25
      21
      20
       8
      23
      18
      13
      16
      13
      13
      16
      15
      21
      12
       7
      16
      14
      18
      15
      19
      11
      18
      14
      16
      12
       8
      15
      12
      11
       8
      22
      15
      15
      10
      19
      11
      11
      12
      11
       7
      24
      24
      14
      18
      13
      18
      19
      16
      15
      14
      24
      15
      14
      10
      15
      16
      16
      17
      11
      12
      16
      21
      12
       9
      18
       9
      15
      19
      11
      14
      16
      12
      20
      16
      10
      14
      14
      14
      15
      21
      11
      14
      23
      13
      15
      14
      15
      10
      10
      19
      15
      20
      16
      17
      12
      15
      15
      13
      18
      15
      14
      10
      11
      12
      15
       9
      12
      10
      15
       6
      15
      11
      11
      21
      10
      15
      22
      15
      17
      16
      12
      18
      14
      25
      18
      12
      18
       9
      11
       8
      18
      17
       9
      11
      13
      17
      13
      17
      20
      15
       9
      11
      13
      14
      13
      14
      13
      19
       9
      12
      13
      13
      14
      17
      11
      14
      23
      12
      19
      17
      18
      17
      16
      20
      13
      16
      14
      14
      21
      14
      11
      15
      13
      22
      17
      14
      10
      15
      21
       8
      11
      24
      14
      18
      19
      22
      15
      15
      12
      17
      12
      15
      13
      16
      10
      15
      13
       9
      11
      14
      11
      17
       8
      11
       9
      17
      19
      14
       9
       9
      12
      20
      14
      13
      13
       8
      14
      10
      12
      17
      18
       8
      16
      14
      15
      19
      12
      22
      14
      15
      11
      16
      13
      21
       5
      12
      14
      13
       7
      15
      15
      21
      12
      17
      12
       9
      19
      16
      11
      14
      15
      19
       9
      15
      16
      18
      12
      15
      13
      22
      17
      15
      16
      14
      19
      15
      20
      18
      12
      24
      21
      18
       9
       9
      11
      19
       9
      14
      21
      15
      13
      12
      21
      21
      16
      16
       8
       8
      16
      12
      22
      16
      15
      14
      10
      11
      15
      13
      24
      14
      13
      11
      16
      18
      13
      13
      10
      10
      15
      16
      17
      10
      18
      16
      12
      13
      15
      18
      15
      10
      10
      12
      15
      15
      14
       7
      13
      18
      16
       8
      10
       9
      13
       8
      11
      14
      14
      13
      15
      15
      18
      19
      14
      13
      11
      15
      12
      11
      17
       8
      14
       9
       6
       7
      13
      11
      11
      14
      16
       9
       9
      11
       9
      10
       9
      11
      17
      12
      10
      13
      17
      11
      14
      12
      11
      13
      17
       9
      16
      14
      12
      13
       7
      12
       8
      11
       5
      19
       9
      15
      12
      14
       7
      11
       7
      18
      17
      15
       9
       7
       4
      12
      10
      15
      11
       7
       4
      13
       8
      10
       8
      16
      13
      10
       7
       7
      14
       7
      12
       9
       9
       4
      12
      13
      13
      12
      11
      13
      11
       5
       4
       4
      11
      11
       6
       3
      11
       3
       5
      15
       4
       6
       7
      14
      10
       9
       9
       7
       7
      11
       7
      11
       6
      11
      12
      11
       9
      11
       5
       7
       7
       5
      11
       6
       8
       6
      12
       2
      11
       4
      15
       9
       6
       7
       6
       6
       9
       7
       7
       7
      11
      11
       6
       7
       7
       7
       5
      14
      11
      13
       5
       5
      12
      10
       3
       5
       8
       6
       6
       8
      12
       8
       9
       5
       8
      14
       2
      10
       7
       5
       8
      13
       9
       4
      13
       8
      10
       9
       9
       8
       6
      10
       5
       5
       5
       2
      11
       5
       9
       3
      10
       8
       4
       7
       9
       2
       5
       2
       7
       5
      11
      11
      10
       9
       6
       3
       8
      12
       8
       7
      15
      17
       9
       4
       9
       6
      12
      12
       9
      10
       7
      13
       7
      10
       8
      10
      16
      11
       7
      10
      15
      14
       4
      10
      10
       9
      10
      10
       9
       5
      12
      11
       3
      21
      15
      12
      15
      10
       8
      15
      14
      13
       7
      14
       7
       8
      20
      15
       9
      13
      24
      17
      10
      14
      10
      19
      19
      15
      13
       9
      17
      19
       8
      12
      15
      11
      13
       9
      15
       9
      12
      14
      19
      18
      11
      19
      10
      16
      16
      10
      21
      13
      19
      11
       9
      11
      16
      10
      11
      14
      17
       8
      15
       9
      13
      21
      19
      14
      16
      19
       4
      16
      11
      16
      13
      23
       9
      16
      15
      13
      12
      13
      12
       9
      15
       6
       8
       7
      12
       8
      11
       6
       8
      19
      10
       5
      12
       8
       8
       7
       8
       7
       8
       4
       7
      10
      10
       7
      12
      14
      14
       6
      16
      10
       9
       8
       7
       9
       5
       7
       7
       8
      11
      16
      11
      10
       4
       9
       8
       9
       7
      11
      13
      10
       7
       9
       3
      13
      12
       7
      10
       4
       8
       1
       6
       1
       8
       7
       8
       7
       5
       4
       6
       2
       2
       4
       3
       1
       2
       0
       0
       0
       0
       0
       0
       0
       0
       0
       0
       0
       0
       0
       0
       0
       0
       0
       0
       0
       0
       0
       0
       0
       0
       0
       0
       0
       0
       0
       0
       0
       0
       0
       0
       0
       0
       0
       0
       0
       0
       0
       0
       0
       0
       0
       0
       0
       0
       0
       0
       0
       0
       0
       0
       0
       0
       0
       0
       0
       0
       0
       0
       0
       0
       0
       0
       0
       0
       0
       0
       0
       0
       0
       0
       0
       0
       0
       0
       0
       0
       0
       0
       0
       0
       0
       0
       0
       0
       0
       0
       0
       0
       0
       0
       0
       0
       0
       0
       0
       0
       0
       0
       0
       0
       0
       0
       0
       0
       0
       0
       0
       0
       0
       0
       0
       0
       0
       0
       0
       0
       0
       0
       0
       0
       0
       0
       0
       0
       0
       0
       0
       0
       0
       0
       0
       0
       0
       0
       0
       0
       0
       0
       0
       0
       0
       0
       0
       0
       0
       0
       0
       0
       0
       0
       0
       0
       0
       0
       0
       0
       0
       0
       0
       0
       0
       0
       0
       0
       0
       0
       0
       0
       0
       0
       0
       0
       0
       0
       0
       0
       0
       0
       0
       0
       0
       0
       0
       0
       0
       0
       0
       0
       0
       0
       0
       0
       0
       0
       0
       0
       0
       0
       0
       0
       0
       0
       0
       0
       0
       0
       0
       0
       0
       0
       0
       0
       0
       0
       0
       0
       0
       0
       0
       0
       0
       0
       0
       0
       0
       0
       0
       0
       0
       0
       0
       0
       0
       0
       0
       0
       0
       0
       0
       0
       0
       0
       0
       0
       0
       0
       0
       0
       0
       0
       0
       0
       0
       0
       0
       0
       0
       0
$ROI:
1
539 549
$PRESETS:
Live Time
999999
0
$ENER_FIT:
0.000000 0.749264
$MCA_CAL:
3
0.000000E+000 7.492638E-001 0.000000E+000 keV
$SHAPE_CAL:
3
0.000000E+000 0.000000E+000 0.000000E+000
