$SPEC_ID:
none
$SPEC_REM:
DET# 1
DETDESC# GRAD-LAB Easy-MCA-2k SN 14163589
AP# Maestro Version 7.01
$DATE_MEA:
09/26/2016 14:13:01
$MEAS_TIM:
1204 1204
$DATA:
0 2047
       0
       0
       0
       0
       0
       0
       0
       0
       0
       0
       0
       0
       0
       0
       0
       0
       1
      10
      21
      19
      17
      19
      22
      16
      15
      15
      12
      18
      24
       9
      26
      17
      14
      11
      24
      20
      10
      20
       9
      15
      13
      15
      23
      22
      12
      30
      20
      19
      20
      14
      18
      27
      19
      23
      22
      19
      26
      28
      26
      30
      28
      18
      23
      25
      33
      33
      30
      18
      26
      22
      29
      28
      21
      25
      19
      27
      15
      24
      27
      31
      29
      37
      21
      18
      32
      36
      38
      33
      45
      30
      26
      40
      37
      26
      42
      36
      28
      37
      19
      32
      33
      42
      46
      26
      38
      43
      32
      27
      35
      33
      55
      48
      42
      35
      48
      56
      57
      46
      48
      53
      77
      61
      65
      99
      77
      66
      77
      74
      80
      90
      96
     104
     118
     106
     107
     103
     115
     124
     132
     128
     109
     131
     115
     113
     117
     144
     104
      83
      91
      88
     113
     101
      96
      90
      97
      99
      94
      98
      81
      84
      81
      79
      90
      75
      85
      95
      79
      68
      83
      75
      76
      64
      68
      79
      77
      58
      71
      63
      75
      83
      66
      77
      58
      60
      75
      69
      73
      61
      74
      78
      87
      67
      62
      71
      59
      78
      70
      67
      73
      73
      70
      70
      61
      69
      73
      62
      68
      78
      78
      75
      68
      53
      67
      55
      64
      71
      82
      64
      69
      65
      59
      66
      65
      62
      77
      66
      75
      56
      66
      65
      64
      67
      63
      61
      56
      65
      66
      69
      62
      66
      64
      60
      91
      69
      71
      54
      73
      68
      64
      63
      57
      53
      64
      58
      57
      74
      65
      50
      68
      73
      73
      65
      56
      60
      70
      50
      66
      72
      60
      55
      71
      63
      69
      53
      61
      57
      58
      53
      57
      57
      61
      62
      63
      62
      53
      46
      64
      58
      69
      58
      64
      56
      46
      62
      63
      56
      67
      73
      63
      55
      69
      51
      65
      50
      60
      61
      59
      61
      55
      55
      56
      51
      68
      59
      63
      61
      51
      54
      57
      62
      57
      44
      53
      61
      44
      51
      72
      67
      44
      62
      50
      47
      53
      62
      46
      49
      39
      51
      48
      50
      43
      59
      60
      68
      42
      55
      58
      53
      68
      50
      64
      42
      43
      65
      54
      57
      65
      40
      59
      41
      46
      43
      50
      59
      53
      45
      48
      66
      46
      51
      45
      56
      58
      51
      34
      57
      49
      47
      31
      63
      41
      41
      60
      41
      35
      50
      47
      49
      50
      62
      57
      52
      43
      50
      40
      39
      35
      52
      35
      38
      50
      40
      45
      36
      50
      52
      37
      37
      40
      42
      45
      53
      45
      37
      36
      44
      44
      47
      44
      44
      47
      39
      32
      40
      45
      43
      43
      45
      36
      40
      50
      42
      47
      40
      45
      46
      47
      39
      35
      45
      36
      35
      33
      30
      40
      36
      40
      44
      42
      30
      32
      38
      50
      39
      41
      45
      46
      31
      41
      33
      46
      42
      41
      38
      39
      26
      42
      35
      30
      37
      35
      46
      38
      41
      37
      32
      47
      38
      32
      27
      37
      42
      37
      36
      47
      41
      32
      44
      49
      37
      32
      33
      38
      41
      35
      36
      37
      35
      47
      38
      36
      33
      32
      45
      42
      34
      38
      38
      44
      44
      35
      47
      54
      46
      32
      45
      38
      42
      27
      37
      47
      43
      40
      27
      36
      24
      33
      38
      25
      23
      22
      35
      33
      35
      36
      29
      22
      38
      33
      21
      30
      35
      35
      26
      33
      23
      29
      40
      37
      33
      36
      38
      29
      44
      42
      29
      38
      29
      45
      29
      38
      26
      29
      33
      33
      28
      36
      28
      33
      27
      32
      33
      40
      26
      27
      36
      34
      40
      35
      28
      26
      23
      30
      34
      21
      34
      37
      34
      30
      38
      27
      19
      39
      29
      22
      24
      27
      29
      39
      39
      29
      31
      35
      30
      27
      39
      29
      32
      44
      32
      30
      25
      29
      36
      34
      34
      39
      46
      34
      24
      25
      33
      27
      41
      34
      30
      35
      30
      41
      41
      42
      45
      27
      50
      49
      38
      56
      47
      37
      42
      67
      42
      45
      41
      49
      48
      49
      45
      52
      45
      52
      50
      40
      30
      55
      56
      41
      52
      61
      60
      52
      61
      52
      52
      65
      57
      45
      61
      47
      54
      55
      61
      45
      53
      71
      49
      66
      60
      43
      52
      67
      54
      67
      54
      35
      50
      48
      57
      69
      50
      68
      52
      54
      44
      48
      63
      56
      53
      40
      55
      58
      58
      46
      59
      49
      35
      58
      46
      59
      43
      55
      55
      57
      50
      42
      33
      48
      39
      48
      52
      39
      58
      50
      38
      40
      34
      36
      41
      47
      41
      29
      34
      44
      44
      36
      41
      34
      38
      38
      19
      29
      39
      25
      36
      36
      26
      34
      31
      23
      36
      30
      28
      33
      28
      22
      22
      22
      29
      27
      32
      27
      28
      31
      21
      28
      30
      25
      22
      23
      29
      29
      24
      28
      33
      29
      24
      26
      22
      20
      27
      24
      20
      29
      18
      26
      24
      12
      29
      28
      21
      22
      17
      23
      13
      15
      22
      25
      16
      37
      27
      21
      25
      31
      26
      24
      20
      21
      23
      21
      18
      34
      21
      17
      20
      29
      19
      24
      28
      24
      15
      14
      19
      26
      27
      33
      19
      14
      16
      20
      16
      30
      27
      18
      23
      15
      22
      21
      28
      17
      18
      21
      18
      16
      20
      15
      24
      14
      25
      19
      17
      31
      11
      15
      24
      26
      18
      20
      24
      22
      20
      15
      21
      21
      16
      24
      28
       8
      18
      19
      27
      22
      16
      24
      16
      18
      19
      20
      13
      25
      20
      15
      25
      19
      23
      22
      17
      22
      22
      18
      17
      25
      20
      20
      16
      13
      24
      18
      19
      11
      27
      19
      19
      18
      17
      16
      12
      16
      27
      12
      17
      15
      13
       9
      20
      14
      18
      22
      12
      16
      13
      13
      14
      19
       6
      16
      11
      13
       9
      12
      15
      18
      13
      13
      16
      18
      10
      12
      26
      11
      15
      21
      21
      19
      14
      19
      19
      15
      26
       6
      14
      12
       6
       8
      13
       6
      16
      14
      12
      14
      14
      14
      17
      14
      19
      15
      10
      13
      17
      15
      13
      10
      16
      16
       7
      13
      19
      22
      11
       9
      15
       8
      16
      17
      11
      10
      13
      10
       8
      14
       6
       9
       6
      13
      13
      13
      16
      10
      10
      11
      11
      13
      12
      13
      11
      12
      12
      15
      13
       8
      11
      13
      14
      13
       6
       8
      13
       8
      14
      16
      20
       7
      11
      16
      18
      14
       9
      10
       8
       9
      14
       3
       9
      16
      15
      12
      11
      15
      11
      13
      16
       8
      13
      15
       7
      14
      12
      21
       9
      16
       7
      15
       9
      15
      10
       9
      10
       5
      17
      15
       9
      10
       8
      17
      15
      16
      15
       7
       9
      13
      12
      14
      19
       9
      16
      10
       6
      13
      11
       6
      13
       6
      17
      11
      15
      16
      11
      10
      13
       6
      10
      11
      10
      13
      11
      11
      10
      16
      10
       9
      10
      10
       9
      11
      15
      10
      11
      15
      17
      15
      13
       9
      18
      13
      13
      12
       8
      11
      13
      12
       9
       4
       9
       8
      17
      14
      10
      15
      14
       9
      12
      15
      10
       9
       6
      13
       7
       8
       6
      10
      11
      12
      13
       7
      12
       7
      10
      12
      13
      16
      11
      16
       9
      15
       8
       9
      10
      17
       9
      10
       6
      13
      10
      14
       9
      21
      12
      13
       5
      13
      11
      13
      14
       8
      12
      16
      17
      11
      13
      18
       6
      12
      15
      15
      11
       9
      12
      14
      11
      15
      14
      10
      10
       9
      15
      11
      14
      11
       8
       8
      10
      11
      15
       8
      11
      12
      15
      11
      16
       8
       8
      10
       8
      10
      11
      14
      14
       4
       8
      10
      13
      10
       9
      12
      15
      14
       7
      10
      17
       5
      11
       8
       9
      13
       7
       8
      10
      19
      17
      11
      11
      12
       5
      11
       7
       7
      12
      13
      11
       8
      13
      14
      16
      15
      10
       8
      17
      12
      11
      11
      15
       8
      11
      13
      12
      12
       7
       9
      13
       8
       8
      10
      17
      11
      10
      14
      10
       9
      18
       6
      13
      12
      13
      18
      10
      10
      10
       9
       9
      10
      10
      12
       9
      17
       9
      15
       9
      11
      14
       7
       9
      12
      17
      10
      11
      12
      10
      10
      12
       6
       8
      12
       8
       9
      12
       7
      11
      10
      14
      17
       9
      18
       9
      13
      20
      11
      13
      13
       6
       8
       8
      10
      10
       4
      11
      19
       8
       8
      15
      11
       9
       8
       9
      11
      10
       8
      15
      10
      10
      17
      11
       6
       9
       9
      11
      13
      14
      13
      17
      16
      10
       8
       6
       9
      14
       7
      13
      10
      10
       9
       9
      12
       9
       5
      12
       7
      17
       8
       9
       4
      13
      11
      12
       5
      12
       9
      11
       9
      14
       5
      11
      15
      13
       7
       7
      13
      10
       9
      12
       8
       6
       6
       3
       6
       4
       9
      15
      11
       8
       7
      14
       8
      10
       6
       6
       6
       9
      13
       3
       6
       7
      11
      15
       6
       9
       6
       1
       7
      11
       5
       8
       5
       7
       3
       8
       9
       8
       8
       7
       8
       5
       0
       5
      13
      14
       5
       4
      11
       9
       7
       6
       7
       4
       8
       9
       6
       8
      12
       9
       9
       9
       5
       7
      10
       5
       5
       5
       3
      13
       8
       7
       6
       7
       6
       3
       7
       9
       7
       7
      11
       8
       6
       6
       5
       4
       7
       5
       6
       4
       8
       6
       6
       7
       5
       8
      10
       7
       8
       5
       7
       4
       7
       4
       6
       5
       5
       6
       7
       9
       6
       8
      12
       7
       6
       7
       5
       4
       4
       3
       9
       7
       9
       4
       7
      10
       5
       9
       3
       6
       4
      11
       9
       8
       6
       5
       4
       2
       5
       3
       3
       8
       5
       8
       4
       2
       7
      11
       6
       6
       4
       7
       4
       6
       4
       0
       3
       6
       3
       6
       5
       5
       7
       4
       8
       8
       8
       7
       7
       7
       4
       4
      11
      11
       6
       6
       7
       6
       4
       5
       9
       4
       5
       5
       6
       4
      17
       3
       6
       8
       6
       3
       5
       7
       6
       8
       8
       6
      10
       2
       5
       6
       6
      12
      11
       9
      10
       5
      10
       9
      12
       7
      12
      10
       7
      17
       7
       9
       8
       8
      14
      12
       5
       7
      11
      13
      18
      14
      13
      11
      14
      10
       5
      12
       8
       9
      13
       9
      10
      10
      16
      10
      13
      11
       7
      12
      15
      13
      13
      14
      12
      12
      13
       6
      11
      15
       6
       9
      13
      11
      11
      10
       8
       9
       8
      10
       7
       9
      14
      13
      14
       9
      11
      13
      12
       8
       6
      14
       4
       7
      11
      10
       5
       8
       9
       9
       7
      13
      11
      10
      11
       6
      10
      10
      15
       9
       6
       4
      14
      12
       7
       6
       9
       3
      15
       7
       7
       8
       6
      10
       4
       4
       9
      10
       4
       9
       2
       8
       6
       7
       4
       6
       8
       3
       6
       9
      12
       8
       6
       7
       6
       7
       8
       7
       5
       4
       7
       4
       3
       3
       7
       3
       4
       2
       3
      12
       5
       4
      11
       3
       7
       5
       5
       2
       4
       6
       3
       5
       2
       4
       3
       4
       4
       5
       3
       1
       2
       4
       3
       7
       3
       3
       1
       1
       0
       0
       0
       0
       0
       0
       0
       0
       0
       0
       0
       0
       0
       0
       0
       0
       0
       0
       0
       0
       0
       0
       0
       0
       0
       0
       0
       0
       0
       0
       0
       0
       0
       0
       0
       0
       0
       0
       0
       0
       0
       0
       0
       0
       0
       0
       0
       0
       0
       0
       0
       0
       0
       0
       0
       0
       0
       0
       0
       0
       0
       0
       0
       0
       0
       0
       0
       0
       0
       0
       0
       0
       0
       0
       0
       0
       0
       0
       0
       0
       0
       0
       0
       0
       0
       0
       0
       0
       0
       0
       0
       0
       0
       0
       0
       0
       0
       0
       0
       0
       0
       0
       0
       0
       0
       0
       0
       0
       0
       0
       0
       0
       0
       0
       0
       0
       0
       0
       0
       0
       0
       0
       0
       0
       0
       0
       0
       0
       0
       0
       0
       0
       0
       0
       0
       0
       0
       0
       0
       0
       0
       0
       0
       0
       0
       0
       0
       0
       0
       0
       0
       0
       0
       0
       0
       0
       0
       0
       0
       0
       0
       0
       0
       0
       0
       0
       0
       0
       0
       0
       0
       0
       0
       0
       0
       0
       0
       0
       0
       0
       0
       0
       0
       0
       0
       0
       0
       0
       0
       0
       0
       0
       0
       0
       0
       0
       0
       0
       0
       0
       0
       0
       0
       0
       0
       0
       0
       0
       0
       0
       0
       0
       0
       0
       0
       0
       0
       0
       0
       0
       0
       0
       0
       0
       0
       0
       0
       0
       0
       0
       0
       0
       0
       0
       0
       0
       0
       0
       0
       0
       0
       0
       0
       0
       0
       0
       0
       0
       0
       0
       0
       0
       0
       0
       0
       0
       0
       0
       0
       0
       0
       0
       0
       0
       0
       0
       0
       0
       0
       0
       0
       0
       0
       0
       0
       0
$ROI:
1
849 850
$PRESETS:
Live Time
999999
0
$ENER_FIT:
0.000000 0.749264
$MCA_CAL:
3
0.000000E+000 7.492638E-001 0.000000E+000 keV
$SHAPE_CAL:
3
0.000000E+000 0.000000E+000 0.000000E+000
