$SPEC_ID:
none
$SPEC_REM:
DET# 1
DETDESC# GRAD-LAB Easy-MCA-2k SN 14163589
AP# Maestro Version 7.01
$DATE_MEA:
09/26/2016 14:33:35
$MEAS_TIM:
682 683
$DATA:
0 2047
       0
       0
       0
       0
       0
       0
       0
       0
       0
       0
       0
       0
       0
       0
       0
       0
       0
       3
      16
       7
      14
      14
      14
      10
       9
      16
      17
      10
      12
      12
       9
       6
      10
      11
      14
      14
       8
      11
      11
      13
       4
      11
       9
      11
      10
      11
      10
      13
      10
       9
       9
      21
      14
      12
      11
      15
      12
      24
      18
      16
      21
      13
      18
      18
      17
      18
      13
      17
      15
      16
      21
      12
      13
       8
      26
      10
      16
       7
      13
      21
      16
      20
      23
      18
      18
      20
      31
      14
      17
      18
      13
      15
      17
      21
      18
      23
      23
      24
      30
      24
      19
      21
      19
      17
      29
      26
      19
      17
      22
      29
      31
      32
      28
      28
      24
      26
      35
      18
      36
      45
      38
      30
      33
      46
      40
      51
      55
      55
      45
      58
      49
      52
      68
      60
      57
      63
      75
      61
      64
      57
      64
      70
      47
      63
      68
      60
      43
      62
      61
      58
      38
      43
      52
      48
      61
      52
      43
      50
      56
      38
      48
      35
      38
      48
      39
      37
      30
      45
      42
      35
      52
      30
      29
      31
      47
      42
      36
      44
      37
      31
      35
      39
      40
      37
      44
      36
      27
      34
      36
      35
      35
      33
      34
      52
      38
      51
      30
      35
      41
      37
      41
      36
      34
      45
      45
      40
      42
      40
      49
      46
      40
      38
      39
      37
      37
      39
      45
      35
      37
      42
      33
      39
      42
      44
      40
      40
      29
      46
      32
      52
      28
      29
      49
      42
      27
      50
      42
      38
      43
      48
      37
      30
      43
      46
      23
      30
      40
      26
      34
      43
      32
      33
      38
      44
      43
      46
      35
      24
      34
      27
      39
      23
      50
      38
      32
      32
      30
      46
      45
      35
      37
      32
      37
      33
      21
      45
      35
      35
      46
      36
      44
      43
      43
      39
      37
      34
      33
      30
      35
      45
      35
      44
      38
      25
      30
      40
      33
      37
      41
      30
      38
      27
      42
      50
      44
      27
      23
      38
      24
      41
      36
      26
      32
      35
      49
      45
      37
      35
      57
      32
      48
      34
      34
      37
      33
      38
      42
      38
      27
      35
      41
      43
      28
      33
      24
      36
      37
      35
      43
      40
      26
      42
      29
      45
      38
      29
      27
      26
      34
      35
      31
      33
      31
      34
      21
      25
      35
      42
      25
      28
      32
      30
      35
      29
      25
      43
      45
      28
      33
      36
      28
      32
      30
      25
      26
      43
      33
      32
      28
      29
      29
      24
      41
      34
      37
      31
      28
      25
      35
      24
      30
      32
      30
      23
      25
      28
      25
      37
      36
      28
      34
      23
      25
      25
      35
      33
      25
      23
      20
      31
      25
      26
      33
      25
      21
      22
      29
      21
      30
      28
      35
      35
      31
      31
      29
      35
      26
      22
      27
      31
      27
      21
      29
      24
      22
      24
      26
      21
      20
      32
      23
      21
      18
      26
      24
      41
      20
      24
      24
      29
      20
      36
      26
      24
      25
      25
      31
      27
      21
      22
      25
      25
      31
      23
      30
      21
      24
      28
      27
      22
      34
      36
      20
      25
      29
      26
      26
      18
      36
      20
      28
      15
      23
      24
      31
      30
      22
      20
      28
      17
      27
      21
      15
      25
      21
      27
      18
      17
      29
      15
      18
      26
      23
      21
      22
      18
      23
      28
      17
      13
      26
      23
      32
      15
      27
      12
      20
      25
      23
      21
      20
      26
      28
      29
      21
      24
      25
      24
      16
      22
      28
      19
      21
      32
      20
      11
      24
      19
      25
      22
      18
      24
      24
      19
      19
      19
      18
      21
      17
      21
      21
      25
      16
      24
      20
      16
      25
      14
      17
      19
      23
      17
      11
      19
      18
      11
      10
      18
      22
      16
      16
      25
      13
      20
      25
      18
      18
      19
      21
      21
      14
      26
      21
      18
      21
      16
      26
      21
      22
      16
      28
      19
      15
      17
      15
      21
      28
      17
      14
      19
      21
      20
      19
      12
      21
      29
      17
      15
      30
      22
      22
      26
      23
      14
      22
      26
      28
      34
      20
      35
      23
      21
      22
      24
      17
      22
      34
      29
      19
      29
      24
      39
      25
      30
      22
      28
      26
      19
      28
      21
      35
      19
      22
      31
      36
      29
      26
      38
      30
      47
      32
      30
      29
      26
      39
      26
      40
      33
      39
      28
      37
      31
      40
      25
      29
      23
      29
      27
      34
      43
      29
      44
      45
      34
      30
      30
      37
      42
      33
      32
      34
      30
      40
      43
      32
      30
      45
      42
      34
      43
      44
      34
      40
      39
      51
      31
      33
      35
      35
      42
      36
      32
      20
      28
      33
      31
      22
      34
      22
      41
      27
      36
      24
      24
      40
      33
      39
      24
      28
      31
      27
      27
      30
      30
      27
      32
      25
      32
      23
      19
      35
      24
      25
      27
      25
      27
      21
      30
      16
      31
      21
      27
      15
      17
      24
      25
      11
      18
      14
      26
      24
      17
      17
      17
      12
      18
      19
      15
      27
      12
      21
       9
      18
      20
      12
      13
      24
      18
      19
      14
      17
      17
      15
      12
      19
      19
      14
      12
      17
      14
      18
      17
      13
      11
      11
      10
      13
      19
      10
      17
      12
      16
       6
      17
      19
      13
      16
      12
      10
      13
      11
      14
      13
      15
      16
      10
      10
      12
      10
      13
      13
      12
      10
      10
       7
      17
      11
      10
       6
      11
       6
      13
      15
      11
       6
      14
      16
      12
      11
      12
      10
      11
       1
      12
      12
      13
      16
      10
      13
      13
      17
       8
      18
       9
       8
       9
      10
      12
      14
      12
      19
      12
      16
       9
      11
      10
      14
      11
       9
      12
       8
      10
      11
      15
       9
      11
      15
      12
       7
      11
       9
      13
      10
      10
      19
      14
       6
       8
      13
      10
      14
      10
       7
      12
       8
      16
      10
      12
      12
      14
       9
       8
      12
      11
      14
       6
       9
      13
       7
      14
      11
      11
      11
       7
       8
      16
      16
       4
       9
      11
      15
      11
      14
      11
      10
      10
       8
       5
       8
       4
       8
       8
       8
       8
       9
      12
       9
       7
      11
       9
      12
       7
       9
      10
      12
       7
       8
       8
      10
       8
       6
      10
       7
       7
       7
       7
       9
       3
       5
       6
       7
       5
      11
       4
       7
       7
       7
       9
      13
       7
       9
       5
      10
      10
       2
      11
      10
       7
       8
      10
      14
       8
       6
       8
       7
      12
       5
       5
       6
       3
       9
       7
       7
       9
       6
       5
      13
       8
       5
       6
      13
       5
      10
       8
       8
       6
       6
       2
       5
      10
      13
       8
       8
       3
       5
       5
       3
      11
       4
       6
       1
       8
       4
       9
      10
       4
      10
       8
       9
       9
       8
       5
       5
       5
       7
       3
      10
       8
       7
       5
      11
       4
       8
       5
       5
       4
       5
       9
      10
       9
       8
       8
      13
       9
       9
      10
       3
      10
       7
       7
       5
       5
       5
      14
       9
      10
      10
       6
       8
       6
       4
       3
       6
       9
       5
       4
      10
       1
       7
       8
       5
       6
       7
       7
       5
       6
      11
       7
       4
       4
       6
       2
      14
       7
       8
       4
       7
       6
       6
       7
       6
       9
       9
      10
       8
       9
       7
       8
       7
      10
      12
       2
       4
       5
      10
      12
       7
       4
       9
       8
       7
       4
       6
       4
       7
       3
       8
       5
       7
       4
       8
       7
       6
       9
       5
       6
       8
       8
       8
       4
       5
       5
       4
       3
       7
       6
       7
       7
       9
       5
       7
       9
       7
       7
       1
       3
       6
       8
      11
       6
       5
       9
       6
       6
      10
       9
       8
       5
       4
      13
       6
       6
      10
       5
       6
       5
       6
       8
       7
      11
       7
       7
       8
       6
       4
       6
       9
       8
      11
       6
       9
      14
       6
       5
       6
       4
       4
       5
      10
       5
       9
       9
       4
       3
       3
       7
       9
       9
       9
       4
       5
       9
       6
       5
       3
       8
       3
       8
       4
       5
       6
       2
       5
       8
       7
       1
       5
       4
       9
       7
       7
       7
       1
       3
       4
       6
       5
       6
       6
       5
       6
       7
       9
       8
       7
       5
       7
       6
       9
       2
       3
       5
       1
       6
       3
       4
       3
      10
       5
       6
       9
       7
       4
       5
       6
       7
       8
       9
       4
       6
       6
      10
       3
      11
       5
       7
       4
       4
       4
       6
       7
       7
       6
       9
       7
       6
       6
       9
       6
       6
       8
      10
       3
      12
       7
       3
       4
       9
       6
      10
       6
       9
       5
       3
       8
       7
       9
       6
       9
      10
       5
       8
      13
       7
       5
      10
       7
       8
       7
       9
      10
      13
       5
       6
       2
       5
      11
       3
       5
       7
       5
       2
       8
       1
       7
       5
       8
       8
       4
       6
       9
      11
       6
       2
       8
       8
       5
       7
       7
       1
       8
       5
       5
       6
       2
       7
       8
      12
       7
       4
       6
       9
       4
       9
       4
       8
      10
       5
       4
       9
       6
       4
       7
       7
       9
       6
       5
       6
       7
       8
       4
       7
       5
       8
       7
       6
       6
       5
      11
       4
       4
       9
       1
       5
       5
       9
       4
       5
       5
       6
       2
       4
       4
       5
      12
       9
       9
       6
       4
       5
       5
       5
       3
       7
       3
       6
       3
       4
       5
       4
       5
       5
       7
       9
       4
       3
       4
       4
       4
       9
       8
       4
      10
       1
       4
       6
       0
       6
       5
       3
       3
       5
       3
       3
       4
       6
       4
       4
       1
       9
       5
       3
      10
       5
       4
       1
       3
       2
       3
       8
       6
       4
       4
       4
       6
       2
       8
       3
       5
       4
       1
       5
       5
       9
       6
       5
       3
       5
       9
       1
       5
       4
       6
       2
       3
       9
       6
       2
       5
       6
       4
       6
       5
       4
       6
       1
       5
       5
       6
       3
       3
       4
       5
       3
       3
       5
       1
       5
       3
       4
       7
       4
       3
       8
       1
       4
       3
       3
       4
       3
       3
       2
       2
       4
       2
       5
       6
       4
       2
       5
       2
       2
       2
       1
       3
       4
       4
       1
       2
       6
       6
       6
       2
       5
       2
       4
       4
       4
       7
       0
       3
       3
       0
       4
       2
       4
       4
       4
       8
       5
       3
       6
       2
       3
       3
       3
       7
       3
       3
       3
       4
       2
       2
       5
       4
       4
       2
       2
       0
       6
       4
       4
       3
       6
       3
       3
       2
       3
       5
       7
       5
       3
       5
       5
       2
       4
       2
       6
       4
       4
       2
       6
       6
       2
       6
       4
      10
       7
       0
       5
       3
       7
       4
       4
       3
      11
       3
       5
       3
       6
       4
       2
       8
       5
       5
       7
       6
       8
       6
       4
       5
       4
       7
       5
       4
       7
       4
       8
       3
       8
       7
       5
       7
       6
       5
       7
       6
       4
       6
       6
      11
       8
       9
       5
      10
       8
       7
       5
       8
       5
       8
       5
       7
       4
       7
       8
       7
      15
       7
       6
       8
       4
       5
      10
       4
       3
       7
       3
       5
       4
       5
       5
       5
       4
       5
       6
       5
      10
       8
       7
       3
       8
       2
       4
       4
       7
       4
       7
       7
       4
       2
       7
       5
       6
       5
       5
       6
       6
       2
       4
       4
       3
       5
       5
       6
       5
       6
       3
       5
       4
       5
       6
       8
       5
       3
       3
       5
       5
       2
       5
       4
       4
       4
       4
       2
       3
       2
       7
       5
       4
       2
       4
       3
       3
       2
       5
       5
       7
       6
       4
       3
       2
       1
       3
       2
       3
       4
       6
       1
       4
       3
       3
       0
       4
       4
       2
       1
       1
       1
       3
       2
       3
       1
       3
       2
       0
       1
       3
       2
       1
       2
       2
       0
       0
       0
       0
       0
       0
       0
       0
       0
       0
       0
       0
       0
       0
       0
       0
       0
       0
       0
       0
       0
       0
       0
       0
       0
       0
       0
       0
       0
       0
       0
       0
       0
       0
       0
       0
       0
       0
       0
       0
       0
       0
       0
       0
       0
       0
       0
       0
       0
       0
       0
       0
       0
       0
       0
       0
       0
       0
       0
       0
       0
       0
       0
       0
       0
       0
       0
       0
       0
       0
       0
       0
       0
       0
       0
       0
       0
       0
       0
       0
       0
       0
       0
       0
       0
       0
       0
       0
       0
       0
       0
       0
       0
       0
       0
       0
       0
       0
       0
       0
       0
       0
       0
       0
       0
       0
       0
       0
       0
       0
       0
       0
       0
       0
       0
       0
       0
       0
       0
       0
       0
       0
       0
       0
       0
       0
       0
       0
       0
       0
       0
       0
       0
       0
       0
       0
       0
       0
       0
       0
       0
       0
       0
       0
       0
       0
       0
       0
       0
       0
       0
       0
       0
       0
       0
       0
       0
       0
       0
       0
       0
       0
       0
       0
       0
       0
       0
       0
       0
       0
       0
       0
       0
       0
       0
       0
       0
       0
       0
       0
       0
       0
       0
       0
       0
       0
       0
       0
       0
       0
       0
       0
       0
       0
       0
       0
       0
       0
       0
       0
       0
       0
       0
       0
       0
       0
       0
       0
       0
       0
       0
       0
       0
       0
       0
       0
       0
       0
       0
       0
       0
       0
       0
       0
       0
       0
       0
       0
       0
       0
       0
       0
       0
       0
       0
       0
       0
       0
       0
       0
       0
       0
       0
       0
       0
       0
       0
       0
       0
       0
       0
       0
       0
       0
       0
       0
       0
       0
       0
       0
       0
       0
       0
       0
       0
       0
       0
       0
       0
       0
       0
       0
       0
       0
       0
       0
$ROI:
1
849 850
$PRESETS:
Live Time
999999
0
$ENER_FIT:
0.000000 0.749264
$MCA_CAL:
3
0.000000E+000 7.492638E-001 0.000000E+000 keV
$SHAPE_CAL:
3
0.000000E+000 0.000000E+000 0.000000E+000
