$SPEC_ID:
none
$SPEC_REM:
DET# 1
DETDESC# GRAD-LAB Easy-MCA-2k SN 14163589
AP# Maestro Version 7.01
$DATE_MEA:
09/14/2016 13:22:31
$MEAS_TIM:
426 427
$DATA:
0 2047
       0
       0
       0
       0
       0
       0
       0
       0
       0
       0
       0
       0
       0
       0
       0
       0
       0
      21
     115
     126
     117
     127
     124
     141
     149
     156
     127
     144
     138
     141
     142
     120
     136
     156
     134
     148
     127
     143
     157
     176
     165
     139
     151
     136
     172
     131
     141
     145
     141
     141
     135
     180
     161
     157
     159
     165
     154
     199
     178
     190
     164
     182
     178
     177
     149
     181
     146
     204
     169
     180
     165
     164
     177
     181
     173
     165
     198
     186
     194
     178
     193
     202
     209
     207
     208
     220
     204
     216
     200
     207
     203
     251
     216
     217
     204
     201
     228
     184
     229
     207
     197
     210
     213
     226
     210
     202
     192
     222
     193
     197
     225
     223
     225
     218
     211
     221
     240
     228
     266
     244
     272
     259
     268
     299
     324
     314
     377
     363
     406
     422
     428
     492
     488
     498
     521
     555
     563
     532
     553
     565
     544
     582
     518
     545
     486
     535
     511
     488
     525
     455
     463
     405
     432
     451
     381
     439
     396
     415
     387
     349
     382
     348
     332
     301
     352
     304
     292
     328
     305
     270
     290
     243
     270
     299
     282
     233
     253
     249
     282
     255
     231
     249
     280
     233
     229
     236
     267
     245
     263
     239
     276
     269
     274
     262
     265
     281
     265
     290
     250
     273
     244
     272
     281
     271
     287
     293
     289
     277
     276
     270
     269
     243
     263
     279
     276
     244
     262
     289
     268
     283
     301
     268
     269
     276
     289
     282
     266
     259
     268
     299
     295
     301
     283
     302
     277
     246
     298
     296
     288
     314
     274
     246
     300
     274
     267
     265
     302
     259
     308
     294
     257
     307
     304
     287
     290
     276
     275
     302
     287
     334
     320
     301
     292
     322
     300
     320
     331
     328
     298
     299
     320
     331
     315
     316
     339
     294
     323
     301
     308
     289
     308
     321
     350
     322
     368
     348
     352
     315
     350
     351
     382
     387
     353
     348
     354
     391
     379
     404
     371
     411
     386
     391
     434
     403
     398
     384
     405
     406
     404
     451
     378
     443
     429
     426
     455
     475
     450
     427
     461
     429
     433
     428
     439
     385
     422
     410
     418
     451
     401
     421
     429
     441
     458
     397
     442
     435
     408
     442
     446
     436
     401
     445
     452
     402
     415
     436
     406
     392
     428
     441
     415
     395
     419
     397
     409
     384
     383
     402
     454
     401
     414
     441
     436
     412
     395
     356
     398
     396
     393
     361
     425
     380
     388
     383
     366
     377
     406
     396
     367
     383
     402
     350
     376
     368
     385
     360
     344
     354
     364
     384
     383
     363
     363
     404
     340
     382
     355
     363
     376
     367
     346
     376
     369
     375
     382
     367
     379
     347
     402
     383
     342
     332
     345
     379
     354
     379
     367
     350
     368
     340
     356
     343
     363
     354
     364
     360
     357
     384
     331
     352
     333
     347
     342
     352
     354
     375
     334
     344
     340
     364
     339
     316
     351
     318
     315
     341
     333
     354
     341
     349
     323
     356
     310
     328
     336
     343
     343
     332
     358
     340
     329
     345
     349
     337
     318
     322
     316
     328
     357
     347
     361
     352
     376
     324
     350
     349
     336
     326
     310
     344
     342
     303
     328
     330
     346
     370
     360
     334
     318
     331
     342
     320
     347
     310
     330
     327
     297
     301
     312
     311
     284
     332
     307
     287
     357
     328
     295
     324
     335
     341
     337
     326
     334
     334
     317
     341
     341
     325
     334
     317
     284
     343
     306
     311
     316
     341
     320
     306
     308
     343
     343
     344
     349
     358
     323
     297
     335
     328
     340
     299
     308
     346
     321
     336
     332
     325
     307
     324
     311
     348
     328
     353
     323
     298
     307
     358
     353
     315
     349
     346
     314
     322
     321
     318
     323
     326
     338
     307
     326
     333
     339
     310
     347
     339
     362
     295
     332
     320
     314
     347
     344
     354
     338
     357
     331
     345
     348
     294
     340
     345
     338
     314
     313
     373
     341
     348
     340
     332
     370
     349
     344
     406
     337
     317
     343
     351
     341
     341
     373
     367
     346
     332
     379
     333
     343
     346
     359
     325
     320
     299
     316
     375
     339
     364
     344
     313
     316
     354
     320
     343
     327
     332
     347
     305
     311
     296
     297
     339
     313
     317
     317
     319
     321
     272
     307
     307
     321
     288
     285
     307
     264
     279
     305
     262
     276
     258
     274
     254
     243
     259
     276
     265
     221
     260
     274
     248
     216
     230
     245
     216
     257
     215
     233
     237
     220
     221
     231
     222
     216
     177
     221
     204
     215
     184
     206
     172
     179
     205
     186
     181
     196
     186
     193
     185
     199
     182
     186
     191
     198
     176
     175
     164
     169
     188
     166
     182
     176
     157
     173
     163
     181
     171
     160
     179
     176
     180
     189
     157
     175
     166
     166
     190
     179
     180
     151
     166
     156
     152
     200
     172
     152
     143
     166
     149
     140
     148
     152
     157
     145
     160
     152
     166
     151
     161
     148
     144
     175
     181
     144
     162
     170
     175
     152
     161
     166
     156
     151
     159
     168
     160
     183
     167
     158
     170
     161
     151
     153
     166
     159
     153
     176
     161
     173
     164
     165
     169
     160
     144
     172
     152
     156
     164
     152
     182
     171
     135
     171
     169
     170
     164
     185
     155
     168
     172
     153
     178
     175
     194
     177
     180
     138
     172
     186
     181
     178
     185
     194
     212
     208
     187
     210
     228
     188
     183
     215
     230
     229
     230
     228
     247
     238
     241
     244
     249
     278
     283
     262
     285
     330
     316
     363
     334
     383
     355
     427
     406
     405
     429
     498
     493
     522
     497
     600
     562
     613
     599
     573
     654
     696
     716
     709
     748
     766
     815
     836
     857
     865
     886
     996
     997
    1060
     998
    1026
    1017
    1138
    1080
    1182
    1160
    1143
    1239
    1233
    1274
    1265
    1385
    1377
    1346
    1288
    1357
    1435
    1348
    1402
    1447
    1499
    1432
    1424
    1429
    1513
    1485
    1430
    1431
    1455
    1410
    1434
    1439
    1412
    1370
    1394
    1360
    1307
    1359
    1339
    1381
    1300
    1275
    1280
    1239
    1281
    1164
    1147
    1100
    1149
    1085
    1116
    1091
    1043
    1034
     977
     993
     963
     963
     890
     890
     864
     859
     872
     828
     772
     752
     748
     712
     657
     675
     633
     623
     610
     568
     593
     500
     509
     502
     503
     449
     453
     460
     412
     416
     388
     351
     359
     353
     365
     316
     289
     315
     271
     284
     246
     230
     240
     192
     221
     196
     221
     201
     191
     163
     153
     165
     150
     129
     142
     136
     112
     106
     109
     112
      96
      99
      88
      77
      65
      56
      69
      55
      60
      54
      53
      55
      43
      44
      60
      47
      54
      41
      43
      45
      41
      26
      35
      22
      28
      27
      23
      27
      23
      17
      21
      18
      14
      17
      19
      23
      18
      16
       7
      20
       6
       9
      12
       5
       8
      15
       9
       7
       6
       7
       6
      13
       9
       8
       3
      10
       5
       6
       4
       6
       8
       5
       9
       6
       5
       2
       9
       5
      10
       5
       9
       8
       7
       7
       5
       3
       6
       3
       7
       7
       6
       5
       9
       4
       5
       5
       5
       7
       4
       4
      10
       6
       7
       3
       7
      10
       1
       2
       1
       5
       3
       8
       2
       5
       4
       7
       6
       2
       5
       2
       3
       5
       6
       8
       7
       2
       3
       7
       8
       5
       5
       5
       4
       2
       5
       9
       4
       9
       2
       6
       4
       6
       6
       5
       4
       2
       4
       0
       1
       3
       5
       5
       2
       5
       5
       4
       5
       2
       8
       4
       4
       3
       3
       3
       3
       3
       4
       7
       4
       4
       5
       1
       7
       3
       7
       7
       2
       3
       5
       3
       3
       9
       4
       3
       4
       3
       4
       5
       5
       2
       2
       7
       3
       4
       8
       3
      10
       5
       0
       7
       5
       8
       4
       8
       3
       3
       1
       4
       2
       2
       2
       3
       5
       4
       4
       7
       4
       4
       7
       3
       6
       2
       5
       3
       3
       7
       6
       2
       4
       3
       7
       3
       4
       4
       4
       5
       4
       2
       4
       3
       5
       1
       2
       3
       3
       4
       5
       0
       1
       2
       5
       3
       3
       2
       4
       4
       1
       3
       5
       3
       4
       3
       4
       4
       4
       3
       4
       4
       3
       2
       3
       2
       1
       4
       3
       3
       3
       5
       4
       4
       4
       0
       4
       4
       6
       1
       3
       3
       6
       1
       4
       5
       2
       4
       6
       5
       6
       4
       2
       7
       4
       6
       1
       5
       6
       5
       2
       6
       3
       2
       3
       3
       5
       2
       5
       2
       4
       3
       5
       5
       3
       7
       5
       6
       2
       5
       6
       5
       3
       5
       4
       2
       4
       4
       5
       8
       3
       5
       6
       6
       4
       6
       2
       4
       3
       2
       3
       5
       5
       7
       3
       8
       5
       2
       5
       6
       4
       6
       0
       2
       6
       8
       5
       2
       3
       5
       7
       5
       1
       7
       5
       7
       5
       2
       7
       2
       4
       2
       4
       3
       1
       5
       7
       3
       1
       6
       3
       4
       1
       5
       4
       3
       8
       2
       6
       7
       1
       2
       2
       2
       3
       1
       4
       1
       3
       6
       2
       7
       7
       1
       4
       4
       2
       8
       5
       1
       2
       4
       4
       5
       4
       1
       4
       3
       8
       2
       0
       6
       5
       3
       4
       3
       3
       2
       6
       2
       3
       4
       6
       4
       4
       1
       3
       3
       3
       4
       3
       3
       2
       4
       5
       2
       7
       1
       0
       0
       3
       2
       0
       3
       1
       2
       1
       1
       5
       3
       4
       3
       5
       6
       2
       3
       2
       3
       4
       3
       2
       2
       1
       3
       2
       1
       5
       1
       3
       0
       6
       8
       1
       6
       3
       3
       4
       1
       4
       0
       3
       3
       2
       1
       5
       5
       2
       3
       2
       4
       3
       6
       1
       5
       2
       3
       6
       3
       1
       1
       4
       2
       0
       2
       1
       5
       2
       2
       1
       3
       3
       1
       2
       2
       2
       1
       3
       2
       2
       2
       1
       3
       2
       1
       1
       4
       4
       6
       3
       4
       5
       2
       2
       4
       3
       2
       2
       6
       2
       3
       3
       4
       2
       1
       2
       2
       1
       3
       3
       0
       2
       2
       2
       2
       0
       1
       3
       2
       4
       2
       2
       2
       1
       3
       1
       0
       3
       1
       2
       4
       0
       3
       4
       2
       4
       0
       1
       0
       3
       4
       1
       1
       3
       2
       4
       5
       3
       3
       2
       3
       3
       2
       2
       4
       0
       0
       3
       5
       3
       3
       1
       2
       2
       2
       1
       1
       1
       2
       2
       3
       2
       2
       0
       1
       1
       1
       1
       4
       4
       1
       2
       2
       2
       3
       4
       2
       4
       5
       2
       2
       0
       1
       1
       1
       1
       2
       4
       4
       2
       4
       2
       3
       1
       0
       2
       2
       5
       4
       6
       4
       2
       3
       2
       0
       4
       3
       5
       4
       3
       7
       5
       1
       3
       3
       0
       3
       3
       3
       1
       3
       4
       2
       5
       4
       3
       1
       0
       2
       2
       2
       4
       5
       5
       4
       2
       4
       2
       2
       2
       0
       7
       3
       5
       4
       2
       1
       1
       4
       4
       2
       1
       3
       1
       3
       5
       1
       3
       3
       5
       4
       2
       2
       2
       4
       3
       3
       3
       3
       3
       6
       1
       2
       3
       1
       4
       2
       3
       1
       4
       2
       3
       1
       2
       6
       4
       2
       3
       2
       6
       5
       2
       1
       2
       5
       2
       1
       5
       2
       1
       4
       5
       2
       3
       1
       2
       1
       4
       2
       3
       2
       3
       3
       2
       2
       3
       1
       3
       2
       2
       2
       1
       7
       3
       3
       2
       6
       0
       2
       1
       3
       5
       1
       2
       1
       2
       1
       2
       3
       1
       1
       0
       0
       1
       2
       4
       0
       2
       5
       0
       0
       2
       3
       2
       0
       0
       0
       0
       0
       0
       0
       0
       0
       0
       0
       0
       0
       0
       0
       0
       0
       0
       0
       0
       0
       0
       0
       0
       0
       0
       0
       0
       0
       0
       0
       0
       0
       0
       0
       0
       0
       0
       0
       0
       0
       0
       0
       0
       0
       0
       0
       0
       0
       0
       0
       0
       0
       0
       0
       0
       0
       0
       0
       0
       0
       0
       0
       0
       0
       0
       0
       0
       0
       0
       0
       0
       0
       0
       0
       0
       0
       0
       0
       0
       0
       0
       0
       0
       0
       0
       0
       0
       0
       0
       0
       0
       0
       0
       0
       0
       0
       0
       0
       0
       0
       0
       0
       0
       0
       0
       0
       0
       0
       0
       0
       0
       0
       0
       0
       0
       0
       0
       0
       0
       0
       0
       0
       0
       0
       0
       0
       0
       0
       0
       0
       0
       0
       0
       0
       0
       0
       0
       0
       0
       0
       0
       0
       0
       0
       0
       0
       0
       0
       0
       0
       0
       0
       0
       0
       0
       0
       0
       0
       0
       0
       0
       0
       0
       0
       0
       0
       0
       0
       0
       0
       0
       0
       0
       0
       0
       0
       0
       0
       0
       0
       0
       0
       0
       0
       0
       0
       0
       0
       0
       0
       0
       0
       0
       0
       0
       0
       0
       0
       0
       0
       0
       0
       0
       0
       0
       0
       0
       0
       0
       0
       0
       0
       0
       0
       0
       0
       0
       0
       0
       0
       0
       0
       0
       0
       0
       0
       0
       0
       0
       0
       0
       0
       0
       0
       0
       0
       0
       0
       0
       0
       0
       0
       0
       0
       0
       0
       0
       0
       0
       0
       0
       0
       0
       0
       0
       0
       0
       0
       0
       0
       0
       0
$ROI:
1
539 549
$PRESETS:
Live Time
999999
0
$ENER_FIT:
0.000000 0.749264
$MCA_CAL:
3
0.000000E+000 7.492638E-001 0.000000E+000 keV
$SHAPE_CAL:
3
0.000000E+000 0.000000E+000 0.000000E+000
