$SPEC_ID:
none
$SPEC_REM:
DET# 1
DETDESC# GRAD-LAB Easy-MCA-2k SN 14163589
AP# Maestro Version 7.01
$DATE_MEA:
09/21/2016 14:00:30
$MEAS_TIM:
703 703
$DATA:
0 2047
       0
       0
       0
       0
       0
       0
       0
       0
       0
       0
       0
       0
       0
       0
       0
       0
       1
       4
      12
      15
      10
      10
      18
      10
      12
      13
       8
      10
      16
      18
      22
      15
      18
      21
      10
       9
      11
      18
      11
      22
      13
      11
      16
      18
      17
      13
      11
      11
      16
      15
      18
      26
      15
      26
      33
      21
      19
      23
      26
      23
      31
      28
      15
      18
      18
      18
      26
      21
      15
      26
      23
      29
      17
      32
      18
      20
      31
      21
      19
      21
      21
      28
      23
      32
      20
      28
      23
      31
      28
      35
      33
      28
      39
      25
      36
      28
      25
      33
      31
      33
      30
      34
      38
      44
      42
      41
      41
      45
      55
      50
      48
      60
      38
      34
      61
      63
      64
      58
      74
      67
      72
      69
      81
      97
      83
      95
     100
      99
     100
     101
      98
     100
     118
     101
     100
      86
      80
     102
     117
     106
      98
     103
     101
     101
      90
      90
     104
      89
      69
      79
      93
      90
      77
      88
      63
      83
      72
      75
      62
      79
      83
      74
      58
      59
      69
      64
      75
      62
      68
      83
      58
      71
      55
      65
      62
      71
      68
      61
      81
      69
      67
      71
      75
      71
      70
      61
      63
      50
      81
      65
      63
      86
      77
      55
      89
      73
      70
      76
      62
      61
      79
      63
      77
      60
      66
      96
      50
      75
      72
      72
      79
      75
      64
      73
      73
      76
      86
      65
      77
      68
      59
      69
      79
      63
      85
      76
      73
      70
      84
      75
      69
      67
      69
      83
      67
      78
      76
      85
      51
      67
      58
      60
      66
      52
      70
      64
      80
      58
      55
      63
      56
      69
      63
      59
      68
      68
      63
      72
      59
      63
      50
      70
      47
      62
      60
      62
      50
      56
      60
      74
      43
      62
      54
      51
      54
      66
      66
      56
      69
      70
      54
      59
      60
      59
      45
      59
      43
      64
      64
      47
      62
      62
      64
      54
      47
      52
      62
      38
      43
      55
      50
      55
      46
      46
      44
      53
      54
      62
      46
      57
      46
      48
      56
      54
      56
      41
      50
      42
      42
      60
      46
      34
      58
      52
      49
      37
      44
      52
      56
      50
      45
      50
      42
      33
      48
      56
      52
      54
      38
      58
      51
      53
      45
      42
      35
      52
      53
      32
      51
      52
      53
      51
      43
      39
      50
      44
      43
      37
      48
      41
      53
      38
      42
      52
      52
      43
      43
      49
      54
      37
      50
      51
      51
      45
      48
      53
      27
      44
      49
      36
      59
      58
      42
      31
      44
      39
      41
      53
      59
      63
      60
      58
      58
      61
      54
      62
      65
      70
      55
      59
      60
      74
      73
      59
      66
      58
      69
      67
      71
      71
      73
      80
      64
      75
      86
      78
      79
      54
      79
      82
      79
      82
     109
      72
      80
      78
      75
      77
      80
     100
      74
      82
      89
      93
      78
      72
      62
      79
      82
      86
      82
      70
      70
      64
      79
      65
      59
      84
      63
      72
      59
      62
      64
      75
      58
      66
      57
      42
      55
      64
      66
      65
      45
      45
      55
      57
      61
      46
      47
      40
      47
      49
      44
      31
      45
      31
      46
      43
      33
      43
      56
      35
      30
      41
      40
      40
      33
      22
      27
      31
      34
      30
      29
      32
      27
      35
      31
      31
      24
      29
      31
      29
      21
      36
      34
      30
      20
      25
      21
      28
      24
      30
      25
      23
      20
      15
      13
      22
      19
      18
      18
      13
      17
      25
      25
      21
      26
      23
      19
      23
      17
      22
      14
      20
      21
      14
      30
      19
      17
      22
      15
      13
      24
      19
      15
      17
      24
      23
      15
      12
      20
      11
      16
      14
      16
      12
      17
      23
      12
      18
      16
      10
      19
      13
       7
      19
       9
       8
      19
      20
      19
      16
      10
      13
      21
      19
      13
       7
      10
      11
      11
      14
      12
      11
      16
      14
      20
      12
      14
       9
      17
      15
      11
       9
       8
      11
       7
      11
      12
      13
      11
      12
      14
      11
      11
      13
      12
       9
       8
       6
      18
      14
      15
      13
       7
      13
      12
      13
      13
      19
      13
       7
       9
      15
       8
      15
       7
      10
      12
      21
       6
       3
       6
      17
       7
      14
      14
       7
      14
      14
      14
      12
      15
       6
      10
      10
       4
       9
      19
       6
      15
       8
       9
      16
      13
      20
      12
      14
       9
      12
      15
      22
      21
      12
      11
      13
      12
      11
      12
      19
      15
      16
      15
      15
      23
      10
      15
      27
      16
      11
      12
      11
      10
       7
      13
      10
      11
      10
      16
      10
      11
      14
      13
      11
      11
      12
      12
      13
      19
      17
      15
      13
      11
      10
      13
      13
      15
      15
      17
      16
      12
      16
      11
       9
      13
      10
      14
      10
       6
      16
       9
      18
      11
      12
      15
      15
      12
      11
      14
      12
      20
       9
      10
      12
      14
       7
      18
      21
      14
      10
      10
      13
      14
      15
       9
      18
      14
      18
      16
      12
      12
      18
      17
      18
      16
      13
       9
      18
      12
      13
      13
      15
       6
      17
      12
      13
      19
      15
      15
      11
      14
      19
      14
       7
      13
      10
      11
      15
      14
      19
      14
      11
      13
      20
      15
      13
      10
       9
      14
      12
       6
      10
      11
      10
       8
      13
      13
       7
      18
      18
      12
       8
       8
      10
      14
      17
       6
      12
      16
       9
       8
      14
      10
      10
       9
      12
      14
       6
      17
      13
      16
      16
      11
       8
       8
      12
      12
      21
       9
      12
      12
      16
       9
       6
      15
      16
      14
      10
      12
      11
      10
      13
      13
      10
      15
      10
      13
       8
       8
      19
      16
      11
      11
      16
       6
      12
      19
      10
      10
       5
      12
      11
      15
       7
      15
      18
      11
       7
       9
      13
      10
      10
      14
       8
      14
      11
       8
      11
      11
      14
       5
       8
       7
       9
      10
      10
       9
      13
      14
      15
       5
       7
      14
       9
       4
      13
      10
      11
       4
      13
      13
      10
       6
       9
       7
      11
       9
      10
       8
       8
      12
       9
       6
       7
       6
       8
      17
       5
       7
       9
       5
       6
       8
       9
       7
       8
       9
      12
       7
      13
      10
      10
       6
       6
       7
      11
       8
      10
       8
      12
       4
      16
       8
       6
       6
       6
      11
       5
       5
      10
       4
       7
       7
       5
       9
       8
       3
       8
       8
      13
      14
       7
      10
      10
       7
       6
       5
       7
       9
       8
      12
       2
       9
       8
       7
      15
       8
       8
       7
      10
       7
       6
       7
       7
       1
       4
       4
       8
       7
       6
      11
       6
       9
       6
       5
       6
       6
       8
       6
       9
       4
       6
       6
      11
       7
       8
       4
       8
       8
       7
       5
       5
       3
       6
       6
       7
      11
       5
       4
       5
       9
       9
       7
      11
      11
       4
       8
       5
      10
       3
       7
       8
       9
       2
       6
       4
       5
       6
      10
      13
       3
      10
      11
       6
       5
       5
       6
       7
       8
       5
       4
       5
       4
       7
       8
       9
       9
       3
      10
      10
       4
       7
       4
       8
       9
       8
       7
       7
       5
       5
       7
       7
       9
       7
       7
      10
       8
       5
       3
      11
       3
       3
       9
       7
       9
       2
       2
       8
       7
       9
       9
       3
       7
       8
       6
      10
       4
       7
       6
       7
      10
       4
       8
       6
       5
       4
       6
       8
       5
       9
      12
       5
      13
      10
      10
       9
       7
       3
       8
      10
       5
      11
       4
       2
       8
       9
       7
       6
       9
      10
       9
       4
       6
       4
       6
       7
      10
       9
       8
      10
       4
       6
       8
       9
      11
       5
      10
       9
       6
       5
       3
       5
       8
      12
       2
       6
       9
       3
       9
       4
       3
       5
       9
       5
      15
       9
       8
       9
       7
       7
       5
      11
       9
       6
       8
       8
       3
       2
       6
       8
       5
       6
       3
       6
       9
       5
       7
       7
       3
       4
       7
      12
       9
       5
       6
       5
       6
       7
      11
       4
       3
      10
       5
       5
       4
       2
      12
       5
       3
       2
       3
       7
       7
       6
       3
       6
       5
       9
      12
       4
       6
       4
       5
       8
       3
       6
       4
       9
       7
       3
      11
       7
      13
       9
       2
       9
       8
       7
      10
       6
       4
       9
       8
       7
       5
       8
       7
       9
       9
      10
       8
       6
       7
       7
      10
       6
       5
       7
       6
       8
       8
       7
       1
       6
      13
       5
       5
       4
       7
       2
      10
       6
       7
      13
       7
      10
       6
       7
       8
       5
       8
       6
       8
       5
       6
       7
       3
       4
       7
       5
       3
      11
       9
       2
       5
       4
       9
       6
       5
       5
       7
       2
       4
       4
       9
       8
       6
       4
       7
       6
       8
      14
       7
       3
       8
       1
       7
       9
       7
       7
       6
       3
       6
       7
       2
       4
       8
       6
       8
       3
       6
       3
       5
       8
       5
       7
       8
       9
       4
       5
       4
       3
       3
       8
       6
       6
       6
       5
       5
       5
       8
       2
       5
       2
       4
       5
       7
       8
       5
       8
       6
      12
       4
       2
       5
       3
       5
       5
       6
       3
       9
       6
       8
       1
       7
       7
       3
       4
       9
       4
       9
       4
       4
       4
       7
       5
       4
       4
       1
       3
       1
       6
       5
       3
       1
       4
       5
       8
       6
       2
       5
       2
      10
       4
       3
       3
       4
       4
       4
       3
       7
       4
       8
       4
       5
       1
       3
       6
       6
       5
       4
       5
       3
       4
       1
       8
       6
       4
       6
       5
       5
       3
       4
       1
       1
       4
       3
       3
       4
       1
       6
       4
       4
       5
       1
       3
       3
       3
       2
       3
       5
       4
       5
       2
       3
       6
       9
       5
       1
       3
       4
       6
       3
       6
       7
       3
       3
       1
       5
       3
       0
       4
       7
       5
       3
       3
       2
       0
       5
       1
       3
       5
       5
       1
       4
       2
       3
       3
       2
       2
       4
       2
       2
       6
       3
       7
       3
       4
       5
       4
       4
       4
       6
       2
       1
       5
       3
       7
       5
       5
       3
       2
       3
       3
       3
       1
       3
       2
       3
       5
       4
       1
       6
       2
       4
       1
       9
       8
       3
       1
       3
       3
       5
       2
       6
       3
       5
       7
       4
       2
       8
       8
       7
       4
       2
      10
       1
       4
       3
      15
       5
       7
       2
       3
       2
       4
       7
       6
      11
       3
       6
       9
       7
       5
       7
       3
       6
       7
       5
       7
       7
       3
       4
       3
       3
       5
       6
       9
       8
       7
       7
       8
       5
      11
       4
       5
       9
       8
       6
       4
       4
       5
       6
       5
       7
       5
       3
       5
       5
       7
       3
       6
       6
       5
       8
       7
       4
       8
       7
       4
       4
       8
       8
       6
       6
       4
       6
       9
       2
       3
       7
       7
       6
       6
       0
       6
       7
       6
       8
       8
       5
       3
       7
       2
       3
       8
       0
       3
       4
       3
       4
       7
       2
       6
       2
       2
      10
       5
       4
       6
       7
       7
       5
       3
       6
       3
       4
       6
       3
       7
       7
       3
       3
       7
       5
       1
       1
       7
       7
       5
       3
       3
       4
       3
       3
       2
       3
       3
       1
       0
       3
       5
       4
       4
       3
       3
       1
       5
       1
       3
       0
       2
       1
       1
       4
       8
       2
       4
       3
       1
       5
       5
       2
       5
       1
       1
       3
       0
       2
       3
       0
       3
       3
       1
       2
       3
       4
       2
       0
       1
       5
       2
       3
       2
       4
       2
       0
       3
       2
       3
       0
       1
       0
       2
       2
       3
       2
       1
       4
       2
       4
       4
       0
       1
       1
       1
       2
       2
       0
       2
       2
       1
       0
       2
       1
       1
       0
       3
       0
       1
       3
       2
       0
       4
       1
       0
       2
       1
       1
       3
       3
       1
       0
       1
       3
       1
       0
       0
       0
       0
       0
       0
       0
       0
       0
       0
       0
       0
       0
       0
       0
       0
       0
       0
       0
       0
       0
       0
       0
       0
       0
       0
       0
       0
       0
       0
       0
       0
       0
       0
       0
       0
       0
       0
       0
       0
       0
       0
       0
       0
       0
       0
       0
       0
       0
       0
       0
       0
       0
       0
       0
       0
       0
       0
       0
       0
       0
       0
       0
       0
       0
       0
       0
       0
       0
       0
       0
       0
       0
       0
       0
       0
       0
       0
       0
       0
       0
       0
       0
       0
       0
       0
       0
       0
       0
       0
       0
       0
       0
       0
       0
       0
       0
       0
       0
       0
       0
       0
       0
       0
       0
       0
       0
       0
       0
       0
       0
       0
       0
       0
       0
       0
       0
       0
       0
       0
       0
       0
       0
       0
       0
       0
       0
       0
       0
       0
       0
       0
       0
       0
       0
       0
       0
       0
       0
       0
       0
       0
       0
       0
       0
       0
       0
       0
       0
       0
       0
       0
       0
       0
       0
       0
       0
       0
       0
       0
       0
       0
       0
       0
       0
       0
       0
       0
       0
       0
       0
       0
       0
       0
       0
       0
       0
       0
       0
       0
       0
       0
       0
       0
       0
       0
       0
       0
       0
       0
       0
       0
       0
       0
       0
       0
       0
       0
       0
       0
       0
       0
       0
       0
       0
       0
       0
       0
       0
       0
       0
       0
       0
       0
       0
       0
       0
       0
       0
       0
       0
       0
       0
       0
       0
       0
       0
       0
       0
       0
       0
       0
       0
       0
       0
       0
       0
       0
       0
       0
       0
       0
       0
       0
       0
       0
       0
       0
       0
       0
       0
       0
       0
       0
       0
       0
       0
       0
       0
       0
       0
       0
       0
       0
       0
       0
       0
       0
       0
       0
       0
       0
$ROI:
1
849 850
$PRESETS:
Live Time
999999
0
$ENER_FIT:
0.000000 0.749264
$MCA_CAL:
3
0.000000E+000 7.492638E-001 0.000000E+000 keV
$SHAPE_CAL:
3
0.000000E+000 0.000000E+000 0.000000E+000
