$SPEC_ID:
none
$SPEC_REM:
DET# 1
DETDESC# GRAD-LAB Easy-MCA-2k SN 14163589
AP# Maestro Version 7.01
$DATE_MEA:
09/07/2016 12:57:26
$MEAS_TIM:
298 300
$DATA:
0 2047
       0
       0
       0
       1
       1
       0
       0
       1
       0
       2
       1
       1
       1
       0
       3
       2
       0
      30
     156
     185
     175
     188
     179
     193
     163
     149
     160
     134
     152
      99
     122
     127
     114
     124
     119
     113
     118
     116
     134
     133
     125
     140
     139
     126
     115
     123
     144
     128
     158
     129
     126
     128
     153
     165
     154
     156
     152
     142
     139
     158
     177
     205
     214
     213
     223
     261
     313
     345
     404
     461
     555
     661
     743
     818
     904
     989
    1151
    1234
    1356
    1346
    1408
    1475
    1359
    1305
    1310
    1277
    1133
    1057
     980
     876
     798
     722
     624
     625
     546
     464
     449
     389
     382
     337
     314
     272
     306
     241
     223
     236
     220
     207
     226
     199
     196
     222
     233
     206
     218
     209
     172
     191
     181
     181
     193
     184
     179
     164
     161
     153
     178
     174
     165
     189
     181
     188
     180
     199
     158
     171
     180
     151
     179
     163
     207
     206
     176
     185
     180
     184
     173
     168
     197
     164
     187
     200
     199
     196
     233
     192
     181
     204
     206
     231
     250
     220
     234
     277
     276
     279
     287
     280
     312
     301
     331
     329
     377
     334
     356
     377
     367
     384
     380
     381
     374
     401
     354
     354
     362
     353
     354
     354
     345
     361
     335
     338
     357
     301
     310
     316
     328
     300
     302
     277
     286
     290
     242
     291
     277
     247
     259
     234
     263
     260
     229
     249
     234
     234
     201
     208
     199
     185
     210
     206
     225
     209
     179
     199
     169
     179
     192
     175
     202
     152
     179
     182
     179
     174
     187
     152
     198
     170
     182
     174
     171
     178
     186
     167
     174
     175
     199
     194
     167
     196
     192
     197
     175
     177
     180
     154
     187
     210
     173
     190
     196
     176
     168
     168
     171
     198
     169
     196
     157
     181
     186
     174
     180
     185
     186
     173
     190
     176
     207
     183
     163
     180
     166
     177
     181
     192
     209
     198
     196
     195
     186
     191
     189
     186
     189
     169
     198
     173
     188
     194
     189
     179
     185
     198
     187
     197
     190
     176
     198
     182
     206
     169
     180
     185
     192
     180
     199
     181
     224
     172
     190
     190
     210
     181
     192
     177
     216
     205
     197
     180
     181
     182
     205
     197
     166
     205
     186
     199
     185
     199
     190
     182
     185
     180
     224
     192
     180
     200
     204
     188
     211
     214
     187
     187
     198
     195
     198
     227
     200
     206
     204
     191
     203
     218
     223
     222
     217
     202
     232
     225
     224
     213
     241
     208
     224
     239
     234
     223
     196
     253
     223
     234
     264
     223
     245
     251
     276
     244
     243
     236
     258
     249
     260
     251
     291
     268
     263
     294
     283
     298
     287
     285
     277
     280
     278
     286
     268
     276
     289
     268
     269
     299
     305
     265
     282
     269
     256
     294
     268
     266
     279
     272
     284
     249
     272
     265
     268
     258
     245
     255
     276
     268
     267
     284
     258
     273
     269
     290
     247
     276
     264
     252
     272
     269
     282
     268
     266
     269
     220
     277
     250
     264
     270
     288
     265
     257
     224
     245
     237
     275
     236
     224
     231
     244
     249
     227
     221
     243
     254
     253
     254
     256
     261
     246
     263
     275
     268
     255
     263
     271
     255
     237
     267
     249
     227
     299
     247
     249
     240
     241
     272
     256
     244
     235
     255
     243
     253
     249
     261
     238
     244
     205
     243
     256
     276
     245
     252
     247
     258
     221
     245
     257
     243
     255
     219
     242
     254
     268
     246
     269
     257
     256
     211
     248
     262
     272
     263
     249
     249
     222
     244
     256
     260
     243
     271
     259
     261
     261
     253
     255
     252
     268
     227
     246
     229
     246
     257
     241
     267
     237
     265
     259
     247
     250
     268
     307
     251
     271
     225
     286
     244
     237
     231
     263
     248
     243
     300
     244
     247
     271
     256
     237
     220
     247
     269
     283
     248
     251
     266
     264
     238
     250
     244
     231
     279
     232
     244
     263
     236
     219
     268
     283
     268
     262
     240
     277
     272
     245
     258
     238
     237
     255
     273
     264
     275
     247
     263
     232
     248
     246
     246
     226
     252
     226
     240
     265
     252
     262
     256
     268
     246
     231
     266
     238
     258
     292
     238
     236
     244
     232
     224
     251
     265
     292
     261
     255
     250
     274
     264
     289
     280
     266
     235
     244
     259
     252
     260
     247
     256
     252
     258
     252
     233
     251
     251
     269
     230
     277
     262
     262
     241
     259
     255
     253
     298
     276
     272
     225
     264
     237
     274
     241
     235
     244
     231
     263
     261
     258
     267
     249
     257
     237
     255
     277
     301
     232
     273
     256
     276
     255
     253
     249
     264
     274
     235
     254
     260
     247
     293
     261
     280
     264
     263
     296
     257
     237
     252
     265
     298
     282
     277
     252
     280
     272
     261
     256
     286
     241
     265
     262
     248
     228
     262
     281
     257
     280
     237
     276
     235
     279
     278
     252
     276
     292
     313
     279
     258
     289
     256
     305
     285
     279
     266
     269
     234
     259
     278
     245
     259
     253
     297
     283
     280
     281
     301
     271
     274
     262
     277
     272
     254
     291
     278
     275
     258
     260
     271
     287
     275
     287
     288
     281
     261
     259
     259
     267
     269
     257
     260
     255
     297
     265
     281
     292
     264
     268
     283
     278
     288
     296
     283
     264
     288
     272
     277
     288
     285
     279
     244
     283
     293
     298
     260
     301
     271
     295
     253
     259
     285
     248
     299
     251
     278
     265
     266
     263
     276
     273
     281
     278
     280
     277
     279
     286
     258
     225
     249
     267
     278
     233
     264
     279
     243
     266
     258
     220
     260
     244
     265
     244
     231
     223
     226
     221
     232
     213
     211
     225
     212
     235
     217
     221
     220
     196
     221
     197
     188
     197
     188
     169
     194
     183
     204
     179
     193
     201
     175
     157
     178
     156
     198
     171
     155
     153
     153
     156
     161
     138
     142
     144
     149
     153
     140
     144
     157
     127
     125
     120
     113
     135
     124
     139
     123
     151
     130
     127
     115
     113
     133
     120
     115
     111
     109
      99
     114
     106
     141
     115
      93
     123
     105
     105
     126
     103
     131
      95
     118
     120
     106
      98
     101
     114
     114
     113
     102
     117
      99
      93
      95
      92
      93
      86
      99
     107
      79
      99
      83
      87
      88
      85
      96
      88
      99
      96
      80
      85
      89
      96
      86
      86
      87
      91
      93
      79
      91
      92
      95
      83
      76
      94
      82
      79
      91
      71
      87
      73
      78
     100
      80
      80
      67
      91
      86
      66
      87
      64
      88
      82
      79
      68
      69
      67
      79
      71
      50
      75
      84
      72
      70
      90
      58
      79
      72
      72
      81
      72
      61
      78
      63
      62
      88
      80
      67
      76
      72
      52
      82
      74
      60
      66
      53
      57
      62
      63
      65
      64
      64
      71
      66
      65
      66
      48
      61
      71
      82
      72
      63
      59
      66
      65
      58
      74
      71
      73
      58
      67
      65
      73
      52
      69
      63
      62
      59
      58
      71
      68
      70
      64
      75
      69
      68
      64
      86
      77
      70
      75
      67
      84
      79
      72
     101
     104
      87
      91
      92
     103
      92
     117
     119
     106
     135
     128
     133
     122
     142
     150
     169
     194
     179
     178
     213
     212
     193
     208
     248
     228
     266
     239
     264
     291
     318
     312
     337
     350
     352
     367
     391
     426
     474
     468
     502
     506
     524
     547
     587
     596
     595
     645
     693
     658
     663
     742
     733
     801
     844
     861
     784
     906
     918
     951
    1022
     969
     981
    1070
    1105
    1073
    1169
    1195
    1232
    1218
    1218
    1295
    1287
    1293
    1405
    1462
    1398
    1488
    1395
    1445
    1430
    1486
    1513
    1534
    1519
    1510
    1600
    1608
    1616
    1654
    1566
    1574
    1644
    1559
    1614
    1683
    1719
    1664
    1648
    1636
    1604
    1696
    1618
    1656
    1643
    1620
    1640
    1666
    1615
    1637
    1568
    1526
    1553
    1569
    1483
    1549
    1506
    1385
    1441
    1449
    1454
    1424
    1376
    1441
    1310
    1336
    1248
    1355
    1226
    1230
    1197
    1192
    1089
    1145
    1109
    1090
    1073
    1026
    1029
    1009
     999
     951
     923
     882
     930
     894
     868
     773
     854
     793
     786
     755
     734
     722
     734
     751
     671
     701
     614
     621
     620
     581
     587
     528
     552
     560
     520
     481
     494
     511
     484
     430
     431
     429
     375
     421
     380
     404
     352
     352
     340
     345
     334
     294
     297
     310
     314
     285
     253
     260
     242
     250
     225
     224
     238
     178
     223
     196
     177
     183
     179
     183
     195
     189
     179
     157
     133
     125
     132
     136
     144
     117
     131
     119
     116
     111
     100
     110
      87
      75
      93
      88
      70
      75
      77
      49
      69
      63
      59
      53
      67
      65
      48
      56
      55
      51
      52
      49
      41
      30
      37
      33
      31
      21
      25
      29
      37
      33
      24
      26
      24
      31
      24
      19
      15
      16
      19
      13
      28
      16
      14
      12
      18
      14
      13
       9
      13
      13
      15
      10
      11
      16
      12
       7
       4
       9
      11
      12
       6
       5
       6
       6
       2
       4
       6
       5
       4
       6
       9
       7
       6
       7
       3
       5
       3
       3
       4
       7
       3
       3
       2
       8
       7
       2
       4
       3
       3
       3
       5
       2
       4
       5
       1
       6
       4
       4
       5
       0
       5
       2
       4
       6
       2
       5
       7
       4
       0
       3
       0
       3
       2
       2
       8
       3
       3
       4
       4
       4
       2
       1
       1
       6
       1
       1
       3
       6
       3
       3
       0
       3
       3
       1
      10
       1
       1
       3
       0
       1
       4
       2
       3
       7
       1
       8
       3
       0
       4
       4
       1
       6
       1
       2
       4
       2
       1
       3
       1
       1
       5
       3
       1
       5
       0
       2
       4
       0
       1
       3
       4
       5
       1
       2
       2
       0
       4
       3
       1
       2
       3
       0
       1
       1
       3
       3
       2
       2
       1
       2
       3
       3
       4
       1
       1
       5
       3
       1
       5
       3
       2
       1
       4
       2
       2
       1
       0
       4
       4
       1
       2
       1
       2
       3
       2
       1
       5
       2
       4
       2
       2
       4
       5
       3
       3
       6
       5
       6
       0
       0
       1
       2
       2
       4
       5
       0
       4
       2
       3
       2
       2
       3
       4
       4
       1
       1
       4
       3
       6
       3
       2
       1
       3
       2
       3
       0
       1
       3
       3
       3
       5
       1
       4
       1
       0
       2
       1
       3
       3
       2
       3
       1
       3
       3
       0
       1
       0
       3
       2
       3
       2
       0
       2
       2
       3
       2
       2
       1
       3
       2
       3
       1
       1
       1
       2
       3
       3
       2
       2
       5
       1
       3
       3
       2
       1
       2
       3
       0
       2
       5
       1
       1
       3
       0
       4
       3
       4
       1
       0
       1
       2
       1
       1
       1
       2
       2
       3
       1
       3
       2
       2
       1
       4
       1
       1
       2
       2
       1
       2
       0
       2
       0
       0
       2
       0
       2
       4
       2
       2
       4
       1
       2
       3
       4
       2
       3
       3
       5
       4
       3
       3
       2
       2
       2
       3
       2
       3
       0
       0
       2
       1
       2
       2
       1
       2
       1
       2
       2
       1
       5
       2
       1
       2
       4
       0
       1
       4
       2
       0
       1
       1
       4
       0
       4
       3
       0
       2
       2
       4
       1
       4
       6
       2
       1
       1
       3
       1
       1
       1
       2
       4
       2
       2
       2
       1
       1
       3
       3
       2
       1
       4
       8
       1
       2
       2
       1
       1
       3
       3
       2
       1
       2
       4
       2
       0
       3
       3
       2
       1
       2
       2
       0
       1
       0
       4
       1
       0
       2
       1
       2
       3
       0
       3
       4
       2
       2
       0
       3
       0
       1
       2
       7
       2
       4
       2
       3
       2
       0
       7
       3
       2
       0
       0
       3
       3
       5
       3
       7
       2
       3
       6
       1
       2
       4
       0
       2
       1
       1
       2
       2
       4
       4
       3
       1
       0
       2
       1
       3
       1
       0
       1
       0
       0
       0
       0
       0
       0
       1
       0
       0
       1
       0
       0
       0
       0
       0
       0
       0
       0
       0
       0
       0
       0
       0
       0
       0
       0
       0
       0
       0
       0
       0
       0
       1
       0
       0
       0
       0
       0
       0
       0
       0
       0
       0
       0
       0
       0
       0
       0
       0
       0
       0
       0
       1
       0
       0
       1
       0
       0
       0
       0
       0
       0
       1
       0
       0
       0
       0
       0
       0
       0
       0
       0
       0
       1
       0
       0
       0
       0
       0
       0
       0
       0
       0
       0
       1
       0
       0
       0
       0
       0
       0
       0
       0
       0
       0
       0
       0
       0
       0
       0
       0
       0
       0
       0
       0
       0
       0
       0
       0
       0
       0
       0
       0
       0
       0
       0
       0
       0
       0
       0
       0
       0
       0
       0
       0
       0
       0
       0
       0
       0
       0
       0
       0
       0
       0
       0
       0
       0
       0
       0
       0
       0
       0
       0
       0
       0
       0
       0
       0
       0
       0
       0
       0
       0
       0
       0
       0
       0
       0
       0
       0
       0
       0
       0
       0
       0
       0
       0
       0
       0
       0
       0
       0
       0
       0
       0
       0
       0
       0
       0
       0
       0
       0
       0
       0
       0
       0
       0
       0
       0
       0
       0
       0
       0
       0
       0
       0
       0
       0
       0
       0
       0
       0
       0
       0
       0
       0
       0
       0
       0
       0
       0
       0
       0
       0
       0
       0
       0
       0
       0
       0
       0
       0
       0
       0
       0
       0
       0
       0
       0
       0
       0
       0
       0
       0
       0
       0
       0
       0
       0
       0
       0
       0
       0
       0
       0
       0
       0
       0
       0
       0
       0
       0
       0
       0
       0
       0
       0
       0
       0
       0
       0
       0
       0
       0
       0
       0
       0
       0
$ROI:
0
$PRESETS:
Live Time
999999
0
$ENER_FIT:
0.000000 0.000000
$MCA_CAL:
3
0.000000E+000 0.000000E+000 0.000000E+000 
$SHAPE_CAL:
3
0.000000E+000 0.000000E+000 0.000000E+000
