$SPEC_ID:
none
$SPEC_REM:
DET# 1
DETDESC# GRAD-LAB Easy-MCA-2k SN 14163589
AP# Maestro Version 7.01
$DATE_MEA:
10/03/2016 12:12:54
$MEAS_TIM:
70 70
$DATA:
0 2047
       0
       0
       0
       0
       0
       0
       0
       0
       0
       0
       0
       0
       0
       0
       1
       0
       1
       9
      35
      37
      33
      33
      27
      35
      34
      36
      35
      32
      30
      33
      26
      31
      30
      29
      32
      42
      44
      36
      38
      36
      32
      49
      34
      39
      40
      40
      31
      36
      51
      36
      42
      36
      50
      30
      30
      41
      29
      44
      54
      34
      36
      44
      48
      46
      36
      42
      41
      46
      44
      39
      47
      45
      41
      45
      39
      41
      43
      53
      47
      41
      53
      47
      48
      45
      48
      49
      49
      37
      41
      59
      40
      46
      41
      51
      37
      50
      62
      42
      48
      59
      52
      45
      47
      60
      34
      48
      57
      47
      45
      57
      48
      52
      46
      41
      58
      60
      57
      57
      63
      46
      64
      64
      60
      59
      66
      59
      77
      53
      67
      68
      85
      81
      87
      87
      94
      83
      97
      85
      93
     110
      89
      89
      89
      73
      81
      93
      87
      97
      92
      92
      73
      70
      79
      82
      85
      68
      75
      74
      66
      78
      76
      77
      75
      70
      73
      59
      68
      61
      59
      58
      51
      63
      57
      54
      54
      73
      53
      68
      68
      53
      53
      57
      49
      56
      54
      54
      58
      57
      65
      53
      51
      50
      54
      62
      52
      48
      61
      53
      60
      59
      49
      61
      62
      55
      66
      55
      75
      59
      65
      59
      62
      63
      68
      43
      60
      55
      57
      55
      48
      66
      54
      68
      72
      75
      60
      62
      66
      55
      66
      59
      66
      63
      80
      77
      65
      62
      69
      77
      63
      68
      69
      73
      68
      69
      77
      79
      65
      71
      65
      74
      73
      82
      68
      74
      76
      70
      76
      75
      73
      59
      83
      70
      66
      78
      53
      68
      65
      73
      92
      72
      91
      79
      74
      81
      64
      94
      77
      71
      85
      92
      70
      75
      72
      72
      78
      80
      86
      82
      96
     105
      68
      82
      82
      87
      90
      71
      84
      97
     102
     103
     102
      87
     100
      85
     101
     111
      95
     101
     107
     101
     112
     107
     101
     127
     117
     111
     114
     106
      95
     107
     112
     106
     102
     104
     117
     117
      82
     111
     116
     118
      95
     106
     131
     118
     115
     135
     108
      95
     109
     120
     107
      97
     105
      88
     102
     109
      97
     106
     101
     105
     108
      91
      92
      89
     118
      92
     109
      94
      83
     102
     100
      92
     108
      80
     106
      82
      98
     106
     112
      91
     101
      83
     109
      93
      93
     101
     109
      98
      99
     117
      81
      91
      88
      88
     113
     100
      90
     110
      97
     114
     109
      89
      89
      69
      95
      96
      97
     111
     104
      89
      89
      98
      90
      82
      83
      85
      94
      89
      84
      90
      93
      91
      88
      87
      95
      88
      97
     106
      91
      90
      85
      99
     113
      84
     100
     101
      87
      90
      78
      98
      98
      86
      97
      77
      99
      75
      95
      84
      73
      78
      99
      98
      89
      88
      91
      72
      89
      95
      88
      95
      67
      89
      88
     101
      92
      81
      93
      77
      96
      72
      78
      91
      85
      73
     101
      80
      85
      79
      81
      85
      75
      90
      78
     107
      78
     100
      84
      78
      93
     104
      85
      89
     101
      84
      76
      83
      80
      71
      75
      85
      73
      77
      69
      82
      83
      91
      81
      96
      84
     101
      86
      83
      75
      90
      60
      95
      90
      69
      87
      84
      89
      96
      71
      84
      73
      82
      76
      80
      96
      93
      80
      70
      98
      87
      89
      82
      72
      91
      69
      90
      87
      99
      87
      89
      61
      88
      82
      94
      86
      97
      75
      85
      87
      97
      75
      75
      90
      97
      81
      88
      71
      93
      80
      93
      96
      97
      77
      88
      74
      93
      92
      71
      84
      82
     104
      92
      89
      83
      78
      78
      80
      80
      97
      93
      86
      94
     100
      97
      96
      85
      92
      90
      86
     100
      99
      92
      88
      98
      99
      89
     108
      84
      89
      78
     104
      88
      86
     108
      91
     101
     102
      97
     111
     106
     115
     107
     109
      97
      98
      97
      84
     120
      95
      95
      78
      90
      95
     101
     108
      92
     105
      87
      99
      78
     110
      86
      79
      88
      93
      86
      87
      84
      81
      95
     101
     100
      79
      88
     102
      85
      80
      73
     103
      90
      65
      94
      87
      74
      88
      92
      79
      93
      81
      87
      89
      69
      80
      88
      79
      73
      63
      69
      68
      61
      66
      74
      74
      54
      64
      63
      66
      76
      65
      61
      57
      71
      50
      73
      58
      43
      41
      52
      57
      59
      52
      57
      55
      45
      48
      43
      48
      49
      57
      47
      44
      42
      51
      48
      30
      33
      53
      61
      48
      42
      40
      42
      46
      38
      43
      37
      27
      40
      43
      34
      44
      36
      35
      32
      35
      48
      39
      39
      32
      38
      36
      37
      47
      35
      19
      32
      60
      36
      42
      35
      34
      36
      33
      44
      42
      43
      45
      28
      33
      38
      40
      30
      38
      43
      36
      26
      28
      43
      41
      30
      40
      36
      33
      37
      33
      28
      36
      38
      30
      35
      25
      34
      38
      50
      34
      35
      28
      30
      28
      37
      29
      32
      25
      37
      47
      34
      23
      44
      27
      32
      40
      31
      32
      37
      38
      30
      42
      34
      32
      32
      33
      37
      37
      36
      36
      24
      38
      30
      40
      38
      38
      30
      34
      29
      49
      35
      41
      34
      47
      40
      40
      40
      35
      34
      42
      39
      48
      40
      40
      46
      54
      52
      62
      56
      48
      48
      55
      60
      67
      72
      66
     101
      82
      92
      92
     106
     111
     120
     108
     119
     123
     136
     159
     146
     147
     158
     170
     191
     179
     190
     196
     246
     229
     220
     265
     268
     279
     322
     298
     282
     344
     355
     371
     334
     369
     373
     430
     451
     435
     433
     439
     447
     484
     484
     458
     479
     536
     531
     544
     482
     540
     561
     540
     567
     563
     572
     548
     557
     561
     579
     594
     586
     582
     622
     561
     554
     574
     592
     602
     546
     545
     557
     587
     561
     545
     556
     565
     530
     508
     520
     516
     496
     486
     466
     498
     469
     503
     476
     442
     439
     420
     423
     388
     439
     377
     383
     363
     394
     380
     337
     342
     322
     338
     309
     327
     275
     297
     248
     265
     288
     255
     256
     210
     200
     231
     246
     219
     180
     212
     194
     214
     206
     184
     167
     175
     173
     154
     153
     137
     164
     141
     121
     101
     129
     114
     111
     111
     102
     104
      90
      76
      90
      90
      86
      77
      86
      85
      64
      66
      68
      59
      68
      48
      55
      48
      46
      51
      51
      35
      43
      39
      33
      24
      37
      42
      31
      34
      18
      27
      24
      24
      20
      21
      23
       7
      23
      19
       8
      16
      20
      11
      11
      18
       9
       8
       7
      11
      15
       7
       5
       6
       5
       8
       5
       2
       9
       5
       7
       5
       4
      10
       4
       5
       3
       2
       2
       0
       0
       3
       4
       2
       4
       5
       3
       1
       3
       2
       2
       3
       1
       1
       2
       2
       2
       1
       0
       0
       0
       1
       0
       0
       0
       2
       2
       0
       1
       0
       1
       2
       1
       1
       2
       1
       2
       2
       4
       1
       0
       2
       0
       1
       0
       2
       1
       0
       0
       2
       2
       1
       0
       0
       1
       0
       1
       0
       2
       0
       0
       0
       1
       1
       1
       0
       0
       0
       1
       2
       0
       0
       1
       0
       3
       1
       0
       1
       0
       5
       4
       1
       0
       0
       2
       2
       0
       1
       0
       0
       0
       0
       0
       1
       0
       0
       0
       0
       0
       0
       0
       0
       4
       1
       0
       0
       0
       0
       4
       0
       0
       2
       1
       1
       1
       0
       2
       0
       1
       0
       0
       2
       1
       1
       4
       0
       1
       0
       0
       0
       0
       1
       1
       0
       1
       1
       0
       1
       0
       3
       0
       1
       1
       1
       1
       2
       0
       1
       1
       0
       1
       1
       0
       0
       1
       1
       0
       1
       0
       1
       1
       2
       0
       1
       2
       0
       0
       1
       0
       0
       1
       1
       1
       0
       3
       0
       1
       1
       2
       0
       0
       0
       1
       1
       0
       0
       3
       0
       0
       0
       1
       0
       1
       0
       0
       3
       0
       2
       0
       0
       0
       1
       0
       0
       1
       0
       0
       1
       0
       1
       0
       0
       1
       1
       2
       2
       1
       1
       0
       0
       1
       1
       3
       2
       1
       1
       2
       0
       1
       0
       1
       0
       2
       0
       0
       0
       2
       0
       2
       2
       0
       0
       2
       0
       2
       0
       0
       0
       0
       1
       0
       3
       2
       0
       1
       0
       1
       2
       2
       0
       0
       0
       1
       3
       0
       1
       2
       1
       1
       1
       2
       3
       0
       2
       1
       1
       0
       2
       1
       0
       0
       0
       1
       0
       0
       1
       2
       0
       0
       3
       2
       1
       0
       3
       1
       1
       0
       1
       0
       0
       0
       0
       1
       1
       0
       0
       0
       0
       1
       3
       2
       0
       0
       1
       1
       0
       0
       0
       0
       1
       0
       1
       0
       1
       2
       0
       1
       0
       1
       0
       0
       1
       1
       1
       0
       0
       0
       1
       1
       1
       0
       0
       1
       2
       1
       1
       2
       2
       0
       1
       0
       0
       0
       0
       0
       0
       1
       1
       0
       1
       0
       0
       1
       0
       0
       0
       1
       2
       0
       0
       1
       1
       0
       2
       2
       1
       1
       2
       0
       0
       0
       1
       0
       0
       0
       1
       1
       1
       0
       2
       0
       0
       0
       0
       0
       0
       1
       0
       0
       0
       0
       0
       0
       2
       1
       1
       0
       0
       0
       0
       0
       0
       0
       1
       0
       1
       0
       1
       1
       2
       0
       0
       0
       2
       0
       0
       1
       1
       1
       1
       1
       0
       0
       1
       0
       1
       0
       1
       0
       2
       0
       1
       1
       1
       0
       0
       1
       0
       0
       0
       1
       2
       0
       0
       0
       0
       0
       0
       0
       0
       0
       0
       0
       0
       0
       1
       0
       0
       0
       0
       0
       0
       0
       0
       1
       0
       0
       1
       1
       0
       1
       0
       1
       0
       0
       1
       0
       0
       1
       0
       0
       0
       0
       0
       1
       0
       1
       1
       0
       0
       1
       0
       0
       2
       0
       0
       0
       0
       0
       1
       0
       1
       2
       0
       0
       0
       1
       1
       0
       0
       0
       0
       0
       1
       0
       1
       0
       0
       0
       0
       1
       0
       0
       0
       0
       1
       0
       0
       1
       0
       0
       0
       0
       0
       0
       0
       0
       0
       0
       2
       0
       0
       0
       2
       1
       1
       0
       0
       1
       0
       0
       2
       1
       0
       0
       0
       2
       0
       2
       1
       1
       2
       0
       1
       0
       0
       0
       1
       0
       0
       1
       0
       0
       0
       1
       0
       0
       0
       3
       0
       0
       0
       0
       1
       0
       1
       0
       1
       0
       1
       1
       1
       0
       2
       0
       0
       0
       2
       0
       1
       0
       1
       0
       2
       0
       0
       3
       1
       0
       2
       0
       0
       0
       1
       2
       1
       0
       0
       0
       1
       0
       1
       0
       0
       2
       2
       2
       2
       1
       1
       2
       1
       2
       0
       0
       0
       1
       0
       3
       0
       0
       0
       0
       3
       0
       1
       0
       0
       1
       1
       0
       0
       1
       1
       0
       0
       1
       0
       0
       0
       0
       0
       1
       2
       0
       0
       1
       1
       0
       0
       0
       1
       1
       0
       0
       1
       1
       1
       1
       0
       0
       1
       0
       1
       1
       2
       3
       0
       0
       0
       0
       1
       1
       0
       0
       1
       0
       1
       0
       1
       0
       0
       0
       1
       1
       1
       2
       1
       0
       1
       2
       0
       2
       1
       0
       0
       1
       0
       1
       0
       0
       0
       0
       0
       0
       0
       0
       0
       0
       0
       0
       0
       0
       0
       0
       0
       0
       0
       0
       0
       0
       0
       0
       0
       0
       0
       0
       0
       0
       0
       0
       0
       0
       0
       0
       0
       0
       0
       0
       0
       0
       0
       0
       0
       0
       0
       0
       0
       0
       0
       0
       0
       0
       0
       0
       0
       0
       0
       0
       0
       0
       0
       0
       0
       0
       0
       0
       0
       0
       0
       0
       0
       0
       0
       0
       0
       0
       0
       0
       0
       0
       0
       0
       0
       0
       0
       0
       0
       0
       0
       0
       0
       0
       0
       0
       0
       0
       0
       0
       0
       0
       0
       0
       0
       0
       0
       0
       0
       0
       0
       0
       0
       0
       0
       0
       0
       0
       0
       0
       0
       0
       0
       0
       0
       0
       0
       0
       0
       0
       0
       0
       0
       0
       0
       0
       0
       0
       0
       0
       0
       0
       0
       0
       0
       0
       0
       0
       0
       0
       0
       0
       0
       0
       0
       0
       0
       0
       0
       0
       0
       0
       0
       0
       0
       0
       0
       0
       0
       0
       0
       0
       0
       0
       0
       0
       0
       0
       0
       0
       0
       0
       0
       0
       0
       0
       0
       0
       0
       0
       0
       0
       0
       0
       0
       0
       0
       0
       0
       0
       0
       0
       0
       0
       0
       0
       0
       0
       0
       0
       0
       0
       0
       0
       0
       0
       0
       0
       0
       0
       0
       0
       0
       0
       0
       0
       0
       0
       0
       0
       0
       0
       0
       0
       0
       0
       0
       0
       0
       0
       0
       0
       0
       0
       0
       0
       0
       0
       0
       0
       0
       0
       0
       0
       0
       0
       0
       0
       0
       0
       0
       0
       0
       0
       0
       0
       0
       0
       0
       0
       0
       0
       0
       0
       0
       0
       0
       0
$ROI:
1
849 850
$PRESETS:
Live Time
999999
0
$ENER_FIT:
0.000000 0.749264
$MCA_CAL:
3
0.000000E+000 7.492638E-001 0.000000E+000 keV
$SHAPE_CAL:
3
0.000000E+000 0.000000E+000 0.000000E+000
