$SPEC_ID:
none
$SPEC_REM:
DET# 1
DETDESC# GRAD-LAB Easy-MCA-2k SN 14163589
AP# Maestro Version 7.01
$DATE_MEA:
09/26/2016 13:00:53
$MEAS_TIM:
1218 1219
$DATA:
0 2047
       0
       0
       0
       0
       0
       0
       0
       0
       0
       0
       0
       0
       0
       0
       1
       0
       0
      12
     103
      87
      83
      98
      83
      93
      80
      95
      86
      93
      87
     115
     117
      93
     104
     102
     105
     109
     107
      90
      93
     105
     103
      95
     111
     100
      92
      90
     102
     111
     123
     139
     111
     136
     121
     119
     132
     117
     147
     126
     140
     123
     137
     140
     132
     124
     108
     149
     116
     132
     140
     132
     131
     158
     125
     152
     150
     137
     168
     145
     171
     162
     212
     172
     178
     170
     180
     176
     206
     178
     170
     150
     190
     171
     162
     198
     157
     155
     156
     168
     153
     166
     164
     169
     170
     163
     162
     148
     173
     160
     156
     197
     180
     197
     198
     226
     195
     189
     226
     252
     247
     238
     277
     352
     357
     398
     442
     497
     502
     504
     579
     631
     700
     730
     752
     778
     836
     838
     796
     856
     813
     757
     736
     799
     764
     703
     706
     633
     623
     614
     592
     531
     536
     517
     511
     459
     436
     425
     422
     361
     387
     354
     321
     314
     267
     293
     291
     236
     266
     221
     236
     198
     236
     238
     196
     215
     233
     192
     188
     198
     177
     178
     175
     184
     177
     183
     180
     182
     191
     183
     187
     188
     192
     198
     188
     181
     199
     179
     203
     196
     206
     185
     209
     197
     188
     195
     204
     243
     205
     206
     205
     207
     219
     223
     214
     208
     211
     199
     220
     227
     156
     205
     206
     212
     181
     212
     210
     218
     229
     217
     182
     227
     213
     259
     209
     203
     239
     235
     213
     215
     208
     214
     221
     202
     228
     210
     222
     240
     211
     226
     211
     235
     234
     240
     233
     233
     224
     226
     235
     216
     231
     229
     246
     243
     218
     205
     218
     232
     226
     239
     233
     227
     214
     249
     248
     244
     255
     227
     205
     234
     239
     232
     250
     254
     278
     267
     248
     257
     238
     276
     249
     289
     282
     252
     249
     305
     289
     296
     281
     287
     321
     302
     310
     294
     277
     326
     287
     292
     285
     302
     295
     280
     290
     312
     286
     296
     332
     325
     318
     306
     314
     357
     321
     336
     313
     352
     323
     332
     329
     328
     354
     321
     347
     372
     333
     342
     314
     314
     327
     335
     325
     331
     363
     332
     343
     306
     323
     304
     313
     298
     312
     290
     315
     284
     298
     322
     301
     318
     316
     302
     325
     288
     296
     320
     271
     305
     321
     320
     283
     315
     305
     280
     305
     282
     327
     305
     271
     286
     309
     269
     277
     309
     279
     307
     304
     277
     251
     266
     284
     244
     287
     273
     253
     275
     295
     269
     300
     293
     252
     266
     253
     269
     288
     280
     296
     280
     253
     267
     267
     297
     270
     256
     270
     269
     273
     298
     273
     259
     274
     245
     257
     281
     238
     256
     235
     267
     239
     279
     276
     265
     242
     269
     253
     271
     277
     291
     222
     258
     247
     245
     245
     240
     246
     262
     241
     254
     273
     279
     260
     219
     246
     242
     282
     240
     259
     218
     255
     252
     254
     248
     252
     254
     235
     251
     273
     257
     239
     267
     231
     246
     257
     205
     257
     268
     249
     241
     254
     240
     269
     235
     232
     235
     241
     236
     245
     237
     249
     244
     240
     248
     249
     251
     276
     233
     253
     250
     251
     238
     231
     232
     252
     252
     223
     232
     225
     249
     238
     246
     210
     247
     243
     242
     224
     229
     232
     261
     262
     228
     269
     267
     230
     255
     231
     266
     253
     247
     246
     217
     215
     240
     223
     244
     238
     230
     250
     218
     254
     236
     240
     232
     240
     233
     260
     226
     253
     247
     236
     247
     248
     259
     238
     256
     263
     232
     248
     222
     232
     242
     245
     229
     228
     265
     227
     247
     261
     258
     232
     230
     239
     248
     223
     266
     214
     241
     227
     239
     245
     252
     224
     241
     254
     243
     234
     225
     237
     243
     253
     231
     257
     236
     248
     235
     220
     228
     227
     218
     230
     259
     252
     263
     233
     237
     239
     231
     229
     230
     243
     242
     233
     234
     251
     261
     220
     238
     222
     230
     260
     249
     227
     225
     243
     228
     253
     246
     224
     204
     236
     237
     220
     240
     230
     234
     242
     233
     242
     227
     213
     239
     226
     223
     235
     229
     206
     238
     232
     247
     250
     224
     235
     196
     194
     224
     225
     214
     213
     216
     218
     218
     204
     220
     215
     226
     196
     176
     229
     223
     235
     199
     207
     222
     182
     195
     192
     215
     217
     194
     226
     187
     232
     229
     199
     220
     187
     212
     213
     214
     191
     189
     230
     198
     203
     183
     210
     198
     204
     208
     182
     178
     206
     210
     181
     186
     197
     195
     192
     208
     196
     190
     189
     207
     206
     196
     155
     178
     183
     207
     171
     161
     194
     174
     180
     194
     202
     190
     175
     188
     178
     201
     186
     175
     212
     198
     202
     191
     183
     192
     200
     192
     179
     160
     208
     189
     181
     213
     182
     178
     197
     214
     181
     238
     191
     195
     203
     184
     206
     187
     212
     206
     216
     195
     208
     193
     183
     227
     233
     176
     198
     186
     179
     184
     204
     185
     217
     195
     201
     202
     218
     195
     198
     184
     192
     189
     209
     196
     214
     217
     209
     224
     215
     198
     204
     196
     196
     214
     203
     186
     202
     215
     210
     205
     228
     209
     226
     218
     184
     192
     208
     206
     216
     228
     221
     220
     217
     213
     229
     190
     214
     236
     236
     230
     210
     245
     244
     216
     221
     219
     252
     227
     213
     235
     257
     219
     234
     243
     231
     224
     286
     255
     258
     269
     267
     248
     243
     263
     272
     284
     283
     309
     288
     283
     314
     290
     291
     310
     279
     305
     315
     317
     324
     317
     309
     330
     313
     326
     335
     282
     314
     305
     332
     316
     335
     295
     313
     305
     276
     316
     282
     313
     309
     313
     293
     316
     287
     265
     305
     282
     231
     250
     223
     254
     242
     236
     234
     229
     220
     237
     217
     187
     201
     170
     181
     189
     154
     180
     153
     187
     145
     162
     139
     154
     116
     121
     110
     119
     104
     116
     101
     112
      91
      87
      84
      87
      85
      75
      80
      85
      91
      61
      63
      59
      60
      49
      58
      45
      60
      68
      53
      44
      39
      32
      38
      43
      42
      43
      36
      35
      39
      43
      35
      26
      22
      30
      27
      23
      17
      36
      27
      28
      21
      29
      36
      21
      15
      18
      22
      20
      23
      20
      15
      19
      22
      10
      18
      20
      16
      17
      14
      18
      12
      19
      17
      11
      25
      13
      14
      17
      21
       8
      10
      16
      22
      14
      13
      24
      16
      17
      16
      13
      12
      12
      10
      15
      15
      14
      15
      12
       6
       9
      12
      10
      14
      20
      18
      12
       8
      17
      14
      11
      15
      11
      11
       7
      17
      12
      11
      13
      13
      18
      12
      12
       9
       8
       7
      12
      11
       6
       9
       9
      12
      19
      14
      12
      10
      13
      16
      19
      13
       9
      15
      10
      11
      11
      11
      12
      11
      14
      13
      11
       8
      13
      10
      13
       8
      17
      14
      14
      15
       9
       5
      15
       4
      12
      10
       9
      14
       9
      13
      14
      14
      12
      12
      17
      12
      15
      15
      12
       4
      20
       9
      10
      15
      11
      10
       8
      19
       8
       8
      16
       7
      10
      12
      14
      10
       8
      11
      13
       9
      11
      13
      13
      18
      17
       7
       7
       8
       6
      12
      11
       9
      11
      11
       4
      16
      15
      12
      15
       7
      13
      14
      12
       5
      11
      13
       7
      12
      11
      13
       9
       8
      12
      10
      13
      12
      16
       8
      13
       9
      10
      19
      12
      13
      13
      10
      11
      10
      11
       9
       6
       9
       6
      11
       9
      13
      12
       7
      10
      13
       8
      11
       8
       8
       9
       8
      18
      17
      19
      11
      10
       9
      11
      15
       9
      10
      12
      13
      10
       8
       6
      12
      13
      11
      12
      11
      18
      13
      13
       9
      15
      10
      10
       7
      11
      12
      17
      12
      12
      13
       9
      10
      14
       9
      16
      12
       4
      12
       9
       9
      11
      10
      10
      17
      10
       9
      16
      13
      12
      14
      12
       7
      13
       5
      14
      11
      12
       4
      15
      13
      11
       6
      13
       9
      16
      10
       9
      19
      16
      14
      13
      12
      13
      15
      12
      13
      14
      15
      15
      14
       8
      11
      11
       7
      15
       8
       9
      14
      17
      12
      10
      12
       5
       9
      14
       7
      16
      13
      11
      14
       6
       5
      12
       9
       7
      15
       7
      12
      12
      14
       9
      13
      11
      19
      17
       9
      17
      12
      16
      11
      14
      10
       8
      11
      11
      12
      12
      12
      11
      15
      15
      10
      14
      11
      12
      14
      13
       9
      10
      13
      12
      10
      15
      12
       9
      12
       9
       8
      12
      14
      18
       8
      11
      10
      16
      10
       7
      16
       7
       6
      14
       9
      16
      12
      11
      17
      10
      14
      17
      11
      13
      14
      11
      11
      14
       8
      11
      12
      14
      15
       9
       4
      11
       9
       8
       7
       8
       7
      10
       9
       6
       8
      18
      12
      12
       9
      15
       6
       8
       5
       9
      11
      14
      10
      16
       9
       8
      11
      11
      10
       4
      10
       9
       8
      10
       4
      11
      10
      17
      11
       8
       9
      11
       4
       8
       5
       8
       7
      11
      18
      14
       9
      10
      10
       9
       3
       6
       7
      11
       8
      12
      11
       8
       9
       7
       7
      11
       6
       8
      11
       6
       2
      15
      13
       7
       8
      10
       4
       3
       7
      10
       6
       8
       6
      10
       8
      12
       7
       5
       6
       9
       8
       6
       7
      12
      10
      12
       9
       7
       7
       9
       3
       6
      10
      11
       7
       8
       8
       6
       1
       6
      10
       8
       8
       9
       5
       6
       8
       6
      10
      11
       3
       6
      13
       8
       5
       7
       5
       6
       7
       8
       8
       5
       5
       5
       6
       9
       5
       4
       7
       6
       2
       8
       9
       5
      11
       6
       7
       5
       7
       4
      12
      13
       6
       9
       6
       8
       3
       6
       5
       5
       6
       6
       6
       5
       2
       7
       3
       7
       6
       5
       5
       4
      12
       6
       8
       5
       7
       7
       5
       7
       3
       5
      11
       8
      10
       5
       7
       3
       9
       3
       6
       3
       2
      11
       7
       4
       3
       4
       6
       3
       3
       5
       7
       2
       5
       6
       8
       5
       6
       5
       6
       9
       5
       5
       5
       5
       8
       6
       9
       5
       5
      11
       6
       4
       5
       7
       5
       5
       8
       3
       7
      10
       4
       3
       8
       2
       5
       5
      11
      10
      12
       4
      13
       8
      12
      10
       7
       7
       8
       6
      11
      11
      11
       9
       8
       3
       9
       6
       7
       4
       7
       7
       7
       9
       6
      11
      13
      16
       8
      11
      10
       9
      13
      15
      17
      11
       6
      10
       7
      13
      11
       8
      11
      12
      10
       7
      12
       8
      12
       7
      11
      11
       9
      10
      16
      10
      10
       9
      13
      12
       8
      13
      16
       8
      11
      10
      13
      13
      10
      13
      12
      10
      10
       5
       9
      10
       8
      11
       7
       7
      11
       8
       2
      14
      12
      14
       8
       7
      13
       9
       8
       6
      10
       9
       4
      19
       7
      10
      10
      15
       6
       6
      10
       7
       9
       9
      10
       7
       6
       9
       7
      11
       5
       9
      10
       6
       6
       4
       5
       4
       7
       6
       5
       8
       8
       7
       3
       6
      12
       8
      12
       7
       6
       4
       3
       2
       6
      11
       6
      10
      11
       9
       5
       7
       7
       9
       4
       6
       5
       7
       6
       5
       2
       8
       8
       1
       6
       8
       6
       4
       2
       7
       3
       5
       3
       8
       5
       6
       6
       6
       5
       4
       6
       0
       4
       3
       0
       0
       1
       0
       0
       0
       0
       0
       0
       0
       0
       0
       0
       0
       0
       0
       0
       0
       0
       0
       0
       0
       0
       0
       0
       0
       0
       0
       0
       0
       0
       0
       0
       0
       0
       0
       0
       0
       0
       0
       0
       0
       0
       0
       0
       0
       0
       0
       0
       0
       0
       0
       0
       0
       0
       0
       0
       0
       0
       0
       0
       0
       0
       0
       0
       0
       0
       0
       0
       0
       0
       0
       0
       0
       0
       0
       0
       0
       0
       0
       0
       0
       0
       0
       0
       0
       0
       0
       0
       0
       0
       0
       0
       0
       0
       0
       0
       0
       0
       0
       0
       0
       0
       0
       0
       0
       0
       0
       0
       0
       0
       0
       0
       0
       0
       0
       0
       0
       0
       0
       0
       0
       0
       0
       0
       0
       0
       0
       0
       0
       0
       0
       0
       0
       0
       0
       0
       0
       0
       0
       0
       0
       0
       0
       0
       0
       0
       0
       0
       0
       0
       0
       0
       0
       0
       0
       0
       0
       0
       0
       0
       0
       0
       0
       0
       0
       0
       0
       0
       0
       0
       0
       0
       0
       0
       0
       0
       0
       0
       0
       0
       0
       0
       0
       0
       0
       0
       0
       0
       0
       0
       0
       0
       0
       0
       0
       0
       0
       0
       0
       0
       0
       0
       0
       0
       0
       0
       0
       0
       0
       0
       0
       0
       0
       0
       0
       0
       0
       0
       0
       0
       0
       0
       0
       0
       0
       0
       0
       0
       0
       0
       0
       0
       0
       0
       0
       0
       0
       0
       0
       0
       0
       0
       0
       0
       0
       0
       0
       0
       0
       0
       0
       0
       0
       0
       0
       0
       0
       0
       0
       0
       0
       0
       0
       0
       0
       0
       0
       0
       0
       0
       0
       0
       0
       0
       0
$ROI:
1
849 850
$PRESETS:
Live Time
999999
0
$ENER_FIT:
0.000000 0.749264
$MCA_CAL:
3
0.000000E+000 7.492638E-001 0.000000E+000 keV
$SHAPE_CAL:
3
0.000000E+000 0.000000E+000 0.000000E+000
