$SPEC_ID:
none
$SPEC_REM:
DET# 1
DETDESC# GRAD-LAB Easy-MCA-2k SN 14163589
AP# Maestro Version 7.01
$DATE_MEA:
09/26/2016 11:59:11
$MEAS_TIM:
87 88
$DATA:
0 2047
       0
       0
       0
       0
       0
       0
       0
       0
       0
       0
       0
       0
       0
       0
       0
       0
       0
      14
      50
      55
      51
      52
      61
      56
      60
      69
      53
      63
      63
      71
      69
      52
      63
      60
      87
      48
      74
      72
      70
      65
      67
      68
      65
      70
      65
      64
      74
      71
      84
      63
      88
      76
      74
      79
      68
      86
      71
      88
      98
      74
      84
      76
      88
      82
      89
      69
      81
      79
      77
      86
      60
      81
      89
      85
      99
      71
      81
      84
     104
      89
      92
      83
      85
      92
     100
      81
      82
      98
      85
      98
      90
     114
     106
     106
     101
      69
     115
      90
      82
     107
      89
      95
      99
      93
      88
      99
     103
     110
     101
     105
     105
     103
     104
     111
     117
     105
     104
     103
     128
     111
     112
     115
     127
     146
     155
     134
     165
     164
     199
     169
     179
     199
     186
     225
     180
     216
     198
     176
     241
     196
     211
     190
     220
     217
     181
     194
     180
     171
     164
     177
     172
     160
     165
     149
     174
     149
     154
     145
     143
     133
     141
     146
     123
     132
     144
     128
      99
     112
     112
      91
      98
     139
     122
     123
     129
     106
     125
     122
     115
     113
      95
     109
     103
      89
     110
     100
     103
     122
     104
     121
     105
     114
     122
     121
     126
     125
     127
     132
     150
     116
      96
     125
     124
     111
     131
     104
     128
     120
     123
     118
     112
     136
     120
     133
     110
     113
     129
     124
     127
     114
     144
     108
     122
     123
     117
     127
     114
     126
     123
     121
     148
     152
     124
     143
     129
     110
     142
     129
     136
     133
     138
     114
     134
     144
     141
     133
     127
     137
     156
     136
     151
     143
     160
     140
     141
     134
     138
     149
     120
     160
     136
     150
     132
     143
     138
     132
     155
     133
     141
     139
     141
     164
     159
     138
     153
     152
     173
     136
     135
     166
     163
     171
     162
     172
     168
     177
     163
     179
     180
     157
     168
     173
     163
     170
     192
     214
     192
     167
     194
     198
     199
     193
     212
     188
     213
     197
     242
     213
     219
     213
     223
     200
     225
     211
     190
     215
     217
     205
     223
     212
     234
     229
     244
     221
     195
     198
     196
     234
     208
     195
     223
     198
     208
     197
     215
     238
     205
     209
     205
     190
     213
     215
     192
     224
     207
     174
     240
     184
     200
     218
     183
     216
     230
     233
     180
     193
     181
     203
     186
     186
     189
     205
     198
     209
     168
     185
     219
     186
     175
     199
     236
     192
     167
     183
     170
     192
     181
     183
     203
     172
     159
     191
     220
     164
     188
     169
     199
     186
     167
     172
     175
     176
     190
     183
     189
     170
     200
     163
     189
     183
     192
     197
     158
     170
     157
     181
     171
     160
     177
     185
     184
     182
     181
     177
     193
     171
     193
     164
     188
     162
     164
     155
     186
     143
     195
     164
     157
     178
     175
     140
     177
     166
     153
     169
     185
     178
     160
     173
     171
     172
     136
     175
     148
     182
     163
     180
     162
     179
     173
     174
     170
     173
     155
     182
     165
     175
     154
     123
     189
     155
     177
     164
     163
     188
     175
     171
     157
     185
     170
     181
     161
     165
     182
     164
     154
     149
     161
     177
     161
     174
     155
     170
     158
     151
     184
     181
     157
     166
     174
     148
     174
     201
     170
     187
     167
     135
     154
     173
     158
     138
     178
     175
     178
     174
     174
     153
     170
     182
     189
     145
     190
     159
     145
     146
     160
     154
     164
     171
     147
     164
     159
     182
     171
     169
     196
     167
     191
     156
     152
     159
     176
     164
     175
     166
     147
     172
     165
     158
     164
     155
     146
     180
     146
     169
     159
     168
     148
     177
     164
     170
     195
     165
     157
     160
     149
     147
     153
     172
     164
     164
     157
     181
     184
     171
     179
     172
     165
     178
     186
     163
     183
     180
     166
     172
     169
     166
     157
     172
     166
     173
     186
     170
     172
     170
     166
     171
     164
     176
     153
     192
     186
     199
     176
     165
     178
     186
     179
     189
     169
     171
     178
     174
     180
     165
     169
     186
     205
     186
     171
     202
     172
     168
     175
     169
     187
     193
     182
     162
     167
     173
     191
     176
     163
     168
     180
     163
     145
     158
     175
     158
     158
     154
     184
     168
     142
     156
     138
     142
     172
     139
     155
     151
     155
     170
     134
     159
     143
     134
     124
     128
     139
     132
     134
     138
     104
     120
     130
     122
     128
     123
     126
     116
     140
     118
     129
     117
     101
     119
     106
     106
     103
     107
     116
     100
     108
     108
     100
      98
      93
      95
      95
      92
      83
      71
      95
      93
     114
      94
      81
     102
     112
      93
      75
      88
      87
      80
     104
      69
      79
      79
      95
      88
      88
      75
      95
      84
      81
      74
      78
      63
      83
      74
      79
      97
      78
      63
      82
      84
      79
      68
      59
      69
      59
      73
      92
      78
      66
      63
      63
      92
      83
      70
      78
      62
      82
      80
      88
      65
      65
      75
      81
      71
      62
      71
      73
      92
      68
      67
      78
      65
      63
      81
      73
      74
      65
      58
      71
      65
      61
      65
      64
      60
      59
      54
      64
      67
      62
      66
      70
      67
      61
      66
      57
      56
      64
      63
      69
      65
      62
      61
      62
      64
      57
      77
      68
      70
      61
      70
      65
      65
      64
      78
      69
      81
      72
      78
      70
      75
      78
      72
      58
      83
      89
      80
      82
      84
      88
      73
      92
      93
      96
      86
      91
     118
     102
     110
     104
     115
     118
     125
     127
     133
     126
     151
     153
     165
     160
     189
     177
     214
     193
     213
     209
     217
     244
     252
     290
     299
     314
     336
     357
     361
     377
     423
     408
     427
     441
     454
     476
     470
     485
     515
     602
     587
     562
     588
     636
     651
     691
     754
     703
     750
     769
     754
     747
     825
     797
     851
     850
     884
     894
     936
     873
     955
     924
     976
     909
     900
     974
     933
     945
     924
     960
    1010
     988
     950
     948
     932
     938
     967
     974
     922
     899
     901
     866
     875
     908
     885
     867
     879
     839
     808
     774
     780
     800
     768
     771
     717
     742
     688
     696
     712
     696
     654
     630
     664
     641
     627
     567
     568
     529
     561
     522
     531
     487
     455
     479
     451
     453
     433
     405
     414
     398
     406
     401
     375
     326
     306
     323
     313
     306
     283
     291
     271
     250
     236
     235
     222
     220
     207
     195
     206
     185
     181
     194
     182
     172
     160
     155
     137
     156
     127
     109
     119
     121
     117
     121
     107
      91
     105
     103
      77
      76
      77
      53
      78
      58
      68
      72
      59
      68
      50
      41
      61
      37
      48
      43
      31
      35
      37
      40
      34
      30
      26
      29
      20
      25
      25
      25
      19
      20
      17
      16
      14
      16
      11
      12
      13
      14
       8
      13
      15
      12
      15
       8
       6
       6
      12
       6
       6
      11
       8
       6
       8
       5
       8
       4
       6
       6
       5
       1
       4
       3
       3
       3
       1
       3
       8
       2
       3
       2
       1
       2
       4
       1
       4
       3
       1
       3
       1
       3
       2
       3
       0
       2
       1
       3
       1
       4
       1
       3
       2
       3
       2
       0
       1
       1
       1
       2
       1
       2
       4
       0
       1
       2
       1
       3
       2
       1
       0
       5
       3
       0
       0
       3
       3
       0
       1
       1
       0
       1
       1
       1
       0
       2
       2
       1
       1
       0
       0
       0
       0
       0
       1
       2
       1
       3
       1
       2
       1
       1
       2
       2
       1
       3
       0
       1
       2
       3
       1
       1
       2
       0
       0
       1
       5
       0
       0
       1
       1
       1
       0
       0
       3
       1
       0
       1
       1
       0
       3
       1
       0
       0
       1
       2
       0
       1
       1
       2
       0
       4
       1
       4
       5
       1
       0
       2
       1
       1
       1
       1
       1
       0
       0
       0
       1
       1
       0
       0
       0
       1
       1
       1
       2
       2
       0
       2
       0
       1
       1
       2
       1
       1
       0
       1
       0
       1
       0
       1
       1
       0
       1
       0
       1
       1
       1
       1
       0
       1
       2
       1
       3
       4
       1
       0
       0
       0
       0
       0
       1
       1
       1
       3
       0
       0
       0
       0
       1
       2
       1
       0
       0
       1
       2
       0
       2
       3
       1
       1
       1
       1
       1
       1
       0
       0
       2
       0
       1
       3
       1
       1
       1
       0
       2
       2
       0
       1
       1
       1
       0
       1
       1
       0
       1
       2
       1
       0
       0
       2
       1
       1
       1
       2
       1
       1
       1
       2
       1
       1
       1
       3
       3
       0
       2
       1
       2
       1
       1
       3
       4
       1
       0
       1
       1
       2
       3
       1
       0
       1
       2
       2
       0
       1
       1
       3
       2
       2
       2
       1
       2
       2
       0
       3
       1
       1
       2
       1
       0
       1
       2
       1
       3
       0
       1
       3
       0
       0
       1
       1
       3
       1
       2
       1
       1
       0
       1
       1
       0
       1
       2
       1
       3
       0
       1
       1
       0
       0
       1
       0
       0
       1
       1
       2
       1
       0
       1
       0
       0
       1
       0
       2
       1
       0
       2
       1
       0
       0
       1
       1
       0
       2
       2
       0
       0
       1
       2
       2
       0
       1
       2
       0
       1
       3
       1
       1
       0
       1
       1
       0
       0
       1
       1
       0
       1
       0
       1
       1
       0
       0
       0
       0
       1
       0
       2
       2
       3
       0
       1
       2
       2
       2
       1
       1
       0
       0
       1
       0
       0
       0
       1
       2
       1
       0
       0
       1
       2
       1
       0
       1
       1
       1
       0
       0
       1
       2
       0
       0
       2
       1
       1
       0
       1
       1
       0
       1
       0
       0
       0
       2
       3
       1
       1
       3
       1
       0
       0
       0
       1
       0
       0
       0
       1
       2
       0
       0
       3
       0
       0
       1
       0
       1
       1
       0
       0
       0
       1
       1
       0
       1
       0
       1
       1
       1
       2
       0
       1
       0
       2
       1
       1
       0
       1
       0
       0
       1
       2
       3
       5
       0
       0
       2
       0
       1
       2
       0
       0
       1
       0
       0
       0
       1
       1
       0
       1
       1
       2
       1
       1
       0
       0
       1
       0
       1
       0
       1
       1
       1
       0
       0
       0
       0
       1
       1
       0
       0
       0
       0
       1
       2
       0
       0
       0
       0
       1
       1
       1
       0
       0
       1
       2
       0
       1
       0
       0
       0
       1
       1
       1
       0
       0
       0
       2
       1
       1
       0
       0
       2
       0
       0
       0
       0
       1
       0
       1
       3
       0
       1
       0
       1
       1
       0
       0
       0
       0
       0
       2
       0
       0
       1
       1
       1
       1
       0
       2
       0
       2
       2
       0
       0
       0
       3
       1
       0
       1
       0
       0
       0
       0
       2
       0
       0
       0
       1
       0
       1
       1
       2
       3
       0
       0
       1
       0
       1
       2
       1
       0
       2
       0
       1
       2
       0
       1
       0
       0
       0
       0
       2
       1
       1
       1
       0
       0
       1
       1
       0
       1
       2
       0
       2
       1
       1
       1
       0
       0
       0
       3
       1
       3
       0
       0
       0
       0
       0
       0
       1
       1
       1
       0
       2
       0
       0
       1
       0
       1
       1
       0
       1
       1
       1
       0
       0
       1
       0
       1
       0
       1
       0
       1
       0
       0
       1
       0
       2
       0
       1
       0
       3
       0
       0
       0
       1
       1
       1
       1
       1
       3
       1
       0
       0
       1
       0
       0
       0
       0
       0
       2
       0
       1
       0
       1
       1
       0
       1
       0
       0
       0
       1
       1
       1
       0
       1
       0
       0
       1
       0
       0
       0
       0
       0
       0
       0
       0
       0
       2
       0
       1
       0
       1
       1
       1
       0
       1
       0
       0
       1
       0
       0
       1
       0
       1
       0
       0
       0
       0
       0
       0
       0
       1
       1
       2
       0
       1
       0
       0
       0
       1
       0
       0
       0
       0
       0
       0
       0
       0
       0
       0
       0
       0
       0
       0
       0
       0
       0
       0
       0
       0
       0
       0
       0
       0
       0
       0
       0
       0
       0
       0
       0
       0
       0
       0
       0
       0
       0
       0
       0
       0
       0
       0
       0
       0
       0
       0
       0
       0
       0
       0
       0
       0
       0
       0
       0
       0
       0
       0
       0
       0
       0
       0
       0
       0
       0
       0
       0
       0
       0
       0
       0
       0
       0
       0
       0
       0
       0
       0
       0
       0
       0
       0
       0
       0
       0
       0
       0
       0
       0
       0
       0
       0
       0
       0
       0
       0
       0
       0
       0
       0
       0
       0
       0
       0
       0
       0
       0
       0
       0
       0
       0
       0
       0
       0
       0
       0
       0
       0
       0
       0
       0
       0
       0
       0
       0
       0
       0
       0
       0
       0
       0
       0
       0
       0
       0
       0
       0
       0
       0
       0
       0
       0
       0
       0
       0
       0
       0
       0
       0
       0
       0
       0
       0
       0
       0
       0
       0
       0
       0
       0
       0
       0
       0
       0
       0
       0
       0
       0
       0
       0
       0
       0
       0
       0
       0
       0
       0
       0
       0
       0
       0
       0
       0
       0
       0
       0
       0
       0
       0
       0
       0
       0
       0
       0
       0
       0
       0
       0
       0
       0
       0
       0
       0
       0
       0
       0
       0
       0
       0
       0
       0
       0
       0
       0
       0
       0
       0
       0
       0
       0
       0
       0
       0
       0
       0
       0
       0
       0
       0
       0
       0
       0
       0
       0
       0
       0
       0
       0
       0
       0
       0
       0
       0
       0
       0
       0
       0
       0
       0
       0
       0
       0
       0
       0
       0
       0
       0
       0
       0
       0
       0
       0
       0
       0
       0
       0
       0
       0
       0
       0
       0
       0
       0
       0
       0
       0
       0
       0
       0
       0
       0
       0
$ROI:
1
849 850
$PRESETS:
Live Time
999999
0
$ENER_FIT:
0.000000 0.749264
$MCA_CAL:
3
0.000000E+000 7.492638E-001 0.000000E+000 keV
$SHAPE_CAL:
3
0.000000E+000 0.000000E+000 0.000000E+000
