$SPEC_ID:
none
$SPEC_REM:
DET# 1
DETDESC# GRAD-LAB Easy-MCA-2k SN 14163589
AP# Maestro Version 7.01
$DATE_MEA:
09/21/2016 13:14:50
$MEAS_TIM:
535 535
$DATA:
0 2047
       0
       0
       0
       0
       0
       0
       0
       0
       0
       0
       0
       0
       0
       0
       0
       0
       0
       2
      11
       8
      18
      13
      14
      13
      12
      11
       9
      12
       7
      15
       8
       9
       7
      13
      16
      10
      13
      14
       7
       8
      14
      15
      12
      15
      14
      10
      13
       9
      18
      23
      16
      19
      14
      16
      18
      17
      19
      33
      13
      18
      20
      19
      15
      18
      17
      23
      10
      18
      22
      17
      21
      17
      28
      23
      21
      25
      23
      20
      28
      21
      26
      23
      20
      29
      25
      29
      25
      26
      28
      23
      26
      27
      23
      34
      34
      23
      27
      27
      30
      17
      33
      21
      24
      22
      36
      31
      27
      34
      25
      31
      34
      36
      39
      37
      39
      36
      34
      42
      50
      51
      54
      46
      55
      62
      59
      63
      63
      62
      61
      74
      75
      73
      83
      70
      83
      97
      84
      85
      92
      80
      87
      85
      69
      71
      66
      54
      85
      78
      80
      68
      73
      59
      73
      77
      71
      63
      75
      58
      64
      56
      55
      51
      56
      56
      67
      67
      70
      68
      55
      61
      62
      53
      56
      55
      69
      60
      49
      55
      55
      50
      51
      57
      54
      59
      42
      49
      52
      46
      70
      67
      53
      67
      60
      61
      71
      53
      55
      53
      60
      60
      71
      62
      63
      58
      51
      46
      57
      50
      55
      63
      53
      68
      50
      51
      52
      52
      60
      61
      50
      59
      52
      56
      53
      49
      64
      53
      39
      35
      60
      50
      45
      49
      52
      50
      60
      44
      55
      42
      56
      56
      48
      46
      46
      48
      46
      56
      52
      51
      46
      45
      38
      51
      59
      52
      49
      48
      36
      43
      48
      50
      45
      55
      43
      48
      54
      54
      60
      49
      51
      45
      35
      49
      59
      48
      49
      47
      44
      56
      46
      48
      45
      49
      49
      42
      60
      53
      54
      48
      48
      36
      42
      52
      38
      42
      55
      50
      49
      40
      54
      47
      52
      31
      44
      55
      41
      36
      53
      57
      47
      37
      37
      47
      34
      53
      41
      40
      41
      35
      41
      50
      43
      30
      40
      25
      33
      45
      51
      61
      40
      47
      37
      49
      47
      40
      48
      50
      39
      49
      34
      31
      39
      35
      54
      43
      34
      51
      36
      33
      46
      49
      38
      46
      44
      33
      37
      43
      31
      38
      53
      53
      39
      37
      40
      37
      40
      33
      43
      34
      28
      38
      28
      40
      50
      36
      35
      30
      32
      22
      46
      33
      46
      33
      31
      32
      33
      35
      27
      31
      28
      37
      36
      41
      36
      34
      30
      42
      36
      32
      35
      43
      36
      26
      21
      36
      35
      45
      31
      35
      34
      31
      24
      38
      40
      41
      37
      27
      29
      32
      34
      36
      25
      38
      33
      35
      28
      41
      25
      33
      39
      34
      29
      24
      29
      36
      27
      36
      43
      32
      28
      34
      31
      28
      34
      24
      21
      27
      28
      24
      31
      25
      29
      34
      33
      27
      20
      14
      25
      25
      22
      27
      23
      27
      29
      24
      35
      28
      29
      22
      22
      28
      29
      21
      24
      27
      24
      23
      21
      38
      35
      15
      26
      30
      28
      20
      26
      28
      22
      26
      30
      28
      29
      20
      33
      22
      22
      29
      27
      28
      28
      25
      32
      34
      19
      30
      32
      36
      30
      24
      24
      30
      32
      22
      19
      23
      27
      21
      29
      44
      27
      28
      24
      33
      29
      28
      26
      20
      32
      27
      29
      31
      22
      35
      21
      22
      27
      23
      23
      33
      29
      28
      26
      20
      24
      36
      26
      30
      25
      26
      32
      32
      37
      30
      27
      25
      35
      37
      27
      32
      33
      30
      21
      25
      24
      29
      31
      29
      27
      36
      36
      31
      25
      23
      35
      25
      37
      26
      30
      35
      34
      38
      28
      33
      25
      29
      28
      28
      32
      29
      45
      39
      56
      29
      37
      37
      24
      27
      50
      36
      31
      37
      41
      45
      59
      39
      34
      41
      37
      40
      50
      45
      48
      47
      48
      53
      38
      44
      51
      50
      41
      43
      52
      37
      51
      50
      55
      55
      54
      46
      50
      42
      55
      43
      62
      55
      52
      47
      57
      50
      41
      60
      49
      43
      55
      58
      55
      50
      41
      53
      55
      60
      40
      67
      67
      43
      53
      52
      44
      46
      62
      41
      43
      51
      44
      42
      53
      50
      51
      62
      41
      47
      43
      62
      50
      47
      53
      40
      31
      50
      50
      34
      50
      45
      48
      43
      45
      36
      33
      41
      34
      39
      41
      35
      50
      36
      32
      36
      41
      30
      28
      36
      34
      26
      31
      23
      30
      31
      29
      36
      33
      24
      27
      35
      18
      41
      27
      22
      25
      28
      24
      26
      28
      21
      37
      20
      24
      21
      21
      23
      16
      31
      23
      29
      18
      14
      17
      11
      23
      14
      17
       6
      16
      19
      18
      10
      12
      12
      16
      17
      16
      14
      12
      22
      13
      14
      12
      19
      13
      23
      11
      14
      14
      19
       9
      15
      12
      17
      13
      15
      15
       5
      17
       8
      11
      12
      17
      14
       7
       9
      17
      10
      14
      11
      13
      15
      11
      13
      13
      10
      10
       8
      13
       6
      11
      11
      10
       9
      12
      16
       8
       6
       6
       9
       9
      13
       8
       9
      10
      11
      10
       6
      12
      14
       7
      10
       8
       9
       9
       8
      10
       8
       8
      11
      13
       9
       9
       9
      11
      14
      10
       6
      11
      10
       6
      10
       9
       9
      12
       8
      14
       7
       9
       8
      10
      11
       8
       7
       8
       7
      11
       4
       3
       6
      11
       9
       6
      13
       6
      13
       9
       8
       8
      16
       8
      14
      12
      11
       6
      16
      14
      11
       5
       8
       6
       7
      19
      14
      10
       7
      11
      12
       7
      15
      10
       5
       9
      12
      10
      15
      13
       8
      10
       8
       6
       7
       7
       9
       7
       6
      10
       7
       3
      12
       6
       7
       6
      11
       7
      10
       5
       4
       3
       7
       8
       9
      16
       6
       7
       5
       7
       8
       7
       9
       3
       8
       0
       6
      13
       7
       6
       7
       9
       9
       5
       5
       8
       4
       7
       9
       4
       8
      13
       7
      10
       9
      11
       4
       8
       2
      10
       6
       7
       4
       4
       6
       6
      14
       9
      10
       4
      14
       7
       6
       3
       7
       9
       5
       7
      12
      10
       6
       7
       8
       8
       6
       9
       4
       9
       4
       6
       8
       5
       5
       8
      13
      11
      11
       4
      10
      10
       8
      10
       8
       5
       6
      15
       7
       6
       4
      12
       1
      10
       3
       4
      10
      11
       6
       5
       9
       2
       7
       5
       9
       7
       6
      11
      13
       3
       5
       7
       7
       5
       6
       5
       7
       5
      11
       5
       9
       6
       9
       6
      12
       5
       6
       8
       5
       6
       8
       6
      10
      11
       4
      10
      10
       8
       5
       7
       7
       6
       7
       4
       2
       2
       5
       8
       8
       7
       4
       5
       5
       4
       7
       7
       5
       5
       6
      11
       5
       3
       7
       6
      13
       7
       6
       5
       9
       9
       7
      10
       7
       3
       7
      10
       9
       9
       2
       4
       8
       6
       4
      11
       9
       5
       6
      10
       8
      10
       5
       7
       6
       3
       3
       7
      11
       5
      11
       7
       4
       4
       9
       3
       6
       4
       7
       4
       8
       9
       6
       2
       6
       9
       7
       4
       3
       6
       4
       8
       6
      10
       8
       6
      15
       6
       6
       2
       6
       5
       4
       5
       5
       4
       8
       3
       9
       5
       8
       6
       2
       3
       5
       4
       9
       7
       3
       3
       3
       3
       4
       6
       5
       8
       3
       9
       2
       6
       4
       7
       3
       3
       6
       1
       4
       6
       5
       1
       4
       9
       5
       8
       6
       6
       6
       4
      10
       8
       8
      10
       6
       8
       5
       6
       8
       4
       5
       4
       3
       4
       7
       4
       6
       6
       6
       9
       7
      10
       4
       3
       6
       6
       5
       7
       5
       3
       3
       6
       9
      10
       5
       3
       5
       3
       6
       2
       8
       6
       3
      11
       3
       8
       5
       8
       3
       6
       3
       4
       8
       8
       8
       6
       6
       5
       3
       7
       1
       8
       8
       6
       3
       2
       6
      11
       8
       8
       6
       8
       7
      10
       5
       5
       2
       7
       7
       4
       6
       7
       6
       3
       2
      12
       2
       8
       8
       3
       7
       3
       4
       4
       7
       8
       4
       2
       6
       3
       6
       9
       3
       8
       4
       5
       9
       7
      16
       5
       6
      10
       5
       6
       4
       2
       8
       6
       5
       7
       4
       7
       8
       7
       5
       7
      11
       7
       8
       7
       6
       6
       9
       5
       9
       6
       9
       9
       4
      11
       6
       9
       4
       8
       2
       7
       1
       7
       2
       8
       2
       9
       3
       3
       6
       5
       7
       5
       4
       5
       5
       5
       5
       4
       7
       4
       8
       5
       4
       6
       7
       6
       2
       6
       4
       5
       3
       5
       5
       3
       5
       4
       5
       6
       2
       6
       8
       5
       9
       3
      11
       6
       8
       7
       6
       6
       5
       4
       5
       6
       5
      11
       4
       3
       5
       7
       6
       5
       4
       5
       6
       6
       5
       7
       2
       4
       4
       4
       2
       4
       6
       5
       8
       4
       3
       6
       4
       2
       3
       4
       3
       3
       6
       4
       5
       5
       7
       9
       3
       6
       4
       5
       3
       3
       9
       2
       2
       3
       4
       3
       7
       5
       1
       5
       4
       2
       3
       3
       3
       2
       6
       3
       5
       3
       3
       1
       3
       7
       4
       4
       7
       4
       4
       1
       3
       7
       5
       4
       5
       5
       3
       2
       2
       4
       7
       6
       5
       3
       3
       2
       6
       3
       7
       4
       4
       3
       5
       5
       2
       4
       3
       5
       7
       7
       2
       1
       7
       2
       4
       2
       2
       2
       3
       3
       4
       4
       4
       4
       4
       2
       5
       3
       5
       4
       4
       3
       3
       8
       6
       4
       3
       3
       1
       4
       7
       5
       4
       8
       4
       8
       5
       4
       5
       3
       2
       1
       7
       1
       4
       3
       3
       2
       5
       2
       3
       4
       7
       3
       2
       5
       1
       6
       2
       2
       2
       1
       5
       2
       5
      10
       0
       3
       2
       5
       6
       6
       1
       3
       6
       1
       1
       2
       2
       2
       2
       6
       2
       4
       4
       1
       4
       3
       5
       4
       3
       4
       9
       3
       4
       6
       5
       3
       2
       9
       4
       3
       2
       2
       3
       6
       4
      10
       8
       4
       3
       7
       9
       4
       7
       3
       6
       3
       5
       6
       3
       3
       1
       4
       7
       3
       4
       7
       3
       5
       6
       8
       5
       5
       2
      10
       5
       7
       4
       5
       5
       3
       3
       5
       6
       7
       5
       7
       5
       8
       6
       3
       5
       2
       3
       5
       7
       3
       1
       6
       5
       6
       3
       4
       3
       9
       4
       4
       1
       4
       9
       2
       4
       1
       4
       6
       4
       5
       5
       1
       4
       4
       1
       4
       3
       2
       4
       2
       9
       5
       3
       6
       3
       0
      12
       5
       2
       4
       3
       6
       5
       7
       1
       4
       2
       2
       1
       3
       4
       2
       0
       4
       2
       2
       3
       3
       4
       3
       4
       4
       1
       2
       2
       6
       3
       1
       3
       2
       3
       4
       1
       1
       4
       3
       3
       3
       3
       3
       5
       1
       2
       4
       3
       1
       7
       4
       3
       4
       1
       5
       1
       5
       2
       2
       2
       2
       4
       3
       1
       1
       1
       3
       2
       3
       7
       2
       3
       1
       2
       2
       3
       4
       4
       0
       3
       1
       0
       4
       1
       0
       0
       1
       1
       1
       2
       1
       3
       0
       0
       0
       0
       0
       0
       0
       0
       0
       0
       0
       0
       0
       0
       0
       0
       0
       0
       0
       0
       0
       0
       0
       0
       0
       0
       0
       0
       0
       0
       0
       0
       0
       0
       0
       0
       0
       0
       0
       0
       0
       0
       0
       0
       0
       0
       0
       0
       0
       0
       0
       0
       0
       0
       0
       0
       0
       0
       0
       0
       0
       0
       0
       0
       0
       0
       0
       0
       0
       0
       0
       0
       0
       0
       0
       0
       0
       0
       0
       0
       0
       0
       0
       0
       0
       0
       0
       0
       0
       0
       0
       0
       0
       0
       0
       0
       0
       0
       0
       0
       0
       0
       0
       0
       0
       0
       0
       0
       0
       0
       0
       0
       0
       0
       0
       0
       0
       0
       0
       0
       0
       0
       0
       0
       0
       0
       0
       0
       0
       0
       0
       0
       0
       0
       0
       0
       0
       0
       0
       0
       0
       0
       0
       0
       0
       0
       0
       0
       0
       0
       0
       0
       0
       0
       0
       0
       0
       0
       0
       0
       0
       0
       0
       0
       0
       0
       0
       0
       0
       0
       0
       0
       0
       0
       0
       0
       0
       0
       0
       0
       0
       0
       0
       0
       0
       0
       0
       0
       0
       0
       0
       0
       0
       0
       0
       0
       0
       0
       0
       0
       0
       0
       0
       0
       0
       0
       0
       0
       0
       0
       0
       0
       0
       0
       0
       0
       0
       0
       0
       0
       0
       0
       0
       0
       0
       0
       0
       0
       0
       0
       0
       0
       0
       0
       0
       0
       0
       0
       0
       0
       0
       0
       0
       0
       0
       0
       0
       0
       0
       0
       0
       0
       0
       0
       0
       0
       0
       0
       0
       0
       0
       0
       0
       0
       0
       0
       0
       0
       0
       0
       0
       0
       0
       0
$ROI:
1
849 850
$PRESETS:
Live Time
999999
0
$ENER_FIT:
0.000000 0.749264
$MCA_CAL:
3
0.000000E+000 7.492638E-001 0.000000E+000 keV
$SHAPE_CAL:
3
0.000000E+000 0.000000E+000 0.000000E+000
