$SPEC_ID:
none
$SPEC_REM:
DET# 1
DETDESC# GRAD-LAB Easy-MCA-2k SN 14163589
AP# Maestro Version 7.01
$DATE_MEA:
09/21/2016 14:12:59
$MEAS_TIM:
772 773
$DATA:
0 2047
       0
       0
       0
       0
       0
       0
       0
       0
       0
       0
       0
       0
       0
       0
       1
       0
       0
       6
      13
      19
      10
       8
      11
       9
       9
       7
      14
      13
      14
       7
      10
      17
      15
      15
      11
      12
      20
      13
      10
      13
      19
      17
      12
      18
       9
      10
      20
      25
      20
      17
      20
      15
      36
      16
      21
      15
      27
      21
      24
      25
      22
      24
      16
      15
      23
      18
      23
      24
      21
      17
      15
      22
      24
      22
      22
      27
      29
      27
      25
      29
      24
      24
      27
      20
      36
      33
      31
      34
      30
      25
      28
      28
      35
      33
      38
      31
      34
      35
      33
      45
      38
      36
      47
      45
      38
      39
      52
      38
      53
      45
      56
      39
      51
      52
      47
      49
      50
      61
      67
      55
      94
      62
      70
      73
      91
      79
      70
     107
      94
      99
     119
     107
     117
     113
     104
     121
     120
     127
     120
     105
     121
     105
     129
     100
     127
     107
     108
     111
     114
     105
     120
     111
      94
      87
      94
      98
      97
     102
      77
      69
      93
      78
     100
      99
      80
      88
      74
      81
      83
      71
      71
      82
      59
      72
      77
      74
      67
      73
      76
      90
      71
      74
      82
      83
      77
      66
      84
      74
      71
      82
      67
      67
      70
      69
      81
      88
      75
      82
      69
      92
      78
      70
      87
      83
      80
      96
      67
      75
      86
      78
      66
      95
      93
      81
      79
      76
      94
      77
      73
      65
      85
      69
      82
      76
      70
      87
      74
      61
      78
      75
      76
      76
      80
      75
      79
      77
      69
      75
      62
      79
      80
      83
      80
      77
      73
      71
      69
      97
      68
      79
      81
      81
      77
      67
      59
      79
      72
      78
      72
      65
      64
      69
      71
      64
      60
      60
      78
      70
      70
      74
      71
      72
      70
      65
      63
      66
      79
      56
      50
      74
      62
      76
      67
      55
      56
      64
      56
      67
      67
      54
      57
      65
      64
      66
      51
      53
      64
      49
      50
      66
      58
      54
      58
      50
      57
      49
      45
      49
      46
      66
      55
      60
      66
      57
      59
      50
      61
      58
      56
      52
      51
      57
      69
      53
      59
      53
      53
      58
      53
      48
      55
      52
      48
      65
      45
      49
      54
      48
      50
      58
      55
      54
      58
      41
      55
      61
      55
      47
      60
      56
      67
      54
      62
      64
      64
      64
      58
      58
      66
      71
      65
      59
      61
      70
      70
      80
      78
      59
      75
      80
      60
      84
      87
     105
      68
      94
      71
      81
      90
      87
      90
      90
      72
      71
     102
      91
      93
      93
      89
      89
      85
      89
      83
      73
      94
     116
      83
      98
      93
     100
      91
     116
      88
      91
      93
      91
      97
      84
      95
      90
      93
      97
      83
      85
      70
      86
      87
      87
      87
      84
      82
      72
      80
      70
      69
      75
      67
      83
      61
      75
      58
      78
      54
      63
      46
      52
      49
      62
      63
      54
      63
      44
      47
      33
      45
      46
      46
      48
      42
      42
      53
      40
      36
      39
      37
      36
      28
      42
      30
      46
      42
      40
      37
      35
      32
      32
      42
      35
      37
      22
      27
      41
      24
      35
      28
      22
      24
      33
      28
      26
      28
      29
      19
      23
      30
      33
      35
      28
      29
      24
      27
      35
      23
      18
      20
      24
      28
      23
      32
      29
      26
      23
      26
      24
      29
      27
      20
      20
      29
      21
      25
      26
      24
      20
      19
      16
      22
      18
      16
      16
      18
      17
      12
      20
      18
      16
      13
      13
      28
      23
      16
      18
      19
      22
      23
      24
      15
      15
      27
      21
      20
      20
      19
      23
      20
      11
      10
      19
      13
      17
      18
      20
       9
      10
      14
      15
      12
      11
      18
      16
      17
      15
      16
       9
      19
      11
      22
      11
      19
      13
      11
      14
      15
      12
      11
      13
      13
      17
      15
      15
      13
      12
      15
      15
      14
      16
      18
      12
      16
      16
       9
      11
      18
      11
      16
      16
      11
      16
      14
      15
      14
      14
      16
      12
       9
      14
      13
      19
      16
       8
      15
      16
      17
      20
      18
      20
      21
      15
      17
       9
      14
      13
      14
       9
       8
      17
       9
      10
      13
      13
      18
       8
      15
      21
       9
      18
      11
      11
      14
      12
       9
      10
      10
      15
      10
      12
      14
      14
      15
      15
      15
       9
      18
      18
      12
       6
      13
      21
       9
      13
      14
      12
      14
      13
      10
      18
      10
      11
      12
      11
      14
      11
      15
      11
       8
      14
      10
      13
      12
      13
      15
      14
      11
      11
      22
      15
       8
       8
      13
      12
      17
      13
      15
      14
      14
      12
      16
      12
      14
      12
       9
      10
      12
       8
      15
      14
      10
      17
      12
      19
       8
      17
      17
      16
      20
       9
      16
      15
      11
      13
      10
       9
      11
      10
      15
      13
      16
      20
      13
      20
      20
      13
       8
      13
       8
      11
      16
      17
      16
      13
      15
      16
      16
      11
      10
      15
      11
      10
      11
      19
       8
      12
      14
      15
      14
      18
      19
      12
      14
      19
      18
      14
      10
      20
       9
      18
      11
      15
      19
      13
      17
       7
      12
      18
      12
      11
      16
      13
       9
      16
      20
      19
      14
      11
      19
      16
      10
      17
      16
      15
      18
       9
      10
      21
      13
      16
      18
      22
      19
       9
      20
      13
      10
      17
      12
      16
      13
      14
      16
      11
      11
      12
      12
      15
       8
      10
      17
      13
      16
      11
      16
      12
      18
      18
      11
      14
      19
      13
       6
       9
      11
      10
      19
      15
      14
      10
       9
      10
      10
      13
      12
      11
      12
      12
      13
      17
      12
      12
      19
      16
      15
      11
       7
      19
      10
      12
      12
      10
      16
       8
      12
      14
       9
      14
       8
      10
      19
      20
      12
       7
      10
       6
      13
       9
      18
       7
      22
      15
      10
      11
      13
      11
      18
       4
      10
       8
      11
      12
       7
      12
      12
      10
      12
      14
       7
       5
       5
       8
      12
      12
      15
      15
       9
      12
       5
       8
       6
      10
       6
      12
       9
       9
       8
       7
       6
       8
      11
      12
       8
      11
      12
      13
      12
       8
       9
       4
       9
       5
       7
       9
       5
       7
      14
      13
       9
       5
      10
       6
       4
       9
       4
      11
       7
      13
       7
       8
       9
       8
       9
      12
      11
      10
       7
       7
       4
      13
       6
       7
       8
      13
      10
      14
       4
       4
       5
       9
       9
      10
       8
      11
      12
       4
      14
      10
       9
       4
       2
      10
       8
       6
       4
      12
       4
      13
       7
      10
       7
       7
      11
      10
       7
       9
      11
       2
       7
       6
      12
      10
      10
       9
       5
       4
      13
       2
       8
       6
       5
      10
       8
       4
      12
      10
      12
      11
       7
       4
       6
      12
       8
       9
      12
      12
      12
       5
      13
      10
       3
       8
       9
       4
      14
       6
       7
       8
      10
      17
       7
       4
       6
       7
       6
      10
      10
      10
       8
      10
       7
      10
       4
       3
       7
       8
       9
       8
       5
       3
       9
      11
       5
      11
       7
       9
       9
       3
       4
       9
       7
      14
       4
       6
      12
      10
      11
       4
       7
       5
       7
       4
       8
       5
       7
      12
       6
       8
      15
       9
       7
       5
      14
       7
       5
       8
       8
       6
       4
       8
       8
       7
       8
       4
      12
      10
       9
       8
      12
       6
      12
      11
      11
      11
       9
       9
      11
      10
      10
       4
       7
       8
       5
       8
       7
       7
       6
       9
      10
       7
       9
       9
       5
       7
      13
       6
       9
      11
       8
       7
       6
      11
       8
       6
       8
       8
       8
      11
       4
       4
       9
       4
       7
       6
       4
      10
       6
      10
      10
       6
       7
       5
       7
       6
       9
       4
      10
       5
       9
       3
       9
      13
       5
      12
       5
       6
       9
       3
      10
      13
      13
      10
      14
       9
       7
      13
       5
       7
       9
      11
       7
       2
       7
       9
       2
      10
       6
       6
       5
      10
       7
       6
       1
       7
       9
       8
       9
       6
      10
       9
       6
       3
      11
       8
      16
       7
       6
       8
       7
      10
       5
       8
       7
       6
       9
       9
       5
       7
       1
      12
       5
       8
       6
      11
       8
       6
       3
       6
       9
      11
       7
       6
      10
      10
      11
       9
       4
      11
       8
      11
       9
       9
       5
       6
      10
       8
       7
      11
       7
       5
       9
      10
       8
      11
       6
       7
       7
       8
       2
       8
       5
       5
       7
       4
       1
       9
       9
      11
       8
      10
       8
       4
       8
       6
       5
       9
      10
       8
       6
       8
       9
       7
       5
      16
       3
       9
       8
       3
       8
       9
       8
       4
       5
       7
       7
       4
       4
       9
       6
       6
       3
       3
       6
       5
      10
       8
       9
      13
       5
       4
       3
       6
       4
       7
       5
       6
       5
       5
       5
       6
       7
       4
       5
       5
       5
       2
       6
       9
       4
       7
      11
       7
       7
       6
       6
       7
       3
       6
       9
       6
       4
       7
       6
       8
       2
       6
       8
       5
       9
       8
       8
       3
       4
       3
       7
       2
       5
       3
       5
       6
       9
       5
       5
       5
       9
       4
       5
       5
       3
       6
       5
       4
      10
       3
       5
       4
       4
       5
       9
       9
       3
       7
       3
       5
       5
       8
       9
       2
       6
       7
       3
       4
       1
       4
       1
       8
       1
       2
       3
       3
       1
       6
       4
       5
       4
       3
       9
       4
       7
      10
       5
       8
       7
       6
      13
       4
       9
       5
       3
       2
       3
       5
       4
       2
       5
       5
       5
       3
       8
       4
      10
       4
       7
       2
       9
       4
       7
       5
       4
      10
       5
       5
       4
       4
       2
       5
       5
       6
       7
       4
       4
       4
       5
       0
       1
       2
       5
       7
       3
       4
       2
       3
       4
       5
       8
       1
       4
       3
       2
       6
       3
       6
       8
       3
       5
       2
       3
       5
       1
       1
       5
       2
       3
       3
       6
       6
       4
       8
       0
       5
       4
       3
       2
       2
       1
       4
       2
       5
       1
       6
       7
       4
       1
       7
       6
       5
       3
       4
       3
       5
       2
       6
       1
       4
       3
       6
       4
       4
       3
       4
       1
       5
       3
       3
       1
      10
       6
       5
       4
       2
       4
       5
       3
       2
       5
       9
       3
       4
       8
       9
       8
       8
       6
       1
       1
       6
       8
       6
      10
       3
       7
       3
       7
       6
      13
       7
       8
       6
       6
       3
       6
       3
       8
       3
       4
       4
       8
      12
       7
       5
      10
       3
       5
       8
       8
      12
       6
       5
       7
       7
       3
       6
       9
       4
       7
       3
       6
       9
       7
      12
       4
       2
       4
       5
       6
       9
       5
       8
       8
       3
       2
       6
       9
       9
       6
       9
       6
       6
       9
       3
       4
       7
       7
       3
       8
       9
       9
       5
       7
       3
      10
       7
       6
       8
       8
      11
       4
       4
       6
       6
       4
       8
       6
       6
       3
       8
       5
       7
       6
       8
      10
       7
       4
       9
       6
       6
       5
       5
      10
       6
       6
       4
       4
       5
       5
       1
       3
       3
       8
       8
       6
       9
       5
       4
      10
       6
       5
       3
       3
       4
       4
       4
       2
       2
       6
       0
       2
       5
       4
       8
       2
       4
       1
       7
       1
       4
       4
       3
       4
       5
      10
       7
       3
       2
       6
       4
       5
       5
       3
       5
       2
       4
       3
       7
       5
       1
       4
       7
       5
       1
       7
       3
       3
       4
       3
       6
       3
       3
       2
       2
       1
       2
       3
       1
       7
       1
       3
       4
       2
       4
       2
       1
       1
       6
       1
       2
       3
       2
       4
       6
       3
       1
       4
       0
       4
       2
       1
       1
       1
       1
       2
       3
       0
       1
       1
       0
       3
       3
       5
       0
       0
       3
       5
       1
       2
       0
       0
       1
       0
       1
       1
       0
       0
       0
       0
       0
       0
       0
       0
       0
       0
       0
       0
       0
       0
       0
       0
       0
       0
       0
       0
       0
       0
       0
       0
       0
       0
       0
       0
       0
       0
       0
       0
       0
       0
       0
       0
       0
       0
       0
       0
       0
       0
       0
       0
       0
       0
       0
       0
       0
       0
       0
       0
       0
       0
       0
       0
       0
       0
       0
       0
       0
       0
       0
       0
       0
       0
       0
       0
       0
       0
       0
       0
       0
       0
       0
       0
       0
       0
       0
       0
       0
       0
       0
       0
       0
       0
       0
       0
       0
       0
       0
       0
       0
       0
       0
       0
       0
       0
       0
       0
       0
       0
       0
       0
       0
       0
       0
       0
       0
       0
       0
       0
       0
       0
       0
       0
       0
       0
       0
       0
       0
       0
       0
       0
       0
       0
       0
       0
       0
       0
       0
       0
       0
       0
       0
       0
       0
       0
       0
       0
       0
       0
       0
       0
       0
       0
       0
       0
       0
       0
       0
       0
       0
       0
       0
       0
       0
       0
       0
       0
       0
       0
       0
       0
       0
       0
       0
       0
       0
       0
       0
       0
       0
       0
       0
       0
       0
       0
       0
       0
       0
       0
       0
       0
       0
       0
       0
       0
       0
       0
       0
       0
       0
       0
       0
       0
       0
       0
       0
       0
       0
       0
       0
       0
       0
       0
       0
       0
       0
       0
       0
       0
       0
       0
       0
       0
       0
       0
       0
       0
       0
       0
       0
       0
       0
       0
       0
       0
       0
       0
       0
       0
       0
       0
       0
       0
       0
       0
       0
       0
       0
       0
       0
       0
       0
       0
       0
       0
       0
       0
       0
       0
       0
       0
       0
       0
       0
       0
       0
       0
       0
       0
       0
       0
       0
       0
       0
       0
       0
       0
       0
$ROI:
1
849 850
$PRESETS:
Live Time
999999
0
$ENER_FIT:
0.000000 0.749264
$MCA_CAL:
3
0.000000E+000 7.492638E-001 0.000000E+000 keV
$SHAPE_CAL:
3
0.000000E+000 0.000000E+000 0.000000E+000
