$SPEC_ID:
none
$SPEC_REM:
DET# 1
DETDESC# GRAD-LAB Easy-MCA-2k SN 14163589
AP# Maestro Version 7.01
$DATE_MEA:
09/26/2016 12:03:04
$MEAS_TIM:
770 771
$DATA:
0 2047
       0
       0
       0
       0
       0
       0
       0
       0
       0
       0
       0
       0
       0
       1
       0
       0
       1
      12
      49
      54
      62
      58
      62
      52
      41
      62
      60
      51
      68
      59
      63
      55
      58
      76
      63
      64
      72
      55
      49
      63
      67
      50
      58
      60
      60
      73
      67
      56
      59
      81
      80
      73
      77
      69
      87
      89
      75
      81
      94
     102
      78
      84
      82
      82
      84
      85
      85
      72
      89
     108
      89
      78
      93
     102
      95
      98
      97
     100
      99
     116
     119
     109
     121
     127
     128
     116
     115
     147
     108
     122
     107
     118
     105
      95
     105
      85
      92
      88
     110
     104
      89
     109
      92
      90
     102
     121
     104
     103
     131
     115
     108
     124
     118
     130
     145
     139
     152
     153
     153
     163
     172
     219
     218
     242
     233
     270
     337
     344
     386
     376
     422
     408
     433
     467
     496
     497
     520
     488
     516
     505
     507
     474
     481
     445
     414
     417
     409
     402
     421
     382
     356
     342
     342
     306
     271
     289
     275
     262
     261
     269
     232
     207
     206
     192
     185
     180
     170
     128
     177
     144
     150
     129
     124
     122
     130
     142
     126
     103
     115
     108
     117
     119
     106
     128
     114
     119
     127
     121
     131
     140
     131
     117
     120
     128
     101
     111
     126
     119
     132
     130
     131
     127
     125
     154
     124
     136
     130
     115
     119
     131
     128
     137
     118
     134
     125
     122
     154
     153
     127
     113
     160
     132
     132
     125
     147
     123
     126
     158
     135
     154
     125
     132
     112
     141
     154
     122
     141
     138
     123
     132
     127
     132
     153
     140
     119
     171
     141
     143
     149
     172
     121
     128
     143
     141
     169
     121
     156
     177
     136
     138
     141
     154
     153
     137
     148
     168
     147
     149
     129
     148
     157
     140
     137
     171
     148
     162
     140
     140
     161
     135
     176
     163
     166
     186
     148
     139
     158
     170
     167
     165
     161
     158
     185
     178
     184
     171
     176
     179
     191
     200
     173
     180
     171
     207
     200
     205
     182
     210
     197
     196
     202
     210
     197
     200
     183
     207
     208
     190
     189
     203
     208
     201
     201
     213
     195
     200
     200
     202
     192
     211
     225
     191
     191
     205
     205
     198
     195
     185
     200
     191
     198
     191
     213
     219
     201
     208
     229
     217
     180
     215
     205
     188
     212
     212
     187
     200
     194
     189
     193
     225
     190
     188
     183
     197
     212
     190
     204
     197
     169
     181
     196
     170
     190
     191
     212
     183
     175
     196
     186
     182
     195
     187
     202
     155
     181
     159
     172
     172
     177
     164
     172
     162
     180
     168
     163
     164
     201
     170
     167
     184
     180
     175
     150
     161
     181
     162
     177
     177
     163
     160
     165
     153
     168
     172
     179
     141
     149
     163
     178
     172
     210
     176
     161
     204
     198
     185
     169
     140
     126
     138
     168
     158
     159
     161
     153
     171
     180
     152
     157
     174
     170
     169
     167
     163
     147
     153
     153
     182
     152
     152
     145
     156
     152
     162
     163
     159
     154
     150
     176
     166
     145
     123
     161
     159
     129
     156
     143
     157
     138
     144
     134
     139
     158
     147
     175
     145
     150
     168
     134
     163
     140
     157
     166
     127
     133
     150
     149
     146
     163
     144
     148
     142
     154
     160
     136
     185
     154
     156
     139
     162
     139
     153
     151
     153
     160
     183
     150
     161
     156
     144
     158
     139
     138
     127
     155
     164
     144
     158
     133
     120
     148
     168
     160
     135
     174
     151
     149
     154
     161
     152
     150
     162
     130
     127
     151
     161
     147
     150
     164
     186
     170
     166
     160
     150
     132
     139
     144
     147
     152
     133
     171
     162
     125
     140
     142
     166
     160
     135
     173
     148
     141
     160
     139
     153
     154
     139
     127
     144
     148
     134
     140
     151
     136
     139
     161
     147
     145
     136
     150
     155
     143
     165
     165
     146
     140
     155
     130
     163
     156
     148
     160
     141
     163
     153
     155
     138
     150
     137
     166
     160
     153
     157
     170
     140
     150
     166
     136
     159
     172
     144
     175
     142
     174
     148
     154
     143
     162
     128
     154
     165
     128
     170
     139
     145
     151
     157
     140
     173
     141
     138
     144
     157
     147
     155
     142
     118
     145
     146
     132
     156
     156
     148
     125
     142
     143
     124
     137
     134
     135
     157
     152
     137
     129
     144
     116
     135
     135
     143
     135
     125
     129
     131
     140
     141
     144
     143
     124
     123
     121
     116
     123
     121
     118
      99
     126
     134
     138
     113
     120
     119
     112
     127
     126
     111
     126
     133
     132
     105
     110
     128
     131
     112
     145
     119
     123
     108
     121
     108
     120
     119
     109
     113
     125
     112
     109
     135
     118
     132
      94
     114
     117
     115
     115
     130
     123
     126
     104
     122
     117
     134
     137
     121
     127
     121
     118
     110
     116
     130
     120
     113
     112
     114
     116
     106
     140
     131
     104
     123
     123
     118
     117
     142
     105
     121
     121
     129
     103
     118
     110
     105
     141
     135
     118
      93
     117
     114
     104
     120
     129
     111
     129
     142
     121
     135
     113
     131
     100
     123
     130
     116
     118
     131
     111
     119
     116
     117
     108
     118
     130
     129
     113
     118
     115
     138
     106
     119
     124
     103
     130
     123
     118
     135
     114
     151
     125
     114
     141
     143
     121
     127
     137
     113
     103
     109
     127
     100
     113
     141
     152
     153
     130
     121
     136
     153
     130
     131
     141
     143
     122
     115
     148
     155
     140
     145
     151
     139
     135
     122
     126
     126
     150
     127
     133
     147
     135
     149
     141
     146
     163
     151
     153
     163
     160
     163
     171
     163
     167
     174
     163
     176
     172
     165
     205
     199
     192
     200
     169
     215
     218
     202
     188
     211
     226
     204
     204
     202
     204
     213
     198
     193
     224
     207
     199
     222
     221
     208
     210
     204
     217
     194
     178
     226
     187
     198
     170
     183
     189
     197
     146
     173
     176
     194
     182
     146
     145
     138
     139
     170
     147
     128
     150
     134
     140
     135
     130
     123
     125
     113
      88
      97
     116
     114
      82
      97
      90
      90
      87
      68
      68
      66
      65
      54
      61
      56
      60
      54
      58
      57
      53
      50
      43
      43
      39
      35
      43
      38
      32
      35
      33
      43
      27
      25
      23
      35
      24
      23
      27
      31
      21
      17
      22
      25
       9
      17
      18
      16
      12
      25
       8
      12
      17
      16
      21
       8
      11
      10
       7
      15
      11
       9
      12
      14
      15
      11
      13
      13
       8
      10
       6
      12
      14
       5
       5
       9
       5
       8
       6
       8
       6
      14
       6
      11
       7
       8
       8
       6
       8
      13
       9
       7
       9
       7
       8
       6
       5
       5
       5
       4
       9
       6
      15
       7
       8
       7
       6
       9
       4
       8
      11
       3
       9
       7
       1
       5
       8
      10
      11
       8
      12
       5
      10
       6
      10
       5
      10
       6
       7
       6
      11
      13
      11
       5
      10
       6
      10
       9
       6
       7
      12
      16
      10
       9
       7
       5
       6
       7
       7
       9
       6
       7
       8
       5
       7
       8
       8
       5
       6
       5
       8
      12
       6
      13
       4
       4
       7
       4
       6
       9
       7
       3
       7
       6
       5
       7
       7
      13
       6
       7
       9
      10
       7
       5
      10
       9
       8
      10
      10
       3
       4
      11
       6
      10
       5
       9
      11
       7
       5
       6
       6
      13
       4
       5
       8
       4
       8
       7
       8
       5
       7
       7
       4
       5
      11
      10
       9
       8
       9
      12
       5
      12
       7
       7
       9
       6
       4
       6
       1
       7
       7
       5
      10
       6
       8
       4
       3
      11
       9
       7
       9
      11
       7
       5
      13
       7
       3
       8
       7
      14
       8
       8
       5
       9
       5
       5
       6
       6
       5
       7
       9
       3
       7
      11
       6
       9
       6
       9
       6
       9
       9
       6
       2
       7
       6
       6
      11
      11
       7
       3
       7
       7
      11
       4
       5
      12
       8
       5
       4
       6
       4
       7
       7
       2
       8
       4
       8
       7
       7
       8
       8
       9
       4
       5
       7
       7
       5
      11
       7
      11
       7
       7
      10
       5
       3
      10
      11
       8
       8
       4
       4
       3
      12
      11
       6
       2
       4
       5
       2
       3
       7
       5
       7
       3
       9
       9
       5
       7
       6
       7
       8
       5
       5
       4
      10
       6
       8
      11
       6
       5
       6
       5
       8
       5
      10
       6
      11
       5
      10
       4
      14
       7
       6
       8
       7
       6
      10
       5
       9
       7
       7
       4
       5
      10
       5
       8
       9
       3
       6
      10
       9
       8
      10
       9
       7
      10
       9
       4
       8
       9
       2
      12
      10
      11
       8
       8
       6
      10
       8
       4
      12
       8
      10
       4
       7
       8
       9
       8
       8
       8
       9
       5
       3
       5
       7
       8
       7
       5
      14
       8
       7
       5
       8
       6
       6
       6
       6
       2
      10
       6
       8
       4
       8
       8
      14
       7
       6
       7
       2
      11
       9
       2
       4
       6
       5
       6
       5
       6
       6
      12
       9
       3
       8
       8
       9
      10
       8
       7
       5
       5
       7
       4
       4
       5
       5
      12
       8
       5
       6
       6
       0
       5
       7
       7
       7
       7
       4
       8
       8
       6
       5
       7
       6
      10
       3
       4
       3
      12
       4
       4
       8
       5
       7
       3
       5
       4
       3
       4
       8
       7
       7
       2
       6
       5
       6
       7
       2
       6
      11
       9
       4
       4
       6
       6
       8
      13
       7
       2
      10
       7
       5
       6
       5
       2
       3
       6
      10
       2
       4
       5
       4
       4
       3
       4
       7
       4
       4
       7
       3
       4
       4
       6
       3
       6
       4
       0
       5
       5
       3
       9
       3
       5
       1
       3
       2
       6
       3
       2
       4
       3
       6
       6
       2
       4
       7
       3
       6
       3
       5
       5
       6
       3
       5
       4
       3
       2
       7
       2
       8
       4
       2
       5
       3
       3
       4
       2
       9
       2
       5
       4
       2
       8
       7
       2
       1
       3
       3
       4
       5
       2
       4
       2
       1
       2
       5
       2
       5
       2
       5
       3
       4
       4
       5
       6
       3
       3
       8
       3
       4
       4
       2
       5
       4
       5
       1
       5
       0
       5
       3
       4
       5
       3
       8
       1
       7
       4
       5
       4
       3
       2
       1
       3
       2
       4
       4
       2
       5
       1
       3
       2
       2
       0
       3
       3
       6
       4
       3
       2
       6
       2
       5
       4
       5
       5
       3
       3
       4
       6
       2
       3
       6
       4
       6
       5
       7
       5
       4
       2
       4
       2
       4
       2
       4
       3
       4
       2
       5
       4
       4
       1
       2
       8
       1
       2
       3
       1
       3
       3
       3
       5
       3
       8
       5
       4
       3
       6
       3
       7
       1
       3
      10
       5
      10
       5
       7
       4
       8
       7
       1
       4
       3
      11
      10
       5
       3
       6
      10
       8
       2
       7
       7
      11
       9
       4
       3
       7
       9
       5
       4
       9
       6
       7
       8
      14
       8
       4
       8
       6
       8
       8
       6
       4
       4
       7
       6
      11
       5
       2
       7
      11
       4
       4
       6
       8
      10
       8
       7
       5
       9
       5
       8
       6
       8
       5
       6
       8
       4
       3
       1
       4
       9
      12
       6
       6
       6
       7
       9
       5
       7
       6
       5
       4
       6
       4
       7
       3
       7
       6
       5
       4
       1
       5
       5
       8
       8
       7
       6
       6
       3
       3
       5
       8
       2
       5
       5
       3
       3
       8
       6
       3
       3
       7
       5
       7
       3
       5
       6
       6
       1
       3
       2
       7
       6
       6
       7
       3
       6
      11
       4
       5
       2
       3
       2
       4
       6
       3
       3
       5
       4
       3
       1
       5
       1
       5
       1
       0
       1
       6
       2
       2
       3
       1
       9
       2
       0
       0
       0
       0
       0
       0
       0
       0
       0
       0
       0
       0
       0
       0
       0
       0
       0
       0
       0
       0
       0
       0
       0
       0
       0
       0
       0
       0
       0
       0
       0
       0
       0
       0
       0
       0
       0
       0
       0
       0
       0
       0
       0
       0
       0
       0
       0
       0
       0
       0
       0
       0
       0
       0
       0
       0
       0
       0
       0
       0
       0
       0
       0
       0
       0
       0
       0
       0
       0
       0
       0
       0
       0
       0
       0
       0
       0
       0
       0
       0
       0
       0
       0
       0
       0
       0
       0
       0
       0
       0
       0
       0
       0
       0
       0
       0
       0
       0
       0
       0
       0
       0
       0
       0
       0
       0
       0
       0
       0
       0
       0
       0
       0
       0
       0
       0
       0
       0
       0
       0
       0
       0
       0
       0
       0
       0
       0
       0
       0
       0
       0
       0
       0
       0
       0
       0
       0
       0
       0
       0
       0
       0
       0
       0
       0
       0
       0
       0
       0
       0
       0
       0
       0
       0
       0
       0
       0
       0
       0
       0
       0
       0
       0
       0
       0
       0
       0
       0
       0
       0
       0
       0
       0
       0
       0
       0
       0
       0
       0
       0
       0
       0
       0
       0
       0
       0
       0
       0
       0
       0
       0
       0
       0
       0
       0
       0
       0
       0
       0
       0
       0
       0
       0
       0
       0
       0
       0
       0
       0
       0
       0
       0
       0
       0
       0
       0
       0
       0
       0
       0
       0
       0
       0
       0
       0
       0
       0
       0
       0
       0
       0
       0
       0
       0
       0
       0
       0
       0
       0
       0
       0
       0
       0
       0
       0
       0
       0
       0
       0
       0
       0
       0
       0
       0
       0
       0
       0
       0
       0
       0
       0
       0
       0
       0
       0
       0
       0
       0
       0
       0
       0
       0
       0
       0
       0
       0
$ROI:
1
849 850
$PRESETS:
Live Time
999999
0
$ENER_FIT:
0.000000 0.749264
$MCA_CAL:
3
0.000000E+000 7.492638E-001 0.000000E+000 keV
$SHAPE_CAL:
3
0.000000E+000 0.000000E+000 0.000000E+000
