$SPEC_ID:
none
$SPEC_REM:
DET# 1
DETDESC# GRAD-LAB Easy-MCA-2k SN 14163589
AP# Maestro Version 7.01
$DATE_MEA:
10/03/2016 12:52:13
$MEAS_TIM:
1069 1070
$DATA:
0 2047
       0
       0
       0
       0
       0
       0
       0
       0
       0
       0
       0
       0
       0
       0
       0
       1
       1
      10
      19
      24
      23
      19
      18
      20
      27
      17
      30
      25
      30
      20
      25
      19
      27
      25
      28
      30
      18
      34
      24
      35
      32
      24
      18
      26
      31
      39
      26
      32
      37
      38
      28
      27
      29
      28
      34
      39
      34
      25
      43
      33
      35
      42
      37
      34
      29
      36
      33
      43
      30
      37
      42
      36
      33
      37
      31
      36
      32
      42
      38
      34
      55
      54
      47
      46
      40
      42
      44
      40
      52
      41
      46
      52
      56
      50
      50
      58
      46
      51
      42
      47
      46
      44
      43
      55
      47
      44
      49
      49
      51
      51
      77
      59
      55
      65
      48
      64
      71
      61
      70
      67
      74
      81
      81
     100
      89
     103
     107
     113
      92
     121
     123
     144
     117
     151
     164
     144
     156
     142
     152
     149
     168
     182
     154
     161
     171
     142
     145
     151
     149
     141
     158
     151
     141
     118
     140
     147
     121
     156
     136
     140
     140
     135
     105
     143
     109
     116
      97
     124
     104
     106
      94
      88
     104
     118
     109
     101
      91
     104
     107
     101
      92
      96
     105
      94
     102
     100
     136
      93
     104
     108
      85
     116
     105
     105
      81
     107
      84
      93
     107
     100
     101
     114
      99
     102
     110
      98
      88
      90
     101
      94
     102
     106
     111
      98
     113
      98
      99
      92
     107
     101
     111
      88
      92
      94
      91
      94
      95
     104
     114
     103
      98
      87
      88
      80
      81
      92
      86
      98
      97
      95
      95
     103
      88
     100
      91
      99
      94
     104
      83
      69
      94
      99
     104
      99
      85
      84
      88
      79
      89
      78
      85
      79
      80
      83
      89
      81
      90
      92
      90
      90
      91
      85
      97
      84
      86
      73
      72
      90
      89
      75
      84
     107
      88
      78
      91
      76
      86
      78
     101
      90
      97
      97
      90
      94
      81
      85
      78
      85
     101
      99
      84
     101
      88
      95
      78
      82
     101
      86
      85
      79
     101
      80
     101
      70
      82
      87
      82
      85
      90
      89
      92
      73
      88
      81
      88
      95
      81
      72
      85
      77
      86
      71
      92
      98
      68
      78
      77
      60
      92
      73
      95
      68
      96
      85
      76
      77
      84
      75
      86
      86
      63
      62
      72
      77
      89
      72
      80
      69
      64
      85
      81
      82
      72
      80
      78
      84
      90
      79
      90
      67
      76
      62
      70
      76
      73
      72
      78
      73
      72
      77
      78
      88
      67
      65
      74
      64
      72
      71
      87
      79
      79
      71
      82
      74
      90
      52
      65
      81
      73
      76
      78
      71
      77
      81
      70
      67
      76
      78
      69
      71
      70
      68
      70
      68
      63
      84
      72
      69
      78
      60
      85
      73
      72
      64
      67
      66
      78
      75
      70
      82
      75
      63
      67
      77
      73
      71
      66
      70
      63
      60
      74
      61
      62
      60
      54
      66
      75
      71
      70
      65
      71
      63
      84
      75
      61
      72
      76
      57
      57
      55
      54
      72
      80
      59
      63
      48
      57
      62
      70
      71
      63
      75
      79
      56
      56
      56
      65
      59
      63
      72
      56
      69
      65
      65
      69
      80
      76
      57
      67
      74
      62
      60
      65
      65
      58
      69
      51
      73
      63
      68
      57
      55
      71
      59
      68
      55
      63
      50
      71
      64
      60
      72
      67
      59
      65
      65
      72
      56
      65
      72
      65
      60
      63
      62
      70
      48
      56
      70
      57
      62
      59
      54
      54
      53
      54
      42
      54
      51
      62
      41
      62
      61
      64
      43
      63
      63
      58
      67
      52
      68
      45
      60
      50
      50
      59
      56
      44
      53
      54
      57
      69
      48
      55
      53
      40
      51
      55
      68
      62
      56
      52
      57
      45
      50
      44
      55
      42
      46
      35
      51
      57
      61
      54
      50
      43
      47
      51
      47
      52
      51
      49
      52
      51
      51
      48
      51
      45
      38
      44
      51
      57
      41
      39
      49
      55
      43
      36
      43
      52
      31
      49
      40
      36
      52
      48
      42
      53
      52
      43
      52
      40
      49
      41
      57
      48
      40
      38
      44
      42
      42
      45
      45
      45
      42
      41
      39
      45
      42
      46
      44
      41
      46
      41
      41
      48
      43
      41
      51
      45
      54
      44
      48
      46
      51
      41
      41
      43
      40
      35
      37
      46
      58
      50
      43
      58
      48
      48
      50
      40
      42
      49
      40
      34
      47
      39
      47
      55
      41
      61
      47
      44
      50
      56
      47
      52
      52
      59
      49
      47
      70
      46
      64
      57
      71
      57
      70
      68
      64
      59
      62
      71
      42
      55
      60
      62
      79
      56
      85
      66
      63
      60
      72
      75
      74
      64
      73
      79
      71
      72
      81
      75
      90
      85
      67
      76
      91
      81
      88
     106
      93
      72
      73
      85
      77
     106
      88
      91
      99
      92
      84
      87
     111
      92
      90
      98
     105
      92
     106
     118
     110
      97
     115
      99
     109
     100
     104
      92
     105
     114
     105
     105
     124
     136
     116
     109
     106
     119
     116
     110
     122
     114
     122
     101
     118
     107
     119
     121
     119
     116
     131
     122
      99
     138
     130
     109
     109
     120
     106
     120
     132
     118
     121
     122
     116
      98
     119
     133
     115
     127
     125
     115
     101
      99
     107
     117
     104
      95
     116
     111
      98
     100
     106
      92
     103
      93
     101
      98
      89
     103
      93
     104
      91
     101
      91
      92
      94
      65
     104
     100
      92
      74
      76
      80
      91
      87
      81
      61
      68
      71
      71
      56
      67
      70
      78
      65
      69
      63
      71
      57
      58
      77
      62
      50
      46
      55
      54
      57
      52
      51
      43
      39
      49
      50
      37
      44
      42
      45
      45
      45
      42
      38
      37
      23
      46
      39
      39
      31
      32
      48
      37
      31
      28
      23
      35
      31
      24
      31
      30
      24
      34
      34
      30
      23
      22
      15
      24
      26
      24
      24
      18
      19
      21
      14
      20
      31
      10
      19
      14
      20
      11
      17
      15
      21
      19
      17
      17
      26
      16
      22
      20
      25
      16
      18
      11
      14
      21
      12
      17
      18
      14
      15
      18
       9
      17
      16
      20
      18
      13
      19
      13
      21
      15
      21
      14
      13
      13
      20
      22
      14
       6
      20
      11
      10
      16
      11
      23
       7
      15
      10
      12
      13
      16
      13
      12
      10
      13
       8
       8
       3
       7
      16
       9
      14
       7
      16
       8
      14
      11
      11
      15
      10
      18
      10
      14
      13
       6
       8
      11
      15
       9
      10
      10
      10
      13
       6
      16
       7
      15
       9
       4
      14
       5
      12
      14
      14
      15
      10
      10
      11
      11
       5
      14
      12
       8
       9
       9
      10
      13
      14
      12
      15
      11
      13
      12
       8
      13
      12
      17
       7
      10
       8
      10
       7
       5
      11
      10
      17
      12
      12
      11
      14
       8
      11
       6
      10
      12
      10
      15
      17
       9
       9
      12
       6
       9
      12
       5
      11
       4
      13
      13
       5
       5
      12
       8
      12
       8
       9
      11
       7
       7
       8
       7
       8
       8
      11
       4
       8
      15
      17
       9
      17
      11
      10
       7
       9
      12
      15
       8
      11
       8
       9
       5
      11
      13
      11
      11
       7
      11
      15
      11
      15
      10
      10
       5
      11
      10
       9
      13
       9
       8
       6
       9
       9
      16
      10
      13
       8
       7
       6
      11
      12
      12
       8
      11
       6
      16
      15
       6
       9
      11
      15
      11
       8
      15
      11
      12
      11
      10
       7
       6
      12
       5
      12
       7
       7
      11
      15
       9
       6
      14
      10
      15
       7
      11
       9
       5
      10
      15
      12
       9
      12
       6
       8
       9
       7
       6
      12
       7
      15
      10
       9
       7
      12
      13
      10
       7
      12
       8
       7
       6
       4
       4
      17
      11
       4
      17
      15
      12
       5
      12
      10
       7
       4
      11
       8
       7
      12
       6
      13
       8
       6
       7
      13
      14
      10
      12
       3
      12
      14
      11
      11
      11
       9
       9
       9
      10
      11
       9
       7
      11
      10
      12
       9
       7
      12
       8
      12
       8
      10
       6
       8
       4
       7
       9
      15
       6
      12
       8
       3
       8
       9
      12
      10
      11
      10
       7
       7
      12
       9
      14
      10
      12
      13
       7
      14
      16
       9
       5
       7
       6
       7
       7
      16
       3
      11
       6
      10
       9
       8
       6
       6
       4
      10
      13
       6
       8
       7
      10
       8
       4
      15
      16
       6
       9
       9
       9
       7
      13
      11
       7
       8
      10
      12
      11
      10
       9
      12
       8
      11
       9
       7
       7
       8
       8
       9
       3
       6
      10
       7
      11
       6
      14
      10
      11
       6
       9
      12
      10
      14
       4
       5
      17
      10
      11
      13
      13
      12
       7
      16
       6
       9
       8
      12
       8
      10
      12
       9
      12
       5
       9
       9
       6
      10
       6
      10
      12
       6
      14
      10
      13
       9
      11
      11
      10
       4
       9
       9
       5
      15
       5
       2
       8
      10
       4
      11
       5
      12
       9
       8
      18
      10
      13
       8
      11
       9
       9
      10
      10
       9
       9
       7
      10
       9
      12
      11
       9
       9
      11
       9
       7
      11
      12
       6
       6
       8
       5
       8
      10
       5
       9
      15
       5
       8
      10
       8
       3
      13
      10
       7
      11
       3
      11
      12
       8
       3
       7
      12
       8
       6
      12
       9
       8
      11
      12
      14
       8
       4
       9
      10
       9
       7
       8
       8
      13
      11
       6
       6
       8
       6
       8
       7
       9
       5
       7
       6
      12
       7
      11
      11
       6
       4
       5
      11
       2
       4
       7
       5
      11
       5
       9
       8
       5
       6
       6
       4
       4
       7
       9
       3
       5
       5
       9
      11
       7
       4
       8
       3
       5
      11
       5
       6
       3
      10
       2
       4
       3
       7
       2
      11
       6
      11
       2
       8
       4
       4
       3
       5
      10
       4
       2
       7
       8
       5
       4
       7
       4
       4
       6
       8
       7
       7
       5
       5
       7
      10
       4
       4
      10
       3
       7
      10
      11
       5
       4
       4
       8
       8
       2
       8
       9
       4
       3
       4
       5
       6
       6
       4
       8
       9
       3
       6
       9
       8
       8
       4
       8
       2
       5
      11
       5
       4
       8
       9
       3
       3
       4
       4
       2
       9
       3
       3
       7
       5
      10
       3
       4
       4
       4
       5
       3
       3
       4
       3
      10
       6
       8
       5
       5
       4
       1
       5
       7
       9
       3
       3
       1
       7
       7
       4
       4
       4
       4
       8
       9
       7
       2
       4
       7
       2
       4
       5
       4
       4
       6
       9
       5
       6
       2
       7
       8
       7
       5
       5
       8
       6
       8
       3
       8
       2
       5
      11
       4
       3
      11
       8
       6
       7
       8
       2
       3
       7
       2
       4
       4
       8
       7
       7
       6
       6
      11
       7
       7
      10
       7
      10
       8
      10
       6
      10
       5
       9
      12
       6
       5
      13
       6
       6
      10
      10
       8
       9
      11
       7
       6
       5
      11
      10
       9
       8
       6
       7
       5
      11
       9
       8
      12
       7
       6
      12
      10
       7
       6
       8
       6
       5
       7
      12
      12
      10
      11
      10
       4
      13
      13
       7
      13
      13
      10
       8
       7
       9
       9
       7
       9
       5
       7
       7
       7
       5
       4
       4
       4
       4
       8
       9
       8
      12
       9
       7
       9
       9
       4
       9
       6
       8
       5
      10
       4
       7
       5
       4
       7
      10
       6
       4
       5
       7
       8
       8
       7
       2
       5
       6
      11
       7
       9
      11
       2
      10
       6
       6
       8
      12
       7
       4
       6
       5
       7
       9
       8
       6
      11
       5
       4
       5
       5
       3
       3
       3
       3
       4
       4
       3
       0
       1
       0
       0
       0
       0
       0
       0
       0
       0
       0
       0
       0
       0
       0
       0
       0
       0
       0
       0
       0
       0
       0
       0
       0
       0
       0
       0
       0
       0
       0
       0
       0
       0
       0
       0
       0
       0
       0
       0
       0
       0
       0
       0
       0
       0
       0
       0
       0
       0
       0
       0
       0
       0
       0
       0
       0
       0
       0
       0
       0
       0
       0
       0
       0
       0
       0
       0
       0
       0
       0
       0
       0
       0
       0
       0
       0
       0
       0
       0
       0
       0
       0
       0
       0
       0
       0
       0
       0
       0
       0
       0
       0
       0
       0
       0
       0
       0
       0
       0
       0
       0
       0
       0
       0
       0
       0
       0
       0
       0
       0
       0
       0
       0
       0
       0
       0
       0
       0
       0
       0
       0
       0
       0
       0
       0
       0
       0
       0
       0
       0
       0
       0
       0
       0
       0
       0
       0
       0
       0
       0
       0
       0
       0
       0
       0
       0
       0
       0
       0
       0
       0
       0
       0
       0
       0
       0
       0
       0
       0
       0
       0
       0
       0
       0
       0
       0
       0
       0
       0
       0
       0
       0
       0
       0
       0
       0
       0
       0
       0
       0
       0
       0
       0
       0
       0
       0
       0
       0
       0
       0
       0
       0
       0
       0
       0
       0
       0
       0
       0
       0
       0
       0
       0
       0
       0
       0
       0
       0
       0
       0
       0
       0
       0
       0
       0
       0
       0
       0
       0
       0
       0
       0
       0
       0
       0
       0
       0
       0
       0
       0
       0
       0
       0
       0
       0
       0
       0
       0
       0
       0
       0
       0
       0
       0
       0
       0
       0
       0
       0
       0
       0
       0
       0
       0
       0
       0
       0
       0
       0
       0
       0
       0
       0
       0
       0
       0
       0
       0
       0
       0
       0
       0
       0
       0
$ROI:
1
849 850
$PRESETS:
Live Time
999999
0
$ENER_FIT:
0.000000 0.749264
$MCA_CAL:
3
0.000000E+000 7.492638E-001 0.000000E+000 keV
$SHAPE_CAL:
3
0.000000E+000 0.000000E+000 0.000000E+000
