$SPEC_ID:
none
$SPEC_REM:
DET# 1
DETDESC# GRAD-LAB Easy-MCA-2k SN 14163589
AP# Maestro Version 7.01
$DATE_MEA:
09/12/2016 12:27:28
$MEAS_TIM:
410 413
$DATA:
0 2047
       0
       0
       0
       0
       0
       0
       0
       0
       0
       1
       3
       1
       1
       1
       1
       2
       4
      84
     347
     338
     290
     303
     280
     289
     264
     265
     261
     272
     288
     259
     281
     279
     278
     302
     239
     324
     304
     300
     311
     294
     296
     313
     350
     341
     331
     361
     429
     417
     435
     591
     656
     781
    1010
    1151
    1382
    1792
    2108
    2308
    2636
    2754
    2934
    3022
    3017
    2913
    2831
    2572
    2358
    2127
    1952
    1677
    1453
    1281
    1169
    1023
     860
     808
     679
     601
     577
     519
     508
     474
     450
     426
     420
     414
     452
     407
     395
     377
     446
     388
     402
     391
     400
     361
     378
     425
     403
     383
     394
     402
     393
     395
     382
     372
     393
     372
     413
     398
     450
     407
     394
     428
     418
     413
     425
     397
     446
     439
     487
     492
     501
     512
     552
     566
     641
     676
     639
     711
     734
     715
     805
     838
     806
     816
     819
     783
     837
     834
     811
     809
     758
     771
     747
     748
     682
     716
     646
     670
     640
     683
     635
     631
     584
     569
     535
     532
     556
     527
     536
     495
     441
     496
     454
     445
     415
     412
     457
     402
     417
     397
     399
     392
     385
     374
     407
     384
     389
     405
     375
     392
     386
     353
     413
     389
     407
     392
     373
     383
     366
     368
     431
     428
     390
     401
     377
     415
     351
     367
     387
     380
     399
     389
     380
     383
     423
     394
     401
     391
     413
     391
     382
     400
     375
     394
     405
     438
     397
     427
     403
     456
     427
     400
     443
     488
     406
     399
     384
     385
     402
     424
     405
     426
     436
     399
     431
     416
     427
     395
     447
     411
     420
     420
     450
     407
     402
     445
     449
     437
     386
     434
     452
     417
     418
     407
     409
     431
     454
     401
     458
     442
     457
     431
     414
     434
     401
     438
     467
     428
     423
     427
     474
     455
     469
     476
     486
     458
     416
     495
     510
     469
     473
     488
     515
     486
     517
     533
     524
     507
     542
     557
     532
     538
     597
     578
     585
     567
     571
     522
     591
     578
     553
     573
     590
     652
     617
     594
     608
     599
     600
     586
     576
     578
     621
     581
     619
     627
     601
     637
     578
     577
     608
     576
     587
     579
     543
     541
     646
     553
     553
     583
     577
     602
     559
     568
     559
     556
     571
     584
     584
     593
     563
     591
     555
     573
     545
     535
     553
     580
     591
     516
     564
     571
     614
     554
     575
     574
     546
     534
     506
     541
     587
     581
     593
     574
     571
     606
     551
     527
     538
     538
     543
     611
     577
     565
     535
     585
     546
     538
     543
     553
     562
     574
     552
     540
     513
     578
     565
     555
     515
     537
     523
     540
     528
     522
     536
     527
     577
     575
     521
     558
     526
     562
     540
     570
     564
     558
     586
     518
     534
     500
     533
     509
     538
     536
     525
     548
     575
     549
     561
     553
     563
     566
     553
     585
     536
     555
     551
     537
     571
     542
     558
     548
     588
     553
     564
     570
     591
     549
     569
     582
     572
     578
     546
     576
     543
     520
     567
     568
     562
     553
     540
     574
     559
     536
     560
     568
     566
     535
     579
     574
     562
     523
     524
     551
     546
     567
     574
     540
     580
     551
     558
     557
     543
     545
     570
     565
     533
     561
     551
     548
     559
     526
     547
     555
     559
     544
     538
     532
     572
     545
     527
     560
     574
     570
     571
     565
     594
     507
     552
     540
     567
     537
     543
     546
     545
     577
     547
     544
     509
     541
     546
     541
     545
     521
     546
     593
     548
     544
     549
     549
     568
     557
     569
     534
     570
     568
     563
     531
     574
     582
     583
     591
     570
     566
     576
     549
     528
     578
     576
     541
     536
     543
     588
     579
     566
     616
     541
     549
     611
     503
     537
     582
     535
     589
     611
     552
     563
     590
     597
     597
     564
     578
     618
     579
     607
     608
     535
     560
     600
     598
     567
     569
     587
     579
     646
     625
     554
     592
     576
     620
     557
     638
     616
     597
     594
     615
     589
     576
     599
     602
     594
     620
     617
     617
     595
     668
     604
     590
     654
     620
     607
     582
     618
     637
     609
     611
     610
     620
     633
     650
     591
     589
     643
     554
     609
     615
     587
     561
     614
     616
     615
     578
     629
     593
     520
     595
     566
     518
     561
     541
     508
     568
     549
     539
     526
     525
     500
     524
     501
     494
     512
     498
     490
     433
     455
     450
     483
     413
     380
     454
     429
     445
     379
     417
     388
     394
     368
     354
     372
     376
     384
     381
     327
     353
     319
     334
     356
     346
     289
     345
     291
     293
     334
     308
     267
     334
     286
     313
     285
     274
     259
     274
     265
     283
     245
     260
     248
     246
     256
     252
     257
     241
     264
     279
     250
     247
     249
     220
     227
     219
     235
     212
     211
     209
     207
     244
     192
     217
     206
     241
     210
     200
     200
     202
     207
     207
     188
     217
     187
     213
     169
     197
     199
     200
     209
     182
     168
     207
     210
     179
     176
     179
     196
     208
     186
     161
     150
     164
     177
     179
     166
     165
     169
     144
     160
     165
     160
     187
     160
     158
     182
     177
     167
     142
     140
     154
     168
     177
     166
     154
     144
     143
     168
     143
     158
     134
     145
     145
     158
     118
     130
     130
     141
     138
     144
     131
     134
     156
     139
     137
     148
     145
     129
     138
     127
     118
     128
     145
     143
     144
     133
     107
     149
     154
     151
     138
     163
     170
     161
     159
     181
     178
     178
     189
     211
     228
     210
     224
     241
     245
     239
     280
     276
     301
     318
     326
     345
     396
     394
     453
     466
     512
     550
     593
     589
     622
     692
     720
     817
     868
     904
     932
     962
    1046
    1068
    1131
    1192
    1262
    1294
    1378
    1539
    1527
    1611
    1745
    1779
    1911
    1970
    1991
    2125
    2134
    2225
    2299
    2408
    2546
    2556
    2558
    2652
    2761
    2733
    2866
    2935
    3024
    3030
    3090
    3120
    3231
    3275
    3376
    3266
    3386
    3379
    3465
    3436
    3400
    3447
    3629
    3455
    3469
    3444
    3459
    3458
    3366
    3481
    3410
    3422
    3421
    3350
    3395
    3298
    3227
    3194
    3083
    3087
    3131
    3081
    2931
    2880
    2861
    2869
    2733
    2607
    2540
    2496
    2529
    2467
    2291
    2232
    2213
    2152
    2170
    2116
    2073
    2013
    1857
    1805
    1726
    1742
    1701
    1681
    1536
    1490
    1626
    1486
    1398
    1372
    1274
    1172
    1164
    1145
    1165
    1056
    1008
    1009
     939
     942
     949
     847
     868
     786
     745
     739
     760
     668
     648
     619
     655
     519
     516
     500
     533
     504
     491
     493
     417
     429
     368
     360
     379
     370
     328
     346
     293
     262
     308
     258
     248
     262
     224
     205
     213
     185
     175
     175
     158
     183
     128
     159
     129
     118
     115
     104
     118
      87
     102
      99
      89
      74
      91
      79
      82
      56
      70
      58
      62
      58
      39
      46
      38
      43
      41
      30
      43
      37
      28
      31
      27
      33
      25
      22
      26
      25
      17
      24
      18
      19
      23
      10
      18
      14
       9
      17
      16
      10
      19
      12
      16
      10
      10
       9
      12
      13
       3
      12
       8
       5
      13
       9
       9
       5
      12
       3
       8
       9
       6
       6
       9
       8
       6
       5
      10
       7
       8
      11
       4
      11
       3
       7
       2
       8
      11
       5
       3
       6
       7
       6
       4
       9
       3
       6
       8
       4
       9
       4
       2
       5
       4
       3
       3
       5
       4
       2
       3
       5
       5
       4
       4
       6
       4
       3
       5
       3
       2
       2
      10
       5
       6
       5
       2
       4
       6
       2
       7
       5
       7
       6
       5
       4
       2
       4
       5
       7
       6
       9
       1
       4
       3
       3
       7
       5
       5
       0
       0
       4
      12
       2
       3
       5
       4
       8
       2
       4
       6
       7
       2
       5
       3
       7
       3
       2
       2
       4
       7
       4
       8
       7
       4
       2
       6
       5
       2
       4
       8
       4
       4
       1
       0
       3
       4
       6
       5
       2
       3
       4
       2
       6
       7
       8
       4
       7
       7
       4
       3
       3
       6
       4
       9
       5
       5
       1
       2
       7
       1
       6
       3
       3
       7
       3
       2
       8
       5
       6
       3
       2
       2
       9
       5
       2
       4
       5
       4
       6
       2
       3
       5
       2
       5
       3
       3
       8
       0
       4
       3
       2
       6
       6
       5
       6
       7
       5
       6
       5
       4
       2
       6
       3
       4
       8
       7
       8
       7
       4
       2
       6
       6
       6
       1
       1
       4
       4
       5
       2
       4
       4
       3
       1
       5
       5
       6
       2
       4
       4
       5
       4
       8
       4
       3
       2
       2
       6
       3
       2
       4
       2
       4
       3
       3
       1
       7
       4
       5
       7
       9
       3
       4
       4
       5
       2
       6
       4
       4
       4
       3
       4
       1
       2
       3
       6
       5
       3
       5
       7
       3
       2
       6
       6
       5
       5
       3
       3
       8
       6
       4
       8
       6
       2
       5
       3
       6
       3
      10
       7
       4
       7
       9
       8
       4
       6
       1
       2
       1
       4
       7
       2
       6
       9
       8
       6
       7
       2
       6
       3
       1
       2
       0
       5
       8
       4
       4
       3
       3
       5
       5
       7
       5
       7
       5
       4
       4
       5
       2
       7
       4
       6
       2
       2
       2
       3
       2
       5
       2
       4
       7
       6
       2
       5
       6
       2
       6
       6
       2
       2
       1
       4
       5
       2
       1
       6
       2
       2
       4
       3
       3
       1
       2
       1
       3
       2
       4
       0
       2
       2
       4
       4
       2
       4
       4
       3
       1
       1
       3
       6
       3
       5
       3
       6
       3
       5
       6
       6
       4
       3
       2
       4
       2
       4
       5
       3
       2
       2
       2
       2
       1
       4
       3
       5
       3
       6
       4
       4
       3
       1
       4
       1
       2
       3
       7
       1
       1
       0
       4
       3
       0
       2
       1
       2
       7
       4
       1
       3
       4
       3
       2
       4
       8
       0
       1
       1
       2
       1
       3
       2
       2
       2
       7
       2
       4
       0
       3
       8
       3
       2
       3
       3
       6
       1
       4
       5
       4
       1
       2
       1
       1
       2
       5
       2
       0
       1
       2
       3
       4
       3
       2
       2
       1
       1
       3
       0
       2
       3
       2
       3
       3
       4
       1
       4
       3
       2
       0
       2
       2
       3
       5
       1
       4
       2
       5
       1
       7
       4
       2
       2
       1
       2
       4
       3
       3
       3
       1
       3
       6
       1
       3
       3
       4
       4
       4
       3
       1
       2
       4
       2
       2
       3
       2
       2
       3
       1
       4
       1
       3
       4
       1
       1
       3
       2
       2
       2
       1
       2
       4
       3
       3
       0
       6
       2
       2
       3
       2
       1
       5
       5
       2
       2
       5
       3
       2
       2
       3
       1
       3
       1
       4
       4
       4
       2
       2
       0
       0
       3
       3
       1
       1
       4
       1
       4
       4
       3
       3
       4
       4
       5
       3
       3
       2
       4
       9
       3
       3
       8
       2
       6
       3
       5
       1
       1
       2
       3
       4
       7
       3
       9
       3
       3
       0
       1
       5
       6
       4
       4
       6
       3
       3
       3
       4
       6
       2
       8
       2
       2
       4
       3
       5
       6
       1
       2
       0
       6
       2
       6
       4
       2
       2
       4
       3
       5
       2
       1
       4
       1
       3
       5
       5
       5
       2
       8
       3
       2
       2
       3
       3
       4
       4
       4
       7
       3
       3
       3
       3
       3
       4
       2
       4
       1
       0
       2
       5
       2
       3
       6
       2
       4
       5
       4
       3
       2
       4
       1
       3
       1
       4
       2
       4
       4
       1
       3
       2
       2
       3
       3
       1
       1
       5
       1
       3
       1
       2
       6
       3
       1
       0
       1
       5
       2
       2
       0
       2
       1
       1
       1
       2
       2
       1
       1
       0
       2
       2
       1
       2
       2
       1
       4
       0
       0
       1
       1
       2
       2
       0
       1
       1
       1
       1
       0
       1
       3
       0
       2
       2
       1
       1
       2
       1
       2
       0
       0
       2
       2
       0
       0
       1
       0
       5
       1
       1
       0
       0
       0
       0
       0
       0
       0
       0
       0
       0
       0
       0
       0
       0
       0
       0
       0
       0
       0
       0
       0
       0
       0
       0
       0
       0
       0
       0
       0
       0
       0
       0
       0
       0
       0
       0
       0
       0
       0
       0
       0
       0
       0
       0
       0
       0
       0
       0
       0
       0
       0
       0
       0
       0
       0
       0
       0
       0
       0
       0
       0
       0
       0
       0
       0
       0
       0
       0
       0
       0
       0
       0
       0
       0
       0
       0
       0
       0
       0
       0
       0
       0
       0
       0
       0
       0
       0
       0
       0
       0
       0
       0
       0
       0
       0
       0
       0
       0
       0
       0
       0
       0
       0
       0
       0
       0
       0
       0
       0
       0
       0
       0
       0
       0
       0
       0
       0
       0
       0
       0
       0
       0
       0
       0
       0
       0
       0
       0
       0
       0
       0
       0
       0
       0
       0
       0
       0
       0
       0
       0
       0
       0
       0
       0
       0
       0
       0
       0
       0
       0
       0
       0
       0
       0
       0
       0
       0
       0
       0
       0
       0
       0
       0
       0
       0
       0
       0
       0
       0
       0
       0
       0
       0
       0
       0
       0
       0
       0
       0
       0
       0
       0
       0
       0
       0
       0
       0
       0
       0
       0
       0
       0
       0
       0
       0
       0
       0
       0
       0
       0
       0
       0
       0
       0
       0
       0
       0
       0
       0
       0
       0
       0
       0
       0
       0
       0
       0
       0
       0
       0
       0
       0
       0
       0
       0
       0
       0
       0
       0
       0
       0
       0
       0
       0
       0
       0
       0
       0
       0
       0
       0
       0
       0
       0
       0
       0
       0
       0
       0
       0
       0
       0
       0
       0
       0
       0
       0
       0
       0
       0
       0
       0
       0
       0
       0
       0
       0
       0
       0
       0
       0
       0
$ROI:
0
$PRESETS:
Live Time
999999
0
$ENER_FIT:
0.000000 0.749264
$MCA_CAL:
3
0.000000E+000 7.492638E-001 0.000000E+000 keV
$SHAPE_CAL:
3
0.000000E+000 0.000000E+000 0.000000E+000
