$SPEC_ID:
none
$SPEC_REM:
DET# 1
DETDESC# GRAD-LAB Easy-MCA-2k SN 14163589
AP# Maestro Version 7.01
$DATE_MEA:
09/21/2016 13:45:33
$MEAS_TIM:
857 857
$DATA:
0 2047
       0
       0
       0
       0
       0
       0
       0
       0
       0
       0
       0
       0
       0
       0
       0
       0
       0
       3
      12
      14
      18
      12
      18
      16
      14
       9
      13
      13
      17
      14
      14
      22
      22
      13
      21
      15
      19
      21
      18
      26
      17
      15
      17
      20
      12
      10
      17
      20
      21
      38
      18
      25
      21
      22
      23
      26
      28
      19
      24
      29
      29
      27
      23
      35
      26
      18
      18
      19
      29
      18
      29
      20
      20
      39
      19
      35
      30
      40
      24
      24
      43
      36
      31
      22
      26
      32
      24
      36
      30
      35
      35
      29
      44
      44
      48
      37
      42
      51
      38
      42
      47
      48
      45
      39
      53
      35
      66
      46
      40
      51
      61
      53
      79
      54
      77
      71
      74
      66
      82
      80
      74
     103
      93
     106
     104
     116
     129
     113
     115
     121
     126
     121
     133
     120
     136
     114
     153
     109
     132
     113
     146
     120
     115
     126
      89
     105
     109
     107
      87
      99
     104
     115
      94
      97
     123
      90
      95
     104
     101
      88
     111
      83
      90
      98
      81
      92
      93
      81
      90
      83
     105
      77
      87
      72
      82
      91
      73
      97
     106
      93
      83
      88
      88
      89
      93
      90
      94
      94
      92
      77
      82
      77
     113
      74
      87
      68
      89
      92
      74
      95
      98
     110
      75
      91
      92
      75
      71
      89
     102
      78
     109
      91
      82
     108
      84
     112
     102
      90
      88
      80
      67
      86
      82
      90
      96
      83
      79
      70
      90
      84
      87
      83
      79
     101
      82
      70
      80
      78
      95
      84
      84
      85
      90
      72
      75
      77
      73
      86
      74
      94
      74
      78
      82
      73
      71
      82
      94
      65
      78
      60
      80
      82
      65
      62
      71
      56
      75
      63
      79
      75
      79
      70
      80
      54
      57
      59
      78
      68
      61
      53
      63
      57
      70
      43
      74
      78
      75
      68
      63
      46
      70
      73
      82
      85
      48
      58
      55
      65
      53
      62
      58
      74
      60
      67
      73
      58
      56
      61
      69
      61
      49
      54
      49
      59
      60
      61
      53
      62
      36
      50
      52
      55
      58
      57
      55
      53
      52
      63
      57
      64
      57
      56
      67
      50
      50
      49
      66
      63
      57
      59
      48
      52
      53
      49
      54
      53
      41
      48
      55
      51
      51
      57
      53
      62
      49
      43
      48
      52
      54
      44
      42
      57
      51
      62
      64
      48
      59
      55
      40
      45
      51
      47
      60
      51
      51
      43
      54
      43
      42
      63
      48
      57
      50
      49
      48
      40
      55
      41
      41
      48
      50
      49
      50
      50
      54
      43
      49
      58
      47
      55
      52
      49
      60
      49
      56
      52
      49
      39
      64
      59
      53
      57
      55
      55
      62
      57
      69
      57
      54
      66
      59
      63
      55
      60
      60
      62
      68
      70
      64
      61
      68
      74
      73
      74
      65
      79
      77
      78
      72
      72
      81
      73
      70
     101
      72
      79
      99
      76
      72
      78
      88
      91
     111
      80
      77
      98
      75
      93
      91
      98
      89
      79
      86
      85
      83
      82
     107
      94
      90
      84
      77
      89
      86
      98
      75
      91
      85
      66
      81
      60
      80
      71
      73
      88
      80
      93
      87
      61
      60
      72
      83
      64
      67
      81
      88
      68
      77
      50
      42
      70
      72
      82
      69
      64
      62
      62
      54
      43
      60
      54
      55
      48
      31
      47
      50
      50
      42
      33
      41
      43
      37
      50
      45
      41
      41
      42
      39
      36
      39
      35
      31
      35
      44
      28
      28
      35
      37
      41
      25
      28
      27
      33
      33
      36
      32
      29
      25
      17
      30
      26
      22
      17
      17
      31
      19
      20
      19
      24
      20
      23
      20
      25
      27
      21
      21
      16
      22
      17
      15
      27
      21
      16
      18
      27
      15
      16
      26
      14
      20
      14
      24
      17
      11
      16
      19
      16
      25
      17
      22
      15
      21
      16
      18
      19
      20
      17
      14
      22
      14
      15
      26
      23
      18
      18
      14
      18
      16
      18
      22
      20
      15
       8
      11
      19
      12
      14
      17
      10
      15
      17
      17
       9
      16
      11
      19
      12
      11
      15
      16
      17
      15
      21
      16
       9
      12
      13
      17
      19
       8
      19
      12
      12
      11
      19
      13
      12
      14
      19
      14
      17
      12
      14
      20
      18
      14
       6
      11
      21
      26
      11
      22
      16
      15
      15
      19
      25
       8
      11
      15
       8
      11
      20
      18
      11
      13
      23
      18
      24
      14
      19
      17
      21
      15
      14
      12
      15
      20
      18
      20
      21
      15
      15
      12
      12
      16
      13
      19
      11
      12
      15
      14
      15
      10
      16
      11
      13
      15
      17
      11
      14
      13
      15
      24
      16
      20
      16
      21
      23
      14
      17
      15
      14
      12
      21
      15
       8
      11
      13
       8
      21
      16
      17
      16
      18
       9
      12
      13
      11
      20
      19
      16
      17
      21
      20
      14
      18
      12
      18
      12
      10
      16
      13
      16
      20
      12
      12
      13
      18
       9
      15
      20
      14
      14
      19
      17
      19
      19
      14
      11
      18
      11
      10
      10
      17
      20
       9
       8
      10
      13
      15
      15
      20
      21
       6
      21
      16
      12
      16
      10
      14
      13
      17
      16
      13
      17
      17
      10
      12
      18
      12
      18
      12
       9
      16
      19
      13
      13
       8
      11
      12
      16
       9
      17
      12
      15
      17
      11
      13
      13
      11
      12
      14
      12
       7
      15
      14
      16
      15
      14
      18
       9
       9
      14
      21
       9
      16
      20
      18
      13
      15
      17
      11
      12
      16
      17
      22
      15
      12
      14
      10
      18
      13
       9
      21
      22
       9
      19
      10
      12
      14
      12
       8
       9
      13
      13
      13
      10
      16
      12
      14
      12
      11
      14
      14
      18
      11
       9
      16
       9
      16
      12
      13
       5
      13
       7
      11
      16
      10
       6
      11
      15
       6
      17
      13
      10
      23
       6
      14
      15
      18
       8
      17
      11
      11
      11
      15
      11
       7
      16
      11
       6
       8
      11
       7
      12
      13
       7
      12
      13
       6
      11
      11
       6
       6
      11
      13
      11
      10
       8
      12
       5
      14
       6
      22
       9
       9
       9
      10
      10
      10
      11
       7
       8
      11
      13
       9
      13
      13
       7
      11
       4
       6
      11
       7
       4
       6
       4
      11
      17
       8
      11
       9
      11
       9
      10
      10
       7
      10
      12
       7
       8
      13
      10
       8
      12
      12
      10
      12
      10
      10
       9
       9
      11
      16
       9
      10
       9
      11
       6
      12
      12
       9
      12
       6
      12
       7
       6
       8
      13
      14
      13
      10
      10
       5
      10
       8
       6
      13
      12
      10
      11
      17
      11
       7
       7
      12
       9
       7
       8
       9
       9
      11
       2
      18
      11
       8
       5
       9
       6
       6
       8
       6
       8
      15
      11
      14
      11
      13
      11
      11
       9
       9
      10
       7
       6
       7
       9
       4
       6
       9
      12
      11
      10
       9
       5
       8
      12
       9
       4
      10
      12
       8
      11
       3
      16
      15
       9
       6
      10
      12
       7
      10
       7
       9
       8
      11
       9
       8
      10
       6
       9
       8
      11
       7
       6
       6
       6
       6
      15
       9
       9
       6
       9
       8
      13
       6
      13
       6
      14
       4
       3
       7
       7
      13
      13
      12
       8
      11
       7
       4
       6
       6
       7
      12
      10
       8
      12
       7
      13
       6
       8
      10
       4
       8
       5
       8
      10
       8
       9
       6
      13
       6
      10
       7
       9
      12
      11
      11
       9
       4
       9
      10
       5
       3
      10
      11
      12
      15
       5
       9
       5
       5
       7
       7
       9
       8
      10
       6
       6
      11
      10
       6
       5
       8
       9
       6
       2
      13
      10
       7
      14
       8
       9
       7
      11
      10
      11
       5
       8
       6
       7
       9
       4
       3
       9
       5
      10
      10
       6
      11
       5
       9
       8
       5
       9
       5
       6
      11
      15
       7
      12
       6
       8
      11
       4
      14
       4
       4
       6
       4
       8
       6
      12
      12
       9
      12
       9
       5
      10
       8
       2
       9
       9
       8
       6
      11
      13
       6
       7
       7
      14
       6
       4
      10
       4
      12
       5
       3
      12
      10
       7
      10
       7
       3
       6
       7
       8
       6
       8
      12
       3
       7
       7
      12
       7
      19
      11
      11
      10
       8
       7
      15
       9
      10
       6
       5
       4
       7
       8
       7
       9
      10
      14
       7
       4
      16
       8
       8
      12
       7
       7
       4
       6
       8
       5
      10
       6
      10
      10
      12
       8
       7
      15
       7
       5
       7
       9
       4
       9
       4
       8
       9
      16
      11
      14
       5
      10
      12
       7
       3
       7
      13
      12
      12
      13
       6
       9
       8
       7
       4
       7
       9
       6
       9
       6
       5
      11
       6
       9
       5
       7
       9
       7
       8
       5
       6
       5
       7
      11
       5
       3
       9
       6
       8
       7
       5
       8
       6
      10
       9
       4
       6
       2
      11
       5
       5
       6
       6
       6
       7
       5
       5
       6
       4
      10
       7
       5
       7
       9
       5
       4
       7
       3
       4
       8
       6
       3
      13
       9
       4
       3
       6
       3
       4
       8
       6
       5
       5
       8
      10
       8
       7
       7
       5
       4
       5
       9
       3
       7
       5
       3
       8
      10
       3
       3
       4
       8
       7
       5
       3
       9
       6
       6
       7
       7
       3
       7
       3
       5
       7
       9
       6
       3
       7
       6
       1
       4
       8
       6
       2
       6
       1
       6
       7
       6
       4
       7
       5
       3
       2
       3
       1
       1
       3
       1
       4
       6
       4
       3
       5
       7
       4
       6
       4
       2
       3
       1
       5
       5
       3
       5
       3
       5
       6
       4
       4
       7
       5
       7
       5
       2
       7
      10
       5
       4
       5
       3
       5
       5
       3
       3
       4
       4
       6
       2
       1
       2
       7
       5
       6
       3
       3
       3
       5
       8
       1
       4
       4
       2
       7
       3
       6
       4
       5
       4
       3
       9
       0
       3
       3
       5
       5
       3
       6
       5
       4
       4
       4
       4
       4
       4
       6
       5
       5
       3
       8
       5
       4
       7
       4
       6
       7
       6
       5
      10
       6
       6
      13
       4
      10
       6
       3
       7
       7
       6
       9
       7
       9
       3
       7
       9
       9
       8
      11
       1
      10
      14
       9
       9
      17
       4
      10
      11
       7
       8
       6
      10
      10
       7
      12
      11
      13
       8
       8
       7
       7
       9
       5
       3
      11
      12
       7
      13
       6
      10
      10
      16
       9
       9
       8
       4
      12
       8
      14
       6
      12
       9
       3
      13
       6
       3
       8
       8
       7
       7
       5
       8
      13
       9
       4
       6
       9
      11
      11
       5
       9
       8
      10
       6
       8
       3
       9
       4
       8
       8
       7
       7
       4
      10
      10
       7
       6
       5
       7
       8
       6
       2
       6
      10
       3
      12
       6
       3
       2
       8
      11
      10
       5
       1
       6
       6
       2
       3
       8
       2
       3
       6
       5
       5
       8
       3
       6
       4
       4
       5
       4
       3
       5
       7
       5
       4
       2
       3
       3
       4
       3
       4
       8
       3
       4
       2
       4
       4
       4
       4
       2
      10
       5
       2
       3
       2
       4
       4
       5
       7
       1
       7
       7
       1
       3
       0
       4
       0
       3
       1
       3
       5
       4
       2
       2
       2
       4
       3
       4
       3
       5
       2
       3
       0
       2
       2
       3
       2
       0
       2
       2
       2
       2
       1
       3
       1
       1
       4
       3
       0
       2
       5
       2
       0
       2
       0
       5
       4
       1
       2
       1
       3
       2
       4
       0
       1
       1
       0
       3
       1
       1
       1
       2
       0
       1
       3
       2
       3
       1
       3
       7
       4
       1
       1
       2
       3
       4
       1
       0
       1
       0
       0
       0
       0
       0
       0
       0
       0
       0
       0
       0
       0
       0
       0
       0
       0
       0
       0
       0
       0
       0
       0
       0
       0
       0
       0
       0
       0
       0
       0
       0
       0
       0
       0
       0
       0
       0
       0
       0
       0
       0
       0
       0
       0
       0
       0
       0
       0
       0
       0
       0
       0
       0
       0
       0
       0
       0
       0
       0
       0
       0
       0
       0
       0
       0
       0
       0
       0
       0
       0
       0
       0
       0
       0
       0
       0
       0
       0
       0
       0
       0
       0
       0
       0
       0
       0
       0
       0
       0
       0
       0
       0
       0
       0
       0
       0
       0
       0
       0
       0
       0
       0
       0
       0
       0
       0
       0
       0
       0
       0
       0
       0
       0
       0
       0
       0
       0
       0
       0
       0
       0
       0
       0
       0
       0
       0
       0
       0
       0
       0
       0
       0
       0
       0
       0
       0
       0
       0
       0
       0
       0
       0
       0
       0
       0
       0
       0
       0
       0
       0
       0
       0
       0
       0
       0
       0
       0
       0
       0
       0
       0
       0
       0
       0
       0
       0
       0
       0
       0
       0
       0
       0
       0
       0
       0
       0
       0
       0
       0
       0
       0
       0
       0
       0
       0
       0
       0
       0
       0
       0
       0
       0
       0
       0
       0
       0
       0
       0
       0
       0
       0
       0
       0
       0
       0
       0
       0
       0
       0
       0
       0
       0
       0
       0
       0
       0
       0
       0
       0
       0
       0
       0
       0
       0
       0
       0
       0
       0
       0
       0
       0
       0
       0
       0
       0
       0
       0
       0
       0
       0
       0
       0
       0
       0
       0
       0
       0
       0
       0
       0
       0
       0
       0
       0
       0
       0
       0
       0
       0
       0
       0
       0
       0
       0
       0
       0
       0
       0
       0
       0
       0
       0
       0
$ROI:
1
849 850
$PRESETS:
Live Time
999999
0
$ENER_FIT:
0.000000 0.749264
$MCA_CAL:
3
0.000000E+000 7.492638E-001 0.000000E+000 keV
$SHAPE_CAL:
3
0.000000E+000 0.000000E+000 0.000000E+000
