$SPEC_ID:
none
$SPEC_REM:
DET# 1
DETDESC# GRAD-LAB Easy-MCA-2k SN 14163589
AP# Maestro Version 7.01
$DATE_MEA:
09/26/2016 12:38:39
$MEAS_TIM:
1301 1302
$DATA:
0 2047
       0
       0
       0
       0
       0
       0
       0
       0
       0
       0
       0
       0
       0
       0
       0
       0
       3
       7
      25
      23
      18
      19
      20
      21
      26
      28
      15
      24
      20
      18
      24
      30
      17
      22
      20
      21
      23
      25
      19
      19
      13
      20
      16
      22
      17
      22
      17
      27
      25
      26
      24
      33
      25
      35
      31
      29
      48
      43
      29
      32
      33
      36
      34
      29
      42
      28
      35
      29
      35
      30
      27
      31
      34
      25
      25
      25
      31
      37
      36
      29
      31
      37
      43
      36
      37
      40
      44
      35
      41
      52
      49
      29
      46
      26
      32
      39
      40
      32
      25
      54
      31
      36
      43
      29
      49
      53
      54
      54
      54
      43
      45
      44
      37
      55
      48
      59
      59
      53
      62
      67
      49
      80
      83
      85
      97
      87
     101
      99
      85
      93
     101
     132
     129
     106
     128
     134
     134
     113
     127
     126
     131
     136
     122
     113
     117
     133
     131
     114
      95
     114
     121
     120
      93
      86
     103
     106
     114
      88
      96
     101
      86
      88
      68
      82
      85
      97
      89
      80
      70
      87
      78
      66
      91
      84
      85
      83
      77
      71
      68
      68
      85
      75
      80
      70
      73
      63
      83
      67
      65
      55
      71
      72
      79
      89
      66
      74
      80
      59
      72
      67
      66
      66
      81
      71
      81
      82
      84
      87
      80
      62
      79
      77
      71
      73
      74
      86
      58
      61
      65
     104
      76
      74
      67
      70
      90
      77
      76
      74
      64
      72
      76
      69
      77
      75
      79
      88
      75
      72
      75
      85
      69
      60
      62
      76
      72
      77
      74
      81
      66
      71
      67
      71
      73
      78
      61
      92
      67
      75
      71
      85
      70
      63
      76
      65
      64
      85
      72
      85
      65
      82
      84
      70
      80
      63
      74
      68
      85
      65
      84
      82
      85
      67
      51
      81
      64
      91
      59
      85
      74
      69
      65
      76
      71
      78
      84
      69
      81
      70
      76
      89
      82
      63
      71
      80
      80
      66
      77
      57
      67
      66
      61
      73
      79
      60
      81
      76
      72
      84
      81
      77
      70
      59
      63
      67
      68
      78
      64
      59
      69
      64
      74
      68
      64
      63
      85
      81
      77
      56
      58
      53
      62
      57
      62
      63
      59
      78
      75
      63
      60
      64
      56
      61
      58
      65
      63
      67
      55
      67
      60
      57
      62
      62
      76
      76
      76
      75
      65
      56
      61
      63
      50
      66
      62
      69
      74
      57
      66
      67
      72
      67
      73
      58
      66
      50
      63
      66
      55
      68
      65
      61
      48
      49
      72
      58
      66
      63
      56
      58
      70
      60
      59
      59
      59
      60
      74
      50
      51
      67
      51
      55
      56
      56
      55
      62
      62
      56
      56
      50
      53
      52
      54
      48
      52
      56
      65
      54
      55
      52
      55
      64
      59
      46
      53
      60
      42
      55
      56
      71
      58
      48
      53
      54
      51
      40
      51
      62
      50
      46
      52
      44
      46
      42
      54
      59
      49
      44
      55
      47
      57
      50
      50
      53
      52
      50
      39
      51
      51
      60
      53
      42
      41
      48
      46
      46
      57
      51
      58
      56
      51
      52
      51
      59
      61
      51
      47
      49
      50
      49
      58
      59
      46
      44
      49
      50
      43
      47
      48
      62
      49
      49
      53
      43
      48
      49
      38
      51
      44
      46
      43
      50
      44
      42
      50
      50
      45
      47
      55
      36
      36
      41
      38
      43
      53
      37
      33
      41
      41
      48
      44
      52
      39
      35
      47
      46
      52
      53
      33
      35
      38
      35
      54
      36
      34
      22
      47
      41
      39
      44
      38
      46
      37
      35
      37
      43
      40
      50
      50
      33
      43
      32
      47
      37
      45
      36
      40
      39
      33
      50
      47
      45
      34
      40
      31
      48
      37
      31
      35
      35
      33
      35
      39
      36
      42
      50
      34
      46
      39
      32
      49
      39
      41
      32
      40
      40
      54
      40
      40
      36
      26
      44
      42
      39
      43
      35
      46
      44
      50
      48
      44
      54
      54
      43
      52
      46
      51
      42
      41
      33
      50
      43
      51
      54
      38
      59
      58
      51
      55
      57
      41
      42
      53
      56
      51
      40
      55
      46
      52
      49
      62
      40
      58
      47
      61
      72
      44
      41
      57
      57
      43
      58
      57
      57
      73
      54
      62
      54
      73
      55
      64
      68
      86
      77
      78
      55
      64
      77
      55
      63
      69
      74
      75
      55
      57
      58
      67
      74
      88
      68
      69
      63
      69
      72
      62
      84
      77
      83
      82
      79
      66
      63
      74
      78
      66
      67
      65
      61
      72
      63
      51
      75
      83
      85
      76
      58
      64
      49
      65
      59
      57
      67
      53
      63
      58
      67
      61
      68
      67
      67
      70
      56
      58
      60
      51
      58
      55
      45
      53
      54
      46
      56
      43
      46
      47
      51
      58
      48
      46
      53
      44
      39
      40
      49
      38
      36
      51
      48
      43
      44
      43
      38
      27
      31
      32
      33
      36
      43
      35
      36
      35
      37
      36
      36
      29
      34
      31
      34
      33
      24
      25
      33
      26
      24
      37
      36
      20
      33
      31
      33
      34
      36
      40
      33
      37
      23
      19
      26
      27
      26
      27
      32
      23
      14
      37
      23
      32
      28
      24
      28
      39
      16
      21
      24
      31
      32
      24
      19
      23
      31
      29
      24
      20
      20
      21
      26
      21
      24
      18
      23
      41
      16
      27
      29
      19
      26
      30
      26
      16
      21
      26
      18
      25
      27
      27
      15
      23
      24
      22
      18
      15
      30
      23
      33
      21
      16
      23
      18
      20
      21
      28
      15
      30
      19
      21
      20
      25
      20
      21
      22
      12
      29
      11
      25
      16
      12
      21
      19
      25
      24
      16
      21
      18
      29
      28
      20
      21
      19
      29
      26
      25
      21
      21
      29
      19
      23
      26
      35
      22
      18
      23
      27
      21
      15
      22
      26
      24
      20
      15
      23
      18
      20
      22
      19
       8
      14
      15
      17
      22
      20
      13
      18
      19
      20
      22
      15
      21
      17
      15
      12
      29
      17
      24
      15
      18
      15
      23
      27
       8
      18
      19
      15
      16
      22
      24
      11
      10
      21
      13
      21
      18
      13
      15
      21
      20
      15
      12
      13
      24
      21
      10
      17
      23
      16
      22
      15
      17
      16
      18
      16
      16
      16
      12
      19
      23
      11
      15
      17
      15
      13
      11
      10
      17
      13
      12
      11
      15
      12
      17
      13
      16
      18
      16
      14
       7
      24
      10
      11
      14
      13
      17
      15
       9
      24
      21
      18
      17
      14
      10
      12
      18
      15
      21
      17
      12
       9
       7
      15
      17
      13
      19
      12
       9
      14
      18
      15
      10
      16
      18
      11
      18
      19
       9
      14
       8
      11
      14
      12
      17
      12
       8
      15
      13
      12
      12
      18
      10
       9
      12
      12
      10
      13
      14
      11
       7
      14
      11
      11
      15
      16
       8
      15
      12
      18
      14
      11
      11
      11
       7
      13
      14
      15
      12
      12
       7
      12
      13
       7
      13
      12
      19
      16
      13
      12
       8
      14
      11
       7
      14
      10
      13
      13
      20
      11
      12
       8
      17
      11
       8
      17
      14
      16
       8
      14
      14
      15
      14
      11
       6
      17
       9
      13
       7
      14
      17
      16
      14
      12
       9
      15
      12
      14
      10
      12
      15
       9
      17
      14
       9
       6
      10
      20
       8
      16
      12
      18
       8
      10
       8
      22
      17
      12
      16
      12
      12
       7
      17
      13
      13
      12
      12
      14
      23
      11
       9
      13
      19
      17
      20
      16
      14
       8
       8
      17
      11
      16
      11
      12
      13
      14
       9
      11
      17
      15
      17
      10
      19
      16
      12
      15
      15
      17
      22
      16
      15
      16
      14
      17
      16
      11
      15
      10
      15
      19
      16
      10
      13
      18
      17
      14
       8
      13
      18
      13
      13
      19
      11
       9
      16
      12
       9
      11
      18
      14
      13
       8
      19
       5
      10
      14
       7
      15
      12
      14
      19
      12
       8
      22
      12
      11
      11
      10
      14
      12
       7
      12
      11
      14
      12
      10
      18
      15
       9
      15
      11
       8
      13
      17
       9
      24
      15
      16
       5
      13
      14
      18
      10
       7
      12
       9
      14
      16
       9
      15
       9
       9
       4
      11
      16
      11
      11
       8
      12
      11
      13
      16
      12
      17
       8
      14
       9
      10
       9
      14
      15
      16
      12
      12
      15
      15
       5
      10
      14
      17
       8
      14
      10
      10
      10
      12
      13
       9
      10
       9
      12
       8
      12
      11
       9
      23
       6
      17
      18
      14
       9
      13
      12
      14
      17
      18
      14
      11
      14
      15
      11
      13
       8
       8
      16
      14
      10
       9
       9
       9
       9
      19
      11
       5
       6
      10
       7
      10
       8
      15
      11
      11
       8
       9
      11
       9
      11
      17
      19
      13
      10
       9
      12
       7
      16
      13
      14
      12
      12
      10
      15
      14
       9
      11
       8
      12
      10
      20
      12
      11
      16
       6
       7
      15
       8
      14
       8
      13
      14
      10
       8
      11
      14
      14
      13
       6
      11
       7
       6
      15
      12
       6
       5
       6
       7
       8
      12
      11
      15
       4
       4
      13
       3
       8
       5
      12
       9
       9
      11
      11
       7
       9
       4
       9
       8
      11
      11
      10
      12
      12
       6
      10
       8
       8
      11
       6
       5
      12
      13
      10
      10
      10
      15
      10
       4
       7
       5
      13
      14
      12
      10
      11
      10
      11
       6
      14
       5
       6
       7
       8
       7
      11
       8
      11
       6
       9
       9
       9
      12
       7
       6
      14
       7
       4
      11
       3
       4
      11
      11
       8
       3
       9
       7
      12
      10
      12
      10
       7
       4
       3
       8
       3
       7
      13
       8
       4
       4
      12
       4
       9
       6
       5
       7
       5
       9
       9
       6
      10
       8
       3
      11
      11
       4
       7
       7
       6
       9
       7
       7
       3
       5
       5
       9
       9
       4
       9
      10
       3
       7
      15
      15
      14
       8
       6
       4
      10
      10
      10
       5
       4
       6
       7
       6
       6
       4
       9
      12
       6
       5
       4
       4
       7
       5
       7
       6
       5
       5
       4
       6
       9
      10
       3
      11
      13
       8
       3
       5
       2
       5
       7
       5
       4
       4
       3
       2
       8
       7
       6
       7
       9
       6
       3
       8
       5
       6
       9
       5
       5
       6
       4
       1
       9
       7
      12
       7
       1
       8
      10
       8
      11
       4
      11
       6
       8
       8
       8
       9
       7
       8
      17
       8
       7
       5
       8
       8
       9
       8
       8
       7
      14
       6
      10
       8
       9
      12
       6
      11
       8
       7
       8
       6
      15
      11
       9
      15
       8
      13
       5
      10
       6
      12
      11
       6
      11
       8
      12
       8
      15
       9
       7
      14
      10
      13
      14
       7
      18
      11
      12
       9
      14
      11
      11
      10
      12
       9
       9
      15
      16
      14
      21
       7
      12
      12
      11
      10
      16
      10
       8
       7
      14
       7
      11
      15
       7
      12
      10
      19
      13
      15
       7
      13
      12
      10
      11
      19
      15
      11
       9
       6
       9
       8
      15
       7
      10
      15
       6
      14
      12
      12
       8
      10
      10
      11
       9
       6
      10
       7
      10
       9
      10
       6
       7
       5
      11
       7
       7
       8
       7
      10
       8
       7
       7
       5
       8
       4
       3
       9
       6
       6
       6
       9
       5
       6
       6
       7
       8
       7
       7
      10
       9
       3
       5
       6
       2
       8
       7
       7
       4
       5
       3
       5
       6
       7
       8
      11
       6
       2
       5
       3
      11
       6
       4
       7
       4
       6
      10
       5
       2
       6
       5
       5
       6
       5
       8
       2
       4
       4
       7
       3
       1
       2
       0
       0
       0
       0
       0
       0
       0
       0
       0
       0
       0
       0
       0
       0
       0
       0
       0
       0
       0
       0
       0
       0
       0
       0
       0
       0
       0
       0
       0
       0
       0
       0
       0
       0
       0
       0
       0
       0
       0
       0
       0
       0
       0
       0
       0
       0
       0
       0
       0
       0
       0
       0
       0
       0
       0
       0
       0
       0
       0
       0
       0
       0
       0
       0
       0
       0
       0
       0
       0
       0
       0
       0
       0
       0
       0
       0
       0
       0
       0
       0
       0
       0
       0
       0
       0
       0
       0
       0
       0
       0
       0
       0
       0
       0
       0
       0
       0
       0
       0
       0
       0
       0
       0
       0
       0
       0
       0
       0
       0
       0
       0
       0
       0
       0
       0
       0
       0
       0
       0
       0
       0
       0
       0
       0
       0
       0
       0
       0
       0
       0
       0
       0
       0
       0
       0
       0
       0
       0
       0
       0
       0
       0
       0
       0
       0
       0
       0
       0
       0
       0
       0
       0
       0
       0
       0
       0
       0
       0
       0
       0
       0
       0
       0
       0
       0
       0
       0
       0
       0
       0
       0
       0
       0
       0
       0
       0
       0
       0
       0
       0
       0
       0
       0
       0
       0
       0
       0
       0
       0
       0
       0
       0
       0
       0
       0
       0
       0
       0
       0
       0
       0
       0
       0
       0
       0
       0
       0
       0
       0
       0
       0
       0
       0
       0
       0
       0
       0
       0
       0
       0
       0
       0
       0
       0
       0
       0
       0
       0
       0
       0
       0
       0
       0
       0
       0
       0
       0
       0
       0
       0
       0
       0
       0
       0
       0
       0
       0
       0
       0
       0
       0
       0
       0
       0
       0
       0
       0
       0
       0
       0
       0
       0
       0
       0
       0
       0
       0
       0
       0
       0
       0
       0
       0
       0
       0
$ROI:
1
849 850
$PRESETS:
Live Time
999999
0
$ENER_FIT:
0.000000 0.749264
$MCA_CAL:
3
0.000000E+000 7.492638E-001 0.000000E+000 keV
$SHAPE_CAL:
3
0.000000E+000 0.000000E+000 0.000000E+000
