$SPEC_ID:
none
$SPEC_REM:
DET# 1
DETDESC# GRAD-LAB Easy-MCA-2k SN 14163589
AP# Maestro Version 7.01
$DATE_MEA:
09/21/2016 13:33:13
$MEAS_TIM:
694 694
$DATA:
0 2047
       0
       0
       0
       0
       0
       0
       0
       0
       0
       0
       0
       0
       0
       0
       0
       0
       0
       4
      15
      18
       8
      12
      12
      18
       8
      13
      12
      11
      13
      10
      16
      17
      17
      18
       8
       9
      19
      16
      14
      14
      18
      19
      19
       8
      14
      13
      24
      20
      22
      12
      20
      18
      20
      11
      26
      27
      24
      12
      25
      21
      18
      23
      16
      21
      19
      30
      22
      28
      23
      20
      22
      17
      24
      20
      19
      19
      27
      23
      25
      27
      28
      19
      24
      35
      31
      27
      37
      31
      26
      32
      37
      23
      31
      29
      19
      32
      27
      27
      35
      27
      35
      31
      30
      36
      39
      49
      35
      33
      31
      32
      42
      47
      37
      63
      48
      53
      46
      47
      61
      60
      60
      68
      58
      77
      77
      77
      64
      89
      84
      85
      85
      94
      90
     111
     120
     103
     101
     103
      95
      97
     106
     100
     112
      84
      97
     101
      76
      85
      92
      80
      86
      78
      65
     100
      96
      97
      82
      76
      78
      86
      82
      85
      91
      77
      71
      74
      68
      70
      67
      90
      69
      71
      75
      65
      63
      63
      76
      63
      72
      71
      70
      80
      56
      76
      55
      68
      49
      60
      62
      74
      74
      61
      63
      78
      62
      69
      76
      70
      79
      78
      66
      74
      69
      64
      79
      75
      81
      63
      85
      73
      93
      60
      72
      72
      69
      79
      54
      67
      69
      79
      74
      79
      49
      73
      62
      64
      78
      55
      54
      68
      73
      78
      60
      69
      80
      60
      59
      55
      60
      62
      76
      65
      72
      66
      56
      67
      56
      65
      90
      69
      68
      72
      54
      60
      70
      46
      61
      81
      55
      66
      48
      61
      61
      52
      59
      65
      62
      59
      44
      72
      64
      44
      56
      43
      54
      67
      59
      59
      65
      59
      63
      62
      55
      79
      44
      58
      49
      65
      51
      53
      49
      53
      59
      57
      52
      58
      57
      50
      51
      53
      39
      51
      38
      48
      49
      48
      60
      56
      63
      33
      33
      62
      63
      50
      48
      51
      42
      57
      47
      46
      54
      51
      59
      44
      43
      50
      45
      41
      44
      53
      51
      46
      40
      40
      50
      56
      43
      45
      34
      42
      38
      48
      48
      54
      34
      56
      40
      47
      57
      34
      48
      29
      44
      50
      50
      46
      34
      49
      51
      37
      49
      44
      34
      45
      47
      44
      41
      41
      31
      46
      36
      51
      31
      29
      40
      32
      31
      41
      37
      38
      37
      42
      29
      32
      46
      43
      40
      40
      33
      31
      50
      41
      34
      48
      45
      33
      34
      34
      39
      35
      41
      28
      43
      30
      42
      37
      31
      35
      34
      39
      47
      44
      42
      34
      46
      27
      27
      28
      33
      31
      32
      36
      42
      49
      28
      37
      39
      37
      32
      36
      33
      36
      42
      41
      31
      38
      34
      28
      30
      39
      37
      45
      30
      38
      29
      32
      27
      34
      35
      38
      31
      33
      34
      50
      34
      39
      34
      41
      35
      41
      33
      40
      37
      39
      31
      36
      26
      35
      34
      36
      39
      46
      47
      37
      46
      44
      34
      41
      38
      38
      33
      40
      41
      42
      41
      44
      41
      46
      54
      52
      50
      38
      60
      39
      43
      42
      48
      66
      49
      59
      64
      52
      59
      69
      60
      49
      60
      70
      64
      85
      64
      68
      61
      74
      62
      58
      69
      70
      40
      56
      55
      55
      58
      72
      62
      75
      74
      79
      61
      57
      55
      81
      74
      67
      70
      61
      72
      54
      65
      55
      70
      56
      68
      63
      63
      61
      60
      60
      66
      65
      55
      62
      56
      55
      60
      51
      65
      60
      58
      56
      57
      65
      64
      46
      58
      60
      50
      58
      44
      35
      45
      48
      52
      40
      44
      41
      40
      47
      35
      53
      31
      47
      35
      46
      41
      53
      36
      33
      36
      31
      31
      28
      37
      34
      28
      27
      35
      26
      22
      24
      32
      24
      27
      31
      23
      29
      28
      25
      22
      27
      17
      28
      26
      11
      22
      22
      21
      17
      19
      14
      31
      24
      17
      26
      27
      23
      18
      17
      16
      18
      16
      21
      22
      14
      19
      19
      17
      19
      18
      17
      14
      17
      11
      24
      11
      17
      19
      12
      15
      16
      16
      14
      16
      18
      13
      14
      12
      14
      14
      13
      17
      14
      12
       9
      13
      15
       6
      13
      13
      16
      11
      13
      14
      15
      19
      12
      10
       9
      16
      13
       9
      10
      13
      12
      22
      12
       5
      12
      13
      18
      20
      16
      11
      11
      12
      21
      17
      12
       8
      16
      12
      11
      16
      11
      14
      15
       9
      10
      13
      18
       5
      12
      10
      11
      13
       9
       8
      13
      12
       8
      12
       7
      13
      16
      11
      11
      12
      12
      18
      10
       9
      12
      16
      10
      24
      13
      12
      16
      13
      13
      11
      13
      12
      12
      12
      13
      12
       9
       5
      10
      13
       8
      12
       7
      16
      11
      17
      13
      10
      17
      19
      19
       6
      19
      14
      17
       6
       8
      18
      12
      17
      12
      10
      14
       8
       5
      12
      11
      14
       8
      11
      12
      15
      11
      10
      14
      10
      16
      13
      10
      16
      15
       7
      12
      12
      11
      12
      16
      15
      13
       8
      12
      20
      20
       5
      13
       8
       7
      12
       8
       9
      11
      15
       8
       8
      18
      15
      12
       9
      18
      12
      14
       9
       7
      15
       6
      11
      11
       6
      13
       7
      10
       8
      11
       3
      13
      14
      14
      10
       7
       7
      13
      12
       3
      13
      17
      10
       8
      14
      11
      16
      12
      13
       8
       8
       7
       9
      15
       9
       9
      13
       7
       5
      12
      16
       8
      15
       9
      11
      11
      14
       6
      12
      13
      10
      13
       8
      13
      10
       6
      12
      14
       9
      14
      10
      15
      11
       7
       7
      12
      12
       9
      10
       7
       7
       9
      14
       9
       9
       8
      14
      11
       7
      11
      11
      12
      11
      10
       8
       8
       7
       4
       8
       7
      10
       9
       7
       9
       8
       9
       9
       9
       9
       7
       8
       8
      11
      11
      10
      11
       8
      10
      16
       5
       9
       5
      11
       8
       9
       6
       6
       9
       7
      16
       6
       7
       4
       8
       7
      10
       5
      13
       5
       5
       6
       2
      10
       2
       7
      12
       6
      10
       8
       9
       8
       5
       8
       6
       7
       7
       6
      12
       6
      11
       4
       3
       8
       5
       4
       9
       8
       9
       8
      12
      10
       6
       4
      10
      10
      10
      11
       5
       5
       7
      10
       7
       6
       5
      11
       7
       9
       8
       5
       7
       9
       8
       5
       4
       7
      11
       8
       5
       6
       4
       9
      13
       5
       9
       4
       5
       8
       8
       6
       5
       7
       8
       9
       5
       7
      12
       5
       4
       6
       2
       4
      13
      11
       6
       4
       6
       8
       9
       5
       5
       7
       6
       6
       5
       9
      10
       4
      10
      10
       9
       8
       5
       7
       7
       4
       6
      11
       4
       3
      13
      11
       6
       6
      10
       5
       5
       7
       6
       5
       6
       7
       7
       6
       6
       8
       8
       4
       4
       6
      12
       4
       4
       6
       4
       9
      10
       7
       4
       9
       1
       6
      10
       6
       8
       4
       2
       6
       4
       7
       9
       3
       9
       9
       7
      10
       7
       8
       4
       8
      11
       2
       8
       9
       8
       9
      10
       7
       8
       4
       9
       8
       9
       8
       7
       9
       8
       4
       5
       7
       5
      10
      12
       5
       3
       2
       6
       7
       4
       9
      16
       6
       8
       8
      10
       7
       7
       6
       3
       6
       3
       4
       8
      11
      10
       8
       4
       4
       8
       3
       5
       8
       2
       7
       7
      11
       7
      10
       2
       4
       7
       7
       6
       3
       5
       8
       9
       3
      10
       6
       4
       5
       5
       9
       6
       2
       8
       7
       4
       8
       9
       5
       4
       5
       3
       7
       9
      10
       4
       3
       8
       7
       7
       9
       5
       7
       6
       8
      10
       6
       5
       1
       4
       4
       6
       7
       5
      10
      10
       9
       5
       7
       3
       3
       5
       4
       9
       6
       3
       8
      10
       4
       9
       4
       7
       4
       9
       8
       8
       7
       4
       3
       4
       6
       7
       8
       5
       9
      11
       6
       5
       9
       6
       7
       2
       7
       5
       8
       9
       3
      11
       6
       9
       3
       5
      10
       0
       2
       8
       7
       6
       8
       9
      11
       5
       6
       6
       7
       3
       3
       4
       7
       8
       5
      10
      13
       5
       5
       2
      10
       2
       8
       4
       9
       5
       7
       8
       8
       7
       1
       8
       3
      10
       8
      10
       8
       4
       6
       5
       9
       1
       8
      10
       7
       2
       7
       5
      10
       6
       5
       2
      12
       8
       4
       7
       9
       5
       5
       8
       6
       4
       8
       3
       7
       4
       6
       9
       8
       4
       7
       8
       4
       5
      15
       8
       4
       2
       6
       2
       8
       7
       8
       6
       6
       6
      11
       7
       7
       8
       4
      10
       1
      11
       7
       3
       8
       7
       6
       4
       7
       6
       6
       6
       0
       6
       3
       6
       5
       8
       4
       5
      11
       3
       3
       6
       7
       4
       8
       5
       7
       5
       2
       3
       9
       4
       4
      10
       6
       6
       5
       4
       3
       2
       3
       2
       7
       6
       7
       1
       4
       4
       4
       2
       7
       2
       6
       4
       8
       8
       4
       4
       1
       5
       6
       7
       6
       5
       3
       8
       6
       4
       7
       4
       2
       7
       2
       5
       9
       7
       2
       3
       2
       6
       5
       6
       9
       5
       4
       5
       4
       1
       5
      11
       5
       6
       5
       0
       4
       4
       4
       5
       3
       2
       2
       1
       1
       4
       2
       4
       4
       4
       4
       4
       2
       2
       3
       3
       4
       2
       5
       2
       6
       1
       4
       2
       1
       2
       5
       3
       3
       2
       4
       5
       3
       0
       5
       5
       0
       0
       5
       3
       5
       4
       2
       5
       4
       3
       3
       4
       2
       2
       4
       8
       2
       3
       9
       4
       5
       2
       3
       5
       5
       4
       5
       7
       5
       2
       4
       4
       1
       7
       3
       4
       4
       2
       4
      10
       5
       1
       8
       3
       4
       1
       1
       4
       4
       4
       5
       5
       5
       1
       5
       1
      10
       4
       2
       2
       6
       2
       3
       8
       2
       3
       3
       6
       9
       3
       4
       3
       6
       3
       3
       6
       5
       8
       5
       5
       6
       6
       4
       7
       0
       6
      10
       6
       6
       4
       3
       7
       7
       5
       9
       9
       4
       5
       8
       6
       8
       3
       6
       4
       6
      10
       6
       8
       8
       8
       8
       7
       7
       2
       5
       6
       5
       4
       9
       5
      10
       5
       8
       5
       5
      11
       6
       6
       6
       6
       8
       6
       5
       3
       5
       7
       7
       5
       8
       4
       4
       5
      10
       6
       3
       3
       4
       6
       6
       7
       4
       4
      10
       4
       4
       3
       6
      10
       4
       5
       9
       5
       4
       4
       2
       8
       4
      12
       4
       3
       6
       7
       8
       1
       3
       3
       5
       4
       8
       2
       2
       8
       3
       7
       7
       2
       5
       3
       7
       2
       6
       4
       4
       5
       4
       4
       5
       4
       5
       2
       2
       6
       1
       3
       1
       5
       7
       8
       3
       3
       7
       5
       3
       5
       3
       5
       3
       2
       3
       4
       1
       4
       8
       0
       6
       2
       8
       3
       2
       2
       1
       2
       6
       0
       3
       2
       4
       2
       3
       4
       2
       3
       2
       5
       0
       1
       2
       1
       3
       0
       2
       1
       4
       4
       3
       6
       4
       0
       2
       3
       3
       4
       9
       1
       2
       1
       2
       4
       1
       5
       1
       2
       2
       2
       0
       1
       0
       0
       0
       0
       0
       0
       0
       0
       0
       0
       0
       0
       0
       0
       0
       0
       0
       0
       0
       0
       0
       0
       0
       0
       0
       0
       0
       0
       0
       0
       0
       0
       0
       0
       0
       0
       0
       0
       0
       0
       0
       0
       0
       0
       0
       0
       0
       0
       0
       0
       0
       0
       0
       0
       0
       0
       0
       0
       0
       0
       0
       0
       0
       0
       0
       0
       0
       0
       0
       0
       0
       0
       0
       0
       0
       0
       0
       0
       0
       0
       0
       0
       0
       0
       0
       0
       0
       0
       0
       0
       0
       0
       0
       0
       0
       0
       0
       0
       0
       0
       0
       0
       0
       0
       0
       0
       0
       0
       0
       0
       0
       0
       0
       0
       0
       0
       0
       0
       0
       0
       0
       0
       0
       0
       0
       0
       0
       0
       0
       0
       0
       0
       0
       0
       0
       0
       0
       0
       0
       0
       0
       0
       0
       0
       0
       0
       0
       0
       0
       0
       0
       0
       0
       0
       0
       0
       0
       0
       0
       0
       0
       0
       0
       0
       0
       0
       0
       0
       0
       0
       0
       0
       0
       0
       0
       0
       0
       0
       0
       0
       0
       0
       0
       0
       0
       0
       0
       0
       0
       0
       0
       0
       0
       0
       0
       0
       0
       0
       0
       0
       0
       0
       0
       0
       0
       0
       0
       0
       0
       0
       0
       0
       0
       0
       0
       0
       0
       0
       0
       0
       0
       0
       0
       0
       0
       0
       0
       0
       0
       0
       0
       0
       0
       0
       0
       0
       0
       0
       0
       0
       0
       0
       0
       0
       0
       0
       0
       0
       0
       0
       0
       0
       0
       0
       0
       0
       0
       0
       0
       0
       0
       0
       0
       0
       0
       0
       0
       0
       0
       0
       0
       0
$ROI:
1
849 850
$PRESETS:
Live Time
999999
0
$ENER_FIT:
0.000000 0.749264
$MCA_CAL:
3
0.000000E+000 7.492638E-001 0.000000E+000 keV
$SHAPE_CAL:
3
0.000000E+000 0.000000E+000 0.000000E+000
