$SPEC_ID:
none
$SPEC_REM:
DET# 1
DETDESC# GRAD-LAB Easy-MCA-2k SN 14163589
AP# Maestro Version 7.01
$DATE_MEA:
09/21/2016 11:59:04
$MEAS_TIM:
133 133
$DATA:
0 2047
       0
       0
       0
       0
       0
       0
       0
       0
       0
       0
       0
       0
       0
       0
       0
       0
       0
       6
      42
      28
      39
      42
      41
      36
      42
      35
      42
      34
      43
      34
      37
      44
      41
      44
      45
      38
      44
      46
      41
      40
      42
      37
      50
      33
      39
      41
      43
      40
      46
      43
      49
      51
      40
      42
      44
      46
      42
      43
      48
      50
      54
      51
      52
      41
      59
      65
      54
      61
      52
      61
      48
      39
      59
      46
      56
      44
      52
      52
      58
      45
      60
      62
      50
      69
      54
      64
      70
      68
      61
      58
      61
      61
      60
      71
      71
      67
      71
      45
      55
      65
      64
      55
      71
      58
      60
      71
      51
      70
      76
      57
      59
      49
      58
      64
      62
      68
      78
      58
      64
      59
      57
      72
      70
      67
      84
      78
      76
      85
      91
      95
      93
     122
     110
     121
     111
     133
     141
     155
     171
     165
     181
     186
     176
     191
     175
     170
     168
     175
     170
     170
     197
     159
     154
     162
     158
     152
     148
     143
     131
     132
     138
     136
     121
     128
     127
     106
     112
     102
     112
     106
     101
     100
      97
      81
      97
      82
      82
      99
      87
      89
      87
      65
      74
      95
      82
      79
      74
      78
      70
      67
      73
      73
      81
      78
      69
      71
      67
      87
      76
      81
      74
      90
      66
      78
      73
      89
      74
      91
      94
      76
      85
      73
      68
      94
      84
      93
      69
      81
      72
      85
      79
      70
      93
      83
      86
      77
      85
      85
      91
      81
      67
      95
     102
      89
      74
      87
      87
      61
      83
      76
      89
      76
      79
      75
      96
      66
      98
      73
      87
      81
     109
      89
      89
      82
      96
      98
      67
      89
     100
      91
      96
      93
      89
      80
      84
      78
      93
     100
      88
      86
      93
      71
      87
      78
      83
      86
     106
      88
      94
      74
     106
      82
      90
      84
      97
      82
      87
     102
      89
      85
      95
      81
      87
      97
     106
     107
     120
     107
      87
     111
      94
     118
     110
     103
     104
     103
      96
     108
     107
     100
     118
      98
     113
     105
     132
     111
     122
     131
     117
     136
     112
     120
     121
     128
     111
     130
     126
     133
     134
     109
     110
     137
     135
     137
     141
     126
     128
     146
     131
     145
     121
     133
     158
     140
     150
     120
     119
     158
     117
     141
     133
     141
     123
     133
     153
     120
     131
     132
     140
     127
     125
     128
     139
     133
     124
     133
     156
     142
     130
     153
     137
     117
     127
     122
     114
     111
     122
     121
     113
     134
     129
     121
     118
     115
     119
     120
     134
     124
     114
     119
     112
     127
     109
     125
     126
     121
     108
     114
     120
     111
     106
     140
     119
     117
     109
     119
     101
     132
     123
     115
      91
     118
     111
     120
     121
     127
     127
     119
     129
      98
      97
     110
     120
     121
     100
     117
     102
      99
     103
      94
      99
      98
     118
     105
     102
     108
      99
     107
      97
     127
      99
     115
     113
     109
     104
     101
     107
     109
      86
      96
      86
     112
     103
      94
      93
     104
     111
     113
     115
     103
     117
      96
      97
     101
      98
     104
     102
     106
      98
      99
      86
     105
      93
     104
      87
     120
      94
     103
      99
     100
      90
      92
      95
      81
      93
      91
      97
      94
      86
      89
      92
      89
     114
     107
      86
     114
     100
      97
     120
      97
      86
      87
     105
     113
      88
      91
      74
     122
     108
     106
     108
      98
      85
      99
     103
     103
     104
      97
      88
     100
      98
     104
     106
      93
     101
     105
     108
      99
      99
      91
      97
     106
      96
      84
     100
      82
     108
      97
     100
      93
      73
      94
      89
     102
      94
     102
      90
      88
      77
     110
      95
      88
     110
      91
     115
     100
     116
      99
     108
     107
      96
      96
     103
      95
     103
      88
      79
      96
      90
     116
     119
     108
     103
      97
     109
      94
     116
      97
     106
     100
      89
      95
      99
      96
     106
     117
      77
     102
      98
     106
      84
      97
      81
     101
      90
     101
     109
      95
     108
     100
      97
      94
     111
      98
     110
     114
      96
     104
     108
     107
     104
     105
      95
     104
      88
     118
     101
     113
      95
     105
     106
      88
     105
     108
      81
     124
     100
     142
     107
     114
     115
     116
      78
     105
     102
      96
     117
     101
     116
     106
     110
     114
     115
     113
     113
     109
      94
     105
     108
     106
      94
     105
     104
      94
      85
      88
     108
     110
     106
     126
      93
      92
     104
     102
     105
      93
     109
      98
     102
     108
      84
      88
      80
      87
     102
      84
      85
     106
     102
      97
      92
      80
      91
      87
      86
      78
     102
      74
      76
      83
      87
      88
      82
      82
      72
      62
      80
      82
      64
      55
      66
      69
      79
      55
      82
      69
      63
      80
      75
      71
      54
      65
      66
      65
      51
      68
      54
      61
      49
      58
      57
      61
      63
      62
      73
      63
      61
      62
      55
      70
      52
      59
      52
      52
      54
      60
      55
      57
      58
      42
      52
      65
      50
      47
      51
      63
      62
      44
      59
      49
      62
      61
      48
      47
      41
      35
      44
      46
      47
      57
      63
      54
      55
      55
      40
      54
      52
      57
      44
      52
      53
      63
      38
      36
      55
      39
      49
      38
      63
      48
      55
      55
      50
      54
      50
      53
      52
      51
      46
      51
      48
      42
      62
      42
      47
      43
      67
      42
      48
      59
      49
      40
      49
      64
      60
      48
      49
      49
      43
      54
      47
      41
      45
      54
      61
      52
      51
      47
      38
      62
      62
      38
      49
      54
      45
      58
      48
      41
      60
      53
      47
      40
      58
      52
      51
      46
      48
      58
      49
      57
      53
      58
      45
      54
      49
      57
      46
      44
      68
      60
      55
      54
      61
      60
      64
      56
      68
      58
      59
      63
      51
      72
      78
      79
      75
      59
      76
      82
      81
      80
      78
      84
      97
      96
     110
     115
     114
     109
     131
     106
     120
     131
     131
     125
     140
     119
     150
     172
     160
     169
     155
     163
     216
     191
     215
     216
     229
     217
     258
     233
     248
     285
     292
     275
     305
     266
     294
     304
     335
     341
     384
     367
     356
     371
     368
     384
     356
     422
     427
     432
     428
     419
     426
     411
     392
     470
     451
     451
     445
     435
     450
     486
     483
     494
     498
     444
     441
     445
     435
     466
     455
     456
     444
     431
     412
     395
     425
     391
     428
     385
     410
     403
     377
     377
     364
     353
     359
     358
     332
     361
     352
     339
     264
     280
     339
     316
     287
     320
     282
     270
     293
     289
     252
     226
     221
     263
     219
     219
     224
     197
     191
     200
     179
     172
     177
     165
     166
     141
     125
     133
     143
     160
     121
     133
      98
     114
     120
     103
      98
      86
      93
      86
      73
      66
      78
      74
      66
      62
      51
      64
      61
      54
      49
      52
      43
      44
      45
      43
      36
      29
      45
      30
      25
      26
      33
      26
      27
      27
      28
      24
      22
      20
      19
      14
      15
      16
      16
      16
      14
       6
       9
      14
       8
       9
      16
       7
       7
      10
       7
       5
      10
       4
       8
       5
       8
       7
       5
       7
       4
       2
       5
       4
       2
       6
       5
       3
       8
       5
       3
       5
       3
       3
       2
       6
       3
       2
       2
       3
       3
       2
       3
       4
       4
       1
       0
       3
       2
       3
       1
       1
       0
       4
       2
       2
       1
       2
       3
       1
       0
       2
       1
       0
       1
       4
       0
       2
       2
       2
       2
       2
       1
       0
       3
       1
       3
       0
       3
       2
       2
       1
       0
       1
       1
       1
       1
       1
       2
       1
       1
       1
       3
       1
       3
       1
       4
       1
       0
       2
       1
       2
       1
       0
       1
       1
       0
       3
       1
       4
       0
       2
       2
       0
       1
       1
       1
       1
       1
       1
       1
       1
       0
       2
       2
       1
       1
       1
       1
       0
       0
       2
       0
       0
       1
       0
       0
       3
       2
       1
       1
       0
       2
       2
       1
       0
       0
       0
       0
       1
       0
       0
       1
       1
       1
       1
       0
       4
       4
       3
       2
       1
       1
       4
       1
       0
       2
       0
       0
       1
       2
       1
       3
       3
       0
       0
       2
       0
       2
       1
       1
       1
       1
       1
       3
       1
       0
       0
       1
       1
       1
       4
       0
       2
       1
       1
       0
       1
       2
       0
       1
       3
       1
       1
       0
       1
       3
       0
       1
       1
       0
       1
       0
       2
       1
       1
       2
       1
       2
       0
       1
       1
       1
       1
       2
       0
       0
       0
       0
       0
       0
       0
       0
       0
       0
       0
       2
       3
       1
       1
       1
       0
       1
       1
       0
       1
       1
       0
       1
       3
       0
       3
       1
       3
       1
       1
       1
       0
       1
       0
       0
       1
       0
       1
       2
       2
       0
       3
       3
       0
       0
       0
       1
       1
       0
       0
       0
       2
       1
       2
       1
       2
       2
       1
       1
       1
       1
       1
       0
       0
       0
       4
       2
       0
       0
       0
       1
       0
       1
       1
       3
       0
       1
       0
       1
       0
       0
       3
       2
       1
       1
       1
       0
       2
       1
       2
       0
       0
       0
       0
       1
       0
       1
       0
       0
       2
       2
       1
       2
       1
       2
       0
       1
       0
       0
       1
       1
       0
       0
       1
       3
       0
       3
       1
       1
       0
       0
       2
       0
       0
       2
       0
       3
       3
       3
       1
       1
       1
       0
       1
       1
       2
       0
       0
       1
       2
       1
       1
       1
       2
       2
       1
       0
       2
       0
       1
       1
       1
       4
       2
       2
       1
       3
       0
       0
       3
       0
       2
       0
       1
       1
       1
       0
       0
       1
       2
       0
       2
       0
       0
       0
       3
       1
       1
       0
       3
       0
       1
       1
       1
       0
       0
       1
       1
       2
       2
       0
       0
       3
       2
       0
       2
       1
       0
       1
       1
       3
       1
       0
       1
       0
       0
       0
       0
       2
       1
       1
       1
       1
       0
       1
       3
       1
       2
       0
       0
       1
       0
       1
       1
       1
       1
       0
       0
       0
       0
       1
       1
       1
       1
       4
       3
       0
       1
       3
       1
       2
       1
       0
       1
       2
       1
       4
       0
       1
       0
       2
       0
       2
       0
       0
       0
       0
       0
       0
       0
       1
       1
       0
       1
       0
       1
       1
       1
       1
       0
       1
       1
       0
       0
       1
       1
       0
       0
       3
       0
       0
       0
       2
       2
       0
       1
       1
       1
       1
       1
       2
       4
       0
       0
       0
       0
       1
       1
       0
       1
       0
       1
       0
       1
       0
       0
       1
       1
       2
       1
       1
       1
       1
       2
       0
       2
       0
       0
       0
       0
       3
       1
       1
       1
       1
       0
       3
       0
       1
       3
       0
       0
       0
       1
       0
       0
       2
       1
       3
       0
       0
       3
       0
       0
       0
       0
       0
       1
       1
       0
       0
       1
       0
       0
       0
       0
       1
       3
       0
       0
       0
       0
       0
       1
       1
       0
       1
       1
       1
       1
       1
       0
       1
       0
       1
       0
       1
       0
       0
       0
       0
       1
       0
       0
       0
       0
       1
       1
       1
       0
       0
       0
       2
       0
       0
       0
       2
       1
       0
       0
       1
       2
       0
       2
       1
       0
       0
       0
       1
       0
       0
       2
       0
       1
       0
       0
       3
       2
       0
       2
       0
       1
       1
       0
       0
       0
       0
       0
       0
       2
       0
       1
       0
       2
       2
       1
       1
       1
       0
       0
       1
       1
       0
       0
       1
       0
       1
       1
       0
       1
       0
       1
       0
       3
       2
       1
       0
       1
       0
       1
       1
       0
       4
       3
       2
       1
       0
       2
       1
       2
       0
       1
       1
       1
       1
       0
       1
       2
       1
       4
       2
       1
       1
       0
       0
       0
       0
       0
       3
       1
       3
       0
       0
       3
       2
       1
       2
       0
       0
       0
       1
       0
       1
       0
       1
       2
       3
       0
       1
       0
       1
       0
       0
       0
       0
       0
       0
       0
       0
       0
       0
       0
       0
       0
       0
       0
       0
       0
       0
       0
       0
       0
       0
       0
       0
       0
       0
       0
       0
       0
       0
       0
       0
       0
       0
       0
       0
       0
       0
       0
       0
       0
       0
       0
       0
       0
       0
       0
       0
       0
       0
       0
       0
       0
       0
       0
       0
       0
       0
       0
       0
       0
       0
       0
       0
       0
       0
       0
       0
       0
       0
       0
       0
       0
       0
       0
       0
       0
       0
       0
       0
       0
       0
       0
       0
       0
       0
       0
       0
       0
       0
       0
       0
       0
       0
       0
       0
       0
       0
       0
       0
       0
       0
       0
       0
       0
       0
       0
       0
       0
       0
       0
       0
       0
       0
       0
       0
       0
       0
       0
       0
       0
       0
       0
       0
       0
       0
       0
       0
       0
       0
       0
       0
       0
       0
       0
       0
       0
       0
       0
       0
       0
       0
       0
       0
       0
       0
       0
       0
       0
       0
       0
       0
       0
       0
       0
       0
       0
       0
       0
       0
       0
       0
       0
       0
       0
       0
       0
       0
       0
       0
       0
       0
       0
       0
       0
       0
       0
       0
       0
       0
       0
       0
       0
       0
       0
       0
       0
       0
       0
       0
       0
       0
       0
       0
       0
       0
       0
       0
       0
       0
       0
       0
       0
       0
       0
       0
       0
       0
       0
       0
       0
       0
       0
       0
       0
       0
       0
       0
       0
       0
       0
       0
       0
       0
       0
       0
       0
       0
       0
       0
       0
       0
       0
       0
       0
       0
       0
       0
       0
       0
       0
       0
       0
       0
       0
       0
       0
       0
       0
       0
       0
       0
       0
       0
       0
       0
       0
       0
       0
       0
       0
       0
       0
       0
       0
       0
       0
       0
       0
       0
       0
       0
       0
$ROI:
1
849 850
$PRESETS:
Live Time
999999
0
$ENER_FIT:
0.000000 0.749264
$MCA_CAL:
3
0.000000E+000 7.492638E-001 0.000000E+000 keV
$SHAPE_CAL:
3
0.000000E+000 0.000000E+000 0.000000E+000
