$SPEC_ID:
none
$SPEC_REM:
DET# 1
DETDESC# GRAD-LAB Easy-MCA-2k SN 14163589
AP# Maestro Version 7.01
$DATE_MEA:
09/12/2016 12:21:05
$MEAS_TIM:
300 302
$DATA:
0 2047
       0
       0
       0
       0
       0
       0
       0
       0
       2
       2
       2
       0
       1
       0
       3
       0
       2
      67
     254
     258
     237
     236
     237
     205
     197
     220
     189
     230
     179
     188
     230
     216
     222
     231
     191
     203
     209
     253
     244
     222
     233
     235
     259
     238
     286
     295
     262
     353
     369
     425
     544
     700
     783
     946
    1176
    1373
    1626
    1938
    1966
    2284
    2234
    2217
    2221
    2094
    2010
    1762
    1629
    1403
    1255
    1106
     972
     842
     683
     717
     622
     583
     510
     403
     418
     372
     354
     321
     311
     329
     294
     323
     301
     312
     309
     306
     291
     289
     299
     278
     308
     283
     270
     258
     306
     300
     316
     290
     285
     287
     274
     300
     295
     286
     280
     312
     286
     287
     317
     296
     325
     327
     343
     325
     372
     338
     366
     428
     353
     441
     421
     454
     492
     472
     553
     561
     584
     582
     587
     592
     644
     625
     609
     658
     594
     553
     589
     604
     551
     533
     571
     514
     528
     464
     486
     473
     450
     433
     379
     384
     376
     407
     403
     430
     393
     377
     372
     387
     334
     346
     330
     309
     300
     298
     305
     304
     295
     310
     298
     283
     317
     291
     285
     288
     288
     271
     284
     301
     292
     329
     285
     275
     297
     271
     286
     273
     263
     322
     294
     275
     316
     293
     307
     259
     292
     295
     296
     292
     311
     289
     287
     290
     325
     334
     256
     299
     294
     308
     290
     315
     306
     308
     279
     311
     308
     314
     344
     316
     329
     305
     306
     314
     308
     283
     280
     292
     270
     303
     301
     281
     327
     299
     324
     314
     326
     339
     294
     334
     287
     288
     308
     310
     289
     323
     314
     328
     322
     349
     312
     316
     310
     302
     325
     297
     313
     299
     332
     342
     312
     357
     310
     323
     355
     340
     360
     312
     337
     361
     338
     345
     357
     318
     381
     355
     332
     399
     376
     402
     344
     399
     384
     356
     417
     396
     397
     378
     413
     399
     395
     395
     421
     399
     427
     405
     419
     462
     437
     430
     442
     481
     439
     399
     448
     442
     422
     471
     442
     484
     394
     469
     433
     431
     441
     396
     445
     441
     415
     453
     476
     433
     427
     410
     440
     467
     468
     447
     451
     457
     451
     414
     444
     434
     409
     376
     395
     416
     421
     398
     394
     430
     389
     409
     411
     401
     386
     385
     407
     413
     397
     415
     443
     407
     449
     452
     430
     418
     378
     390
     428
     410
     398
     429
     445
     393
     381
     393
     384
     368
     404
     401
     424
     430
     391
     399
     367
     409
     420
     418
     423
     440
     403
     411
     372
     416
     395
     434
     408
     375
     397
     430
     431
     399
     430
     415
     441
     423
     402
     409
     406
     378
     420
     454
     408
     423
     383
     430
     413
     400
     456
     422
     374
     412
     404
     381
     477
     420
     399
     416
     393
     387
     399
     448
     391
     427
     439
     397
     433
     384
     408
     423
     401
     380
     391
     352
     410
     457
     429
     411
     401
     427
     418
     444
     397
     446
     390
     373
     408
     392
     413
     436
     399
     414
     406
     367
     426
     409
     409
     406
     376
     389
     435
     417
     396
     403
     384
     408
     404
     462
     390
     411
     373
     413
     414
     418
     453
     436
     422
     398
     412
     417
     423
     391
     375
     387
     429
     402
     440
     390
     398
     464
     412
     412
     390
     382
     414
     407
     394
     386
     450
     469
     402
     415
     386
     418
     421
     396
     376
     384
     414
     431
     421
     402
     383
     439
     442
     415
     399
     425
     389
     416
     450
     417
     437
     428
     384
     362
     413
     434
     392
     433
     379
     472
     463
     428
     431
     384
     417
     404
     420
     395
     425
     413
     421
     414
     421
     447
     375
     433
     395
     443
     440
     419
     417
     428
     436
     424
     464
     409
     467
     430
     425
     437
     424
     456
     459
     454
     403
     453
     429
     431
     433
     453
     448
     462
     458
     416
     440
     480
     457
     490
     456
     444
     455
     432
     467
     461
     466
     391
     441
     422
     477
     438
     467
     430
     471
     421
     459
     451
     468
     420
     442
     467
     473
     437
     476
     433
     452
     458
     469
     436
     419
     437
     444
     448
     400
     426
     437
     409
     383
     418
     412
     366
     358
     419
     414
     393
     394
     390
     413
     384
     366
     373
     359
     386
     325
     345
     367
     337
     380
     312
     316
     314
     333
     296
     325
     300
     311
     319
     267
     269
     269
     274
     272
     236
     291
     278
     256
     252
     247
     260
     235
     246
     233
     243
     208
     265
     239
     227
     208
     222
     198
     201
     179
     214
     219
     205
     195
     208
     203
     179
     179
     192
     193
     184
     172
     185
     161
     167
     147
     196
     180
     166
     158
     180
     169
     175
     165
     178
     164
     160
     162
     152
     174
     154
     157
     137
     176
     135
     153
     132
     157
     136
     175
     135
     148
     129
     147
     148
     135
     147
     135
     118
     137
     138
     138
     117
     122
     131
     118
     116
     114
     120
     123
     122
     139
     111
     124
     123
     117
     125
     133
     133
     103
     121
     114
     124
     124
     130
     110
     124
     102
     120
      90
     100
     108
     123
     125
     107
      96
     118
     111
     110
      92
     119
     116
     109
     129
     116
      96
      99
     104
      89
      84
      95
      96
     108
     109
     104
      96
      99
      99
     107
      95
     105
     124
     120
     122
     124
     112
     114
     126
     120
     139
     149
     134
     150
     151
     157
     164
     191
     191
     189
     232
     229
     257
     260
     277
     264
     303
     304
     345
     362
     386
     452
     396
     495
     520
     565
     578
     635
     630
     711
     780
     789
     777
     865
     908
     932
    1020
    1027
    1117
    1143
    1141
    1255
    1242
    1395
    1421
    1401
    1489
    1460
    1601
    1597
    1620
    1733
    1778
    1856
    2025
    1994
    2067
    2083
    2128
    2129
    2240
    2254
    2310
    2280
    2382
    2371
    2407
    2486
    2431
    2463
    2512
    2512
    2586
    2602
    2498
    2605
    2481
    2585
    2490
    2488
    2466
    2527
    2494
    2492
    2461
    2382
    2295
    2310
    2271
    2291
    2245
    2313
    2144
    2211
    2097
    2043
    1997
    2072
    1890
    1899
    1834
    1896
    1795
    1747
    1665
    1663
    1584
    1588
    1507
    1427
    1405
    1368
    1356
    1336
    1229
    1228
    1247
    1162
    1159
    1117
    1039
    1055
    1037
     946
     938
     877
     885
     839
     864
     790
     730
     696
     703
     616
     623
     678
     602
     578
     553
     569
     554
     486
     480
     479
     454
     417
     428
     433
     358
     328
     371
     372
     317
     332
     283
     315
     261
     280
     254
     240
     226
     247
     213
     227
     210
     196
     182
     148
     163
     159
     159
     151
     130
     114
     139
     128
     103
     122
     115
     100
      98
      76
      85
      88
      83
      75
      63
      68
      69
      57
      61
      56
      64
      68
      42
      41
      44
      54
      34
      44
      39
      26
      31
      29
      35
      28
      31
      26
      24
      15
      29
      18
      27
      19
      19
      19
      23
      15
      17
      24
      21
      14
      15
      16
      13
      10
       8
      11
      16
      18
       9
      22
       9
      15
      11
      11
      11
       5
      12
       9
      16
       9
       8
      11
       8
       8
       7
       8
      10
      11
       5
       6
      12
       5
       6
       5
       7
       5
       6
      10
       6
       5
       6
       8
       3
       8
       7
       3
       4
       1
       3
       5
       8
       6
      10
       7
      10
       6
       7
       5
       5
       2
       5
       5
       4
       5
       3
       8
       3
       4
       3
       6
       3
       7
       4
       2
       2
       4
       6
       5
       7
       3
       4
       5
       5
       5
       5
       1
       3
       3
       1
       5
       1
       0
       1
       4
       3
       1
       6
       1
       3
       0
       7
       4
       1
       1
       0
       5
       8
       3
       4
       1
       5
       7
       6
       5
       7
       3
       5
       4
       2
       4
       2
       7
       2
       2
       5
       1
       6
       0
       3
       3
       2
       3
       4
       1
       2
       5
       3
       3
       1
       2
       2
       5
       2
       3
       2
       4
       1
       0
       0
       2
       5
       1
       3
       2
       4
       4
       4
       1
       2
       1
       1
       4
       6
       4
       1
       7
       2
       1
       2
       4
       6
       4
       4
       1
       4
       2
       2
       2
       4
       5
       1
       3
       2
       7
       3
       2
       2
       5
       0
       2
       4
       4
       4
       2
       2
       5
       2
       2
       7
       3
       1
       1
       3
       2
       3
       1
       2
       2
       3
       4
       2
       4
       2
       4
       5
       3
       3
       3
       5
       2
       3
       3
       3
       0
       5
       3
       2
       2
       2
       6
       3
       1
       7
       1
       4
       0
       4
       4
       1
       6
       4
       4
       3
       7
       4
       1
       5
       3
       1
       5
       6
       4
       4
       3
       1
       1
       2
       4
       5
       6
       0
       0
       3
       7
       6
       4
       6
       3
       1
       3
       2
       1
       4
       4
       1
       6
       3
       3
       5
       2
       4
       0
       3
       0
       0
       5
       5
       6
       2
       3
       6
       1
       3
       4
       5
       3
       4
       3
       2
       6
       0
       2
       1
       2
       1
       4
       1
       6
       7
       2
       4
       5
       5
       2
       3
       2
       4
       3
       0
       5
       1
       2
       2
       4
       8
       5
       3
       7
       6
       2
       4
       2
       2
       3
       2
       4
       5
       5
       4
       3
       2
       2
       4
       1
       2
       2
       2
       4
       4
       3
       0
       2
       1
       2
       5
       2
       2
       6
       5
       4
       2
       5
       3
       4
       1
       3
       0
       1
       6
       3
       5
       3
       3
       4
       2
       5
       1
       5
       1
       5
       1
       0
       1
       2
       4
       3
       3
       5
       1
       0
       0
       3
       0
       4
       1
       6
       3
       0
       2
       0
       2
       1
       2
       1
       1
       2
       1
       5
       0
       3
       2
       3
       1
       3
       4
       1
       0
       3
       3
       6
       0
       5
       3
       1
       1
       2
       1
       0
       0
       2
       4
       1
       2
       4
       4
       1
       0
       3
       2
       1
       0
       3
       0
       3
       4
       2
       1
       3
       2
       0
       1
       4
       1
       3
       0
       1
       4
       2
       2
       1
       1
       4
       2
       3
       2
       0
       1
       0
       1
       1
       2
       1
       2
       2
       1
       3
       2
       2
       2
       3
       3
       5
       2
       0
       0
       0
       1
       1
       0
       1
       3
       3
       2
       0
       4
       3
       0
       3
       3
       1
       1
       1
       3
       2
       5
       0
       1
       4
       5
       3
       3
       1
       2
       2
       0
       2
       0
       0
       2
       0
       0
       3
       4
       1
       2
       3
       2
       3
       2
       0
       1
       3
       2
       2
       2
       0
       2
       4
       2
       2
       2
       2
       3
       2
       0
       1
       4
       1
       4
       1
       1
       1
       0
       0
       3
       6
       1
       2
       1
       2
       2
       5
       1
       1
       1
       1
       2
       3
       3
       2
       3
       1
       3
       2
       3
       0
       4
       1
       1
       3
       2
       4
       1
       1
       3
       0
       2
       2
       3
       5
       3
       1
       2
       4
       3
       6
       3
       1
       4
       1
       3
       4
       1
       2
       3
       5
       3
       2
       3
       3
       2
       1
       3
       3
       3
       2
       3
       1
       1
       1
       3
       4
       0
       5
       0
       1
       1
       4
       4
       1
       0
       2
       2
       2
       4
       2
       2
       1
       1
       3
       2
       2
       0
       1
       3
       0
       4
       1
       3
       1
       2
       5
       4
       2
       3
       1
       3
       6
       2
       1
       1
       2
       5
       1
       1
       1
       3
       1
       3
       2
       2
       0
       3
       4
       2
       2
       3
       4
       0
       1
       2
       3
       2
       0
       1
       2
       3
       2
       2
       2
       2
       0
       0
       1
       4
       2
       5
       0
       5
       1
       0
       3
       2
       0
       2
       0
       1
       1
       0
       1
       3
       1
       3
       3
       2
       1
       2
       2
       3
       3
       1
       0
       0
       1
       1
       2
       2
       1
       3
       2
       1
       0
       1
       0
       1
       1
       0
       0
       2
       0
       1
       1
       1
       0
       1
       0
       0
       2
       0
       1
       0
       1
       0
       1
       1
       0
       0
       0
       0
       0
       0
       0
       0
       0
       0
       0
       0
       0
       0
       0
       0
       0
       0
       0
       0
       0
       0
       0
       0
       0
       0
       0
       0
       0
       1
       0
       0
       0
       0
       0
       0
       0
       0
       0
       0
       0
       0
       0
       0
       0
       0
       0
       0
       0
       0
       0
       0
       0
       0
       0
       0
       0
       0
       0
       0
       0
       0
       0
       0
       0
       0
       0
       0
       0
       0
       0
       0
       0
       0
       0
       0
       0
       0
       0
       0
       0
       0
       0
       0
       0
       0
       0
       0
       0
       0
       0
       0
       0
       0
       0
       0
       0
       0
       0
       0
       0
       0
       0
       0
       0
       0
       0
       0
       0
       0
       0
       0
       0
       0
       0
       0
       0
       0
       0
       0
       0
       0
       0
       0
       0
       0
       0
       0
       0
       0
       0
       0
       0
       0
       0
       0
       0
       0
       0
       0
       0
       0
       0
       0
       0
       0
       0
       0
       0
       0
       0
       0
       0
       0
       0
       0
       0
       0
       0
       0
       0
       0
       0
       0
       0
       0
       0
       0
       0
       0
       0
       0
       0
       0
       0
       0
       0
       0
       0
       0
       0
       0
       0
       0
       0
       0
       0
       0
       0
       0
       0
       0
       0
       0
       0
       0
       0
       0
       0
       0
       0
       0
       0
       0
       0
       0
       0
       0
       0
       0
       0
       0
       0
       0
       0
       0
       0
       0
       0
       0
       0
       0
       0
       0
       0
       0
       0
       0
       0
       0
       0
       0
       0
       0
       0
       0
       0
       0
       0
       0
       0
       0
       0
       0
       0
       0
       0
       0
       0
       0
       0
       0
       0
       0
       0
       0
       0
       0
       0
       0
       0
       0
       0
       0
       0
       0
       0
       0
       0
       0
       0
       0
       0
       0
       0
$ROI:
0
$PRESETS:
Live Time
999999
0
$ENER_FIT:
0.000000 0.749264
$MCA_CAL:
3
0.000000E+000 7.492638E-001 0.000000E+000 keV
$SHAPE_CAL:
3
0.000000E+000 0.000000E+000 0.000000E+000
