$SPEC_ID:
none
$SPEC_REM:
DET# 1
DETDESC# GRAD-LAB Easy-MCA-2k SN 14163589
AP# Maestro Version 7.01
$DATE_MEA:
09/21/2016 13:24:43
$MEAS_TIM:
484 484
$DATA:
0 2047
       0
       0
       0
       0
       0
       0
       0
       0
       0
       0
       0
       0
       0
       0
       0
       0
       1
       7
      13
      13
       9
      11
       7
       4
       6
       8
       6
      11
       9
      12
      11
       8
      11
      11
      10
      18
       9
       5
       8
      10
       9
       9
      12
       5
      17
      16
      12
      13
      14
      10
      21
      18
      17
      18
      19
      22
      15
      18
      14
      28
      24
      23
      14
      13
      12
      16
      19
      14
      14
      15
      22
      18
      19
      25
      13
      15
      24
      17
      18
      20
      22
      23
      23
      18
      19
      22
      19
      16
      24
      17
      20
      19
      18
      27
      24
      22
      15
      19
      16
      20
      26
      27
      20
      28
      33
      25
      28
      27
      32
      26
      43
      29
      27
      28
      37
      32
      35
      32
      42
      48
      43
      45
      51
      58
      54
      47
      42
      80
      56
      45
      76
      48
      64
      74
      81
      66
      74
      61
      85
      82
      77
      72
      73
      70
      67
      67
      77
      58
      60
      77
      57
      53
      75
      56
      71
      64
      55
      62
      56
      51
      58
      57
      64
      56
      50
      50
      48
      70
      48
      45
      41
      52
      55
      48
      54
      52
      42
      46
      45
      54
      50
      57
      60
      49
      51
      48
      39
      48
      43
      39
      61
      58
      39
      38
      46
      41
      52
      37
      64
      39
      53
      51
      57
      47
      64
      47
      33
      39
      54
      54
      69
      48
      57
      50
      52
      41
      52
      48
      56
      45
      45
      51
      57
      53
      53
      49
      45
      46
      60
      35
      40
      43
      38
      51
      35
      33
      46
      55
      38
      54
      48
      40
      62
      44
      32
      44
      60
      49
      34
      39
      40
      43
      34
      42
      42
      45
      42
      49
      43
      45
      42
      41
      39
      49
      36
      60
      38
      53
      39
      37
      33
      40
      42
      43
      37
      50
      39
      47
      39
      42
      47
      47
      33
      45
      47
      48
      45
      41
      32
      45
      31
      49
      42
      43
      30
      46
      37
      44
      42
      36
      32
      36
      42
      35
      42
      48
      48
      39
      45
      35
      40
      30
      46
      34
      44
      35
      39
      41
      32
      26
      35
      39
      39
      48
      37
      42
      30
      28
      28
      29
      32
      32
      44
      41
      44
      35
      39
      28
      47
      33
      33
      36
      35
      32
      31
      27
      36
      32
      27
      26
      38
      30
      26
      36
      33
      39
      29
      36
      29
      36
      35
      26
      25
      33
      39
      34
      39
      38
      24
      32
      30
      24
      32
      25
      34
      21
      28
      27
      32
      26
      25
      34
      40
      38
      32
      26
      32
      24
      32
      28
      30
      31
      34
      38
      33
      31
      26
      35
      22
      25
      29
      37
      33
      25
      30
      21
      34
      29
      31
      37
      28
      27
      20
      24
      32
      29
      31
      31
      27
      25
      23
      29
      25
      27
      18
      33
      24
      30
      15
      26
      21
      24
      23
      25
      19
      25
      36
      28
      28
      27
      25
      26
      19
      26
      34
      21
      27
      22
      16
      31
      28
      33
      23
      25
      17
      21
      28
      27
      18
      10
      23
      15
      19
      28
      37
      23
      21
      15
      17
      25
      23
      23
      32
      26
      28
      25
      24
      19
      31
      26
      34
      26
      31
      31
      18
      10
      25
      24
      21
      33
      23
      29
      29
      18
      32
      20
      28
      20
      31
      18
      25
      20
      25
      31
      30
      40
      25
      38
      24
      29
      26
      30
      18
      22
      21
      31
      29
      26
      27
      33
      23
      31
      31
      28
      30
      27
      35
      27
      18
      35
      35
      26
      21
      39
      35
      27
      43
      41
      30
      50
      31
      31
      40
      35
      26
      38
      36
      34
      38
      45
      44
      31
      34
      38
      32
      38
      36
      39
      46
      43
      34
      44
      30
      37
      47
      37
      38
      42
      36
      35
      43
      37
      42
      41
      34
      52
      18
      46
      36
      47
      43
      42
      54
      26
      40
      41
      36
      38
      41
      47
      46
      46
      42
      47
      47
      48
      53
      41
      37
      41
      42
      43
      39
      45
      50
      41
      38
      41
      48
      39
      43
      43
      37
      42
      42
      29
      39
      39
      38
      41
      41
      41
      41
      27
      39
      22
      21
      42
      35
      30
      44
      32
      28
      44
      20
      29
      32
      30
      35
      33
      31
      27
      14
      46
      40
      16
      28
      29
      22
      29
      23
      24
      24
      19
      28
      21
      15
      20
      23
      19
      20
      15
      12
      20
      21
      11
      14
      22
      11
      17
      10
      15
      16
      16
      12
      18
      15
      18
      18
      16
      16
      20
      11
      12
      14
      14
      11
      12
      13
      12
      13
      12
      19
      11
      18
       9
      13
      11
      11
      14
      11
      15
      14
      11
      14
       9
      14
      15
      17
      18
      11
      10
       9
       8
       8
       7
       8
      19
      11
       7
      11
      16
      11
       6
       8
       9
      10
      13
      10
       5
      14
       6
       7
       9
      14
       9
      10
       6
      15
       4
       6
      11
       9
       7
      10
       9
      11
       8
      11
       9
       7
       7
      11
      10
       5
       8
       9
       4
      12
       5
      11
      10
      11
      12
       7
      14
       9
      16
      14
       9
      12
       6
      11
      10
       7
      11
       5
       8
       4
       7
      12
       5
      11
       8
       9
      13
      10
       9
       7
      11
      12
       9
       8
      12
      15
       9
      13
      10
      10
      15
       7
       7
      12
       4
       8
       9
      15
       6
      13
       8
       5
       4
      12
       4
      12
       7
      12
      12
       6
      12
       9
       7
       5
       9
       8
       8
      11
       8
       8
       7
       9
      13
       7
       6
       8
       6
       4
       9
       8
       4
      11
       7
       7
      12
       5
      11
       6
       9
       9
       6
       9
       9
      14
       6
       3
      11
       5
       4
       9
       7
       9
       7
       6
       9
       6
       5
       8
       5
       9
       9
      15
       9
      10
       9
       7
       7
       9
       7
      11
       7
      11
      12
       9
       5
      10
       7
       6
       4
       4
       4
       9
       8
       6
       9
       9
       5
       7
       8
       9
       2
       8
       7
       9
       1
       8
       5
       8
      11
       6
       5
       8
       6
      10
       8
       7
       6
       7
       7
       3
      12
       6
       5
       5
       6
       7
       4
       8
       7
       5
      11
       7
       8
       5
       4
       5
       5
       6
       4
       9
       4
       7
       3
       4
       9
       2
       3
      10
       5
       7
       5
       7
       3
      10
       7
       5
       5
       0
       9
       9
       9
       4
       8
      12
       4
      10
       8
       7
       9
       7
       5
       6
       9
       2
      11
       8
       6
       7
       5
       6
       6
       6
       7
       5
       5
       3
       8
       6
       4
       2
       6
       5
      10
       5
       6
       6
       7
       7
       5
       4
       3
       4
       3
       3
       1
       5
       4
       7
       3
       5
       6
       6
       5
       1
       9
       4
       2
       9
       7
       6
       6
       7
      12
       7
       7
       6
       7
       4
       6
       8
       5
       4
       7
       2
       7
       7
       5
       5
       4
       7
       5
       3
       3
       4
      10
       7
       9
       7
       8
       6
       9
       2
       7
       5
       2
       6
       5
       5
       2
       9
       4
       4
       3
       5
       4
       2
       2
       2
       5
       6
       7
       2
       3
       8
       4
       7
       4
       8
       8
       1
       3
       8
       8
       3
       7
       3
       8
       1
       3
       6
       7
       6
       4
       7
       7
       8
       4
       2
       5
       5
       3
       6
       8
       7
       1
       6
       5
       4
       3
       3
       4
       2
       6
       2
       2
       4
       7
       7
       6
       1
      11
       4
       8
       7
       5
       1
       8
       2
       7
       5
       5
       3
       4
       4
       6
       1
       2
       1
       4
       4
       5
       9
       1
       6
       5
       9
       1
       3
       3
       5
       4
       7
       3
       9
       3
       6
       2
       5
       4
       5
       7
       8
       4
       2
       2
       3
       6
       5
       3
       8
       2
       6
       4
       8
       6
       5
       5
       4
      10
       8
       4
       7
       3
       3
       9
       2
       5
       4
       3
       5
       5
       7
       6
       4
       1
       3
       4
       4
       2
       9
       4
       2
       4
       3
       2
       9
       3
       8
       3
       4
       7
       5
       5
       5
       3
       1
       8
       8
       7
       3
       2
       4
       2
       7
       4
       3
       3
       5
       4
       8
       5
       3
       3
       7
       6
       5
       3
       5
       4
       3
       1
       3
       3
       3
       6
       7
       7
       3
       1
       6
       1
       4
       5
       6
       5
       4
       8
      10
       9
       6
       2
      11
       7
      10
       4
       3
       5
       4
       7
       1
       8
       6
       6
       5
       3
       3
       4
       9
       2
       6
       4
       6
       3
       4
       4
       7
       2
       2
       4
       3
       6
       6
       6
      10
       4
       2
       4
       3
       3
       8
       6
       5
       3
       8
       1
       7
       7
       7
       3
       4
       5
       6
       5
       1
       4
       5
       2
       2
       3
       2
       5
       3
       6
       2
       3
       8
       8
       4
       6
       3
       7
       7
       4
       8
       5
       4
       3
       5
       7
       3
       4
       6
       5
       4
       5
       5
       5
       9
       6
       3
       5
       4
       2
       7
       6
       5
       1
       4
       5
       9
       3
       7
       3
       6
       8
       6
       8
       3
       4
       4
       7
       8
       3
       5
       0
       3
       4
       3
       3
       2
       5
       4
       4
       3
       4
       2
       3
       3
       1
       4
       2
       5
       0
       3
       6
       4
       6
       4
       4
       4
       2
       0
       7
       4
       4
       4
       2
       4
       2
       2
       5
       5
       2
       4
       1
       4
       6
       6
       3
       3
       4
       2
       3
       4
       4
       3
       1
       2
       1
       4
       5
       3
       3
       2
       2
       3
       2
       4
       3
       7
       5
       1
       1
       1
       5
       1
       5
       2
       4
       3
       2
       4
       0
       0
       2
       5
       2
       4
       4
       2
       3
       2
       4
       3
       2
       2
       7
       1
       3
       1
       4
       8
       3
       4
       0
       1
       4
       2
       3
       0
       2
       1
       4
       0
       3
       4
       0
       2
       1
       2
       5
       4
       0
       1
       3
       2
       1
       6
       5
       1
       5
       1
       0
       5
       1
       1
       3
       3
       2
       2
       6
       2
       2
       2
       2
       5
       4
       0
       0
       3
       3
       1
       1
       2
       3
       2
       1
       1
       5
       2
       3
       3
       2
       1
       1
       1
       0
       2
       1
       5
       1
       3
       2
       5
       4
       4
       3
       2
       1
       3
       2
       3
       2
       3
       4
       4
       6
       4
       3
       2
       3
       2
       3
       1
       2
       2
       3
       1
       1
       3
       3
       3
       2
       5
       2
       1
       2
       3
       1
       2
       3
       5
       6
       2
       4
       2
       1
       4
       4
       3
       3
       2
       4
       5
       2
       3
       6
       6
       6
       4
       5
       6
       4
       6
       3
       4
       5
       2
       5
       3
       6
       3
       5
       6
       4
       7
       8
       6
       6
       4
       2
       4
       3
       5
       5
       7
       4
       5
       4
       4
       3
       3
       4
       4
       0
       1
       4
       3
       4
       5
       3
       1
       3
       4
       5
       4
       7
       7
       8
       5
       7
       4
       4
       4
       3
       7
       5
       5
       5
       3
       7
       6
       2
       3
       5
       0
       2
       3
       4
       4
       2
       4
       4
       4
       4
       1
       0
       6
       2
       2
       6
       4
       2
       5
       7
       2
       5
       4
       1
       3
       1
       8
       0
       3
       2
       3
       3
       2
       4
       1
       3
       1
       4
       2
       3
       0
       2
       3
       3
       1
       2
       2
       3
       2
       8
       2
       0
       3
       1
       2
       5
       3
       3
       1
       0
       2
       5
       0
       7
       4
       1
       1
       1
       4
       3
       1
       4
       1
       3
       2
       1
       1
       0
       1
       1
       1
       1
       5
       0
       0
       0
       1
       2
       2
       3
       1
       4
       3
       1
       1
       2
       1
       4
       2
       3
       1
       0
       3
       2
       0
       2
       3
       1
       1
       0
       2
       1
       0
       0
       0
       0
       0
       0
       0
       0
       0
       0
       0
       0
       0
       0
       0
       0
       0
       0
       0
       0
       0
       0
       0
       0
       0
       0
       0
       0
       0
       0
       0
       0
       0
       0
       0
       0
       0
       0
       0
       0
       0
       0
       0
       0
       0
       0
       0
       0
       0
       0
       0
       0
       0
       0
       0
       0
       0
       0
       0
       0
       0
       0
       0
       0
       0
       0
       0
       0
       0
       0
       0
       0
       0
       0
       0
       0
       0
       0
       0
       0
       0
       0
       0
       0
       0
       0
       0
       0
       0
       0
       0
       0
       0
       0
       0
       0
       0
       0
       0
       0
       0
       0
       0
       0
       0
       0
       0
       0
       0
       0
       0
       0
       0
       0
       0
       0
       0
       0
       0
       0
       0
       0
       0
       0
       0
       0
       0
       0
       0
       0
       0
       0
       0
       0
       0
       0
       0
       0
       0
       0
       0
       0
       0
       0
       0
       0
       0
       0
       0
       0
       0
       0
       0
       0
       0
       0
       0
       0
       0
       0
       0
       0
       0
       0
       0
       0
       0
       0
       0
       0
       0
       0
       0
       0
       0
       0
       0
       0
       0
       0
       0
       0
       0
       0
       0
       0
       0
       0
       0
       0
       0
       0
       0
       0
       0
       0
       0
       0
       0
       0
       0
       0
       0
       0
       0
       0
       0
       0
       0
       0
       0
       0
       0
       0
       0
       0
       0
       0
       0
       0
       0
       0
       0
       0
       0
       0
       0
       0
       0
       0
       0
       0
       0
       0
       0
       0
       0
       0
       0
       0
       0
       0
       0
       0
       0
       0
       0
       0
       0
       0
       0
       0
       0
       0
       0
       0
       0
       0
       0
       0
       0
       0
       0
       0
       0
       0
       0
       0
       0
       0
       0
       0
$ROI:
1
849 850
$PRESETS:
Live Time
999999
0
$ENER_FIT:
0.000000 0.749264
$MCA_CAL:
3
0.000000E+000 7.492638E-001 0.000000E+000 keV
$SHAPE_CAL:
3
0.000000E+000 0.000000E+000 0.000000E+000
