$SPEC_ID:
none
$SPEC_REM:
DET# 1
DETDESC# GRAD-LAB Easy-MCA-2k SN 14163589
AP# Maestro Version 7.01
$DATE_MEA:
09/21/2016 11:55:14
$MEAS_TIM:
185 186
$DATA:
0 2047
       0
       0
       0
       0
       0
       0
       0
       0
       0
       0
       0
       0
       0
       0
       0
       0
       0
       5
      35
      39
      32
      47
      38
      43
      42
      57
      47
      68
      40
      51
      61
      45
      57
      38
      37
      37
      46
      41
      47
      70
      45
      53
      51
      52
      52
      46
      46
      56
      57
      56
      62
      46
      63
      40
      52
      59
      52
      62
      64
      59
      56
      61
      61
      50
      55
      58
      54
      63
      59
      74
      67
      71
      63
      57
      56
      49
      57
      64
      65
      65
      76
      55
      55
      74
      49
      71
      72
      60
      78
      76
      66
      75
      57
      57
      73
      91
      79
      55
      64
      69
      85
      81
      77
      80
      71
      79
      71
      59
      79
      63
      73
      76
      81
      64
      60
      88
      74
      83
      86
      68
      74
      79
      74
      86
      87
      86
      93
      84
      75
     104
      99
      99
     104
     125
     100
     140
     117
     123
     145
     156
     154
     143
     145
     141
     167
     154
     156
     144
     132
     133
     142
     130
     138
     143
     150
     146
     128
     124
     122
     136
     143
     127
     124
     113
     119
     126
     118
     124
     105
      81
     110
     106
     123
     106
     112
      86
     107
     106
     102
      84
     100
      80
      87
      75
      79
      88
      90
      95
      78
      82
      77
      86
     102
      88
      84
     105
      92
      77
      79
      98
      91
     101
     102
      97
      89
      98
      88
      84
      93
     100
     109
     103
     102
     103
     113
      90
      97
      82
     104
      78
      97
     102
      91
     102
     112
      72
      78
      89
      92
      93
     126
      90
      97
      92
      93
      98
      93
     103
      83
     111
     103
      94
      94
      86
      96
      88
      96
      85
     103
     100
     100
      85
     113
      95
     101
      86
      93
     112
     103
     108
     102
     102
     107
      84
      98
      97
      96
     101
      83
      77
     106
      84
      91
     113
     105
      93
     112
     108
      89
     109
     107
     115
     119
      99
      99
     101
     104
     108
     113
     104
      92
      98
     113
     102
     111
     115
     105
      96
     123
     103
     109
      99
     106
     105
     110
     125
     119
     132
     119
     124
     135
     129
     125
     141
     127
     140
     148
     153
     148
     134
     147
     136
     156
     123
     136
     146
     139
     134
     149
     124
     150
     123
     140
     161
     123
     150
     134
     150
     143
     130
     138
     126
     117
     137
     155
     162
     139
     154
     164
     150
     134
     147
     138
     118
     144
     126
     146
     144
     147
     154
     155
     137
     140
     144
     140
     155
     148
     145
     127
     150
     116
     148
     125
     119
     130
     138
     142
     131
     129
     134
     159
     118
     126
     115
     130
     118
     122
     123
     129
     145
     124
     134
     126
     119
     129
     137
     126
     108
     113
     147
      98
     126
     122
     129
     131
     119
     129
     127
     117
     108
     114
     138
     122
     121
     126
     126
     120
     123
     124
     105
     127
     129
     151
     124
     113
     122
     139
     123
     121
     127
     144
     141
     114
     119
     121
     100
     108
     120
     124
     101
     124
     132
     102
     125
     126
     108
     123
     101
     107
     142
     111
     139
     123
     128
     127
     126
     119
     104
     107
     114
     114
     105
     124
     121
     118
      83
     121
     148
     124
     107
      98
     119
     120
     102
     125
     124
     120
     104
     118
     102
     119
     120
     104
     133
     112
     106
     125
     134
     128
     108
     125
     116
     106
     123
     101
     114
     132
     119
     127
     133
     118
     117
      96
     133
     103
     123
     113
     114
     106
      99
     134
     106
     121
     120
     117
      96
     118
     120
     115
     129
     103
     109
     127
     115
     122
     117
     117
     109
     112
     129
     116
     122
     123
     116
      97
     135
     121
     137
     112
     103
     107
     121
      98
     117
     127
     116
     113
     115
     129
      99
     126
     104
     101
     128
     123
     113
     118
     113
     116
     111
     110
     126
     123
     118
     105
     119
     101
     113
     121
     110
     125
     115
     107
     117
     128
     110
     123
     119
     107
     123
     126
     112
     119
     142
     140
     123
     115
     106
     103
      96
     122
     110
     137
     128
     129
     120
     116
     119
     124
     125
     123
     112
     122
     118
     125
     109
     124
     117
     130
     134
     112
     116
     119
     129
     117
     124
     139
     155
     131
     139
     126
     151
     140
     101
     126
     150
     122
     125
     119
     113
     129
     117
     128
     124
     161
     130
     131
     131
     125
     135
     145
     136
     124
     128
     128
     145
     132
     129
     132
     111
     140
     142
     118
     117
     123
     134
     127
     118
     125
     113
     124
     131
     130
     104
     122
     129
     136
     120
     104
     103
     128
     118
     101
     111
     116
     104
     101
     103
     107
     110
     124
     121
     102
     100
      98
     119
      95
     103
      90
      98
      97
      98
     104
      98
     105
      98
      81
      76
      94
      71
      93
      79
      87
      87
      84
      78
      62
      78
      74
      95
      89
      72
      72
      79
      76
      79
      76
      74
      68
      71
      67
      66
      73
      64
      79
      76
      84
      76
      84
      66
      59
      73
      68
      76
      78
      57
      71
      60
      66
      61
      66
      55
      64
      65
      54
      78
      68
      59
      62
      47
      64
      57
      65
      64
      60
      53
      72
      50
      54
      56
      71
      55
      59
      56
      59
      71
      51
      55
      56
      55
      52
      55
      52
      63
      58
      59
      58
      54
      54
      56
      56
      58
      73
      71
      46
      64
      61
      48
      57
      60
      50
      62
      46
      49
      57
      48
      51
      46
      50
      55
      62
      48
      54
      56
      58
      47
      69
      51
      63
      55
      66
      61
      54
      50
      57
      52
      57
      43
      40
      58
      68
      53
      67
      50
      49
      55
      72
      61
      48
      53
      73
      50
      63
      67
      63
      60
      74
      58
      61
      65
      76
      61
      55
      55
      62
      57
      73
      73
      64
      62
      67
      65
      83
      69
      91
      81
      79
     102
      91
     100
     103
      97
      93
     107
      98
     101
      95
     123
     108
     103
     134
     131
     128
     121
     164
     136
     145
     161
     164
     181
     171
     193
     189
     187
     196
     225
     236
     226
     245
     254
     284
     245
     307
     272
     312
     352
     313
     306
     336
     373
     353
     392
     392
     373
     396
     453
     452
     463
     442
     463
     515
     501
     509
     524
     568
     564
     592
     544
     631
     610
     573
     584
     591
     597
     633
     586
     643
     680
     635
     632
     649
     615
     668
     625
     648
     643
     660
     621
     619
     652
     650
     622
     614
     611
     618
     610
     653
     592
     595
     575
     590
     538
     574
     485
     563
     492
     504
     534
     522
     490
     517
     492
     445
     437
     451
     448
     426
     476
     394
     383
     380
     385
     381
     345
     375
     314
     326
     359
     312
     313
     314
     322
     285
     306
     275
     249
     248
     236
     239
     247
     224
     200
     206
     174
     184
     200
     198
     173
     166
     156
     154
     159
     146
     149
     150
     127
     125
     131
     127
     101
     119
      98
     106
     103
     110
      78
      75
      86
      82
      79
      76
      69
      80
      67
      58
      68
      57
      63
      48
      47
      58
      47
      35
      53
      37
      29
      30
      35
      33
      36
      17
      35
      36
      22
      25
      30
      15
      19
      18
      24
      12
      16
      15
      15
      11
      17
      12
      17
       7
       6
       9
      13
      14
       8
      10
       4
       6
       6
       4
       3
       2
       5
       2
       5
       5
       9
       3
       5
       4
       1
       6
       3
       4
       3
       4
       3
       4
       3
       5
       2
       1
       2
       3
       4
       2
       4
       5
       3
       2
       2
       2
       2
       3
       4
       3
       0
       3
       3
       1
       2
       3
       0
       2
       4
       1
       2
       2
       4
       0
       6
       3
       3
       4
       1
       1
       4
       3
       3
       2
       1
       1
       1
       0
       2
       0
       4
       3
       1
       0
       2
       4
       3
       5
       0
       2
       3
       3
       2
       1
       1
       2
       3
       0
       1
       3
       3
       3
       1
       1
       1
       5
       0
       1
       1
       3
       3
       0
       2
       1
       1
       3
       1
       0
       2
       2
       2
       2
       0
       3
       2
       2
       1
       6
       1
       1
       1
       1
       1
       5
       2
       1
       2
       1
       1
       3
       2
       3
       1
       3
       2
       1
       1
       4
       1
       4
       3
       3
       0
       2
       2
       1
       1
       2
       3
       2
       1
       0
       1
       1
       3
       3
       2
       4
       1
       3
       1
       1
       3
       3
       2
       1
       3
       1
       2
       3
       2
       3
       3
       1
       1
       1
       1
       0
       2
       1
       1
       4
       1
       2
       5
       2
       1
       3
       1
       1
       1
       2
       3
       3
       3
       2
       1
       1
       4
       1
       4
       3
       1
       2
       1
       3
       3
       1
       1
       1
       2
       3
       1
       1
       3
       1
       2
       0
       4
       0
       0
       2
       0
       1
       1
       1
       2
       1
       1
       1
       2
       1
       1
       3
       1
       3
       0
       2
       2
       1
       1
       2
       0
       1
       1
       2
       2
       2
       3
       0
       0
       1
       3
       0
       2
       0
       1
       1
       1
       3
       4
       0
       1
       0
       0
       2
       1
       2
       4
       2
       0
       1
       4
       3
       2
       2
       1
       1
       1
       3
       7
       0
       1
       2
       0
       1
       2
       2
       2
       2
       0
       2
       0
       2
       2
       0
       4
       1
       2
       2
       2
       4
       2
       1
       5
       4
       2
       0
       2
       1
       2
       0
       2
       0
       4
       0
       1
       0
       1
       1
       1
       2
       1
       3
       2
       4
       0
       1
       4
       4
       1
       2
       3
       2
       1
       0
       1
       0
       0
       2
       1
       1
       3
       2
       3
       3
       2
       2
       0
       2
       1
       1
       0
       4
       2
       0
       3
       2
       1
       2
       1
       3
       2
       1
       3
       1
       2
       1
       3
       2
       1
       2
       3
       3
       0
       1
       1
       1
       1
       2
       0
       0
       2
       1
       1
       1
       0
       0
       3
       0
       0
       1
       1
       3
       2
       0
       3
       2
       1
       0
       3
       4
       3
       2
       0
       2
       2
       2
       1
       2
       3
       3
       1
       0
       3
       4
       1
       0
       3
       0
       0
       2
       1
       1
       2
       0
       0
       1
       2
       2
       1
       2
       0
       1
       2
       2
       2
       2
       0
       0
       0
       3
       0
       0
       1
       1
       0
       0
       2
       1
       2
       0
       2
       0
       2
       0
       0
       0
       1
       1
       1
       1
       0
       0
       1
       0
       0
       1
       1
       2
       1
       0
       1
       0
       1
       0
       0
       1
       0
       1
       0
       1
       2
       2
       2
       2
       0
       1
       1
       0
       1
       1
       1
       1
       0
       0
       1
       0
       0
       0
       0
       1
       1
       1
       1
       1
       1
       1
       0
       2
       3
       0
       1
       0
       1
       4
       2
       0
       1
       1
       1
       2
       1
       0
       1
       0
       1
       1
       0
       4
       0
       0
       0
       0
       0
       1
       2
       1
       0
       0
       0
       2
       0
       0
       1
       0
       0
       2
       0
       2
       1
       1
       1
       0
       0
       1
       1
       2
       1
       0
       0
       0
       1
       0
       0
       1
       2
       0
       1
       0
       1
       1
       0
       0
       2
       1
       2
       0
       1
       1
       1
       1
       1
       2
       2
       0
       3
       0
       0
       0
       1
       0
       1
       0
       1
       0
       1
       1
       2
       1
       1
       0
       1
       0
       1
       1
       1
       2
       0
       0
       0
       1
       3
       1
       1
       2
       2
       1
       1
       2
       1
       2
       1
       1
       1
       2
       1
       2
       1
       1
       2
       2
       1
       3
       0
       1
       1
       0
       2
       1
       3
       4
       0
       1
       1
       1
       1
       1
       2
       1
       1
       3
       0
       1
       1
       1
       2
       5
       1
       0
       1
       4
       1
       0
       0
       2
       3
       0
       3
       2
       2
       2
       2
       0
       1
       4
       5
       1
       5
       2
       0
       0
       1
       3
       2
       1
       0
       0
       1
       3
       1
       2
       1
       1
       0
       0
       1
       0
       1
       2
       2
       1
       0
       1
       3
       0
       1
       2
       0
       1
       0
       0
       0
       0
       0
       0
       0
       0
       0
       0
       0
       0
       0
       0
       0
       0
       0
       0
       0
       0
       0
       0
       0
       0
       0
       0
       0
       0
       0
       0
       0
       0
       0
       0
       0
       0
       0
       0
       0
       0
       0
       0
       0
       0
       0
       0
       0
       0
       0
       0
       0
       0
       0
       0
       0
       0
       0
       0
       0
       0
       0
       0
       0
       0
       0
       0
       0
       0
       0
       0
       0
       0
       0
       0
       0
       0
       0
       0
       0
       0
       0
       0
       0
       0
       0
       0
       0
       0
       0
       0
       0
       0
       0
       0
       0
       0
       0
       0
       0
       0
       0
       0
       0
       0
       0
       0
       0
       0
       0
       0
       0
       0
       0
       0
       0
       0
       0
       0
       0
       0
       0
       0
       0
       0
       0
       0
       0
       0
       0
       0
       0
       0
       0
       0
       0
       0
       0
       0
       0
       0
       0
       0
       0
       0
       0
       0
       0
       0
       0
       0
       0
       0
       0
       0
       0
       0
       0
       0
       0
       0
       0
       0
       0
       0
       0
       0
       0
       0
       0
       0
       0
       0
       0
       0
       0
       0
       0
       0
       0
       0
       0
       0
       0
       0
       0
       0
       0
       0
       0
       0
       0
       0
       0
       0
       0
       0
       0
       0
       0
       0
       0
       0
       0
       0
       0
       0
       0
       0
       0
       0
       0
       0
       0
       0
       0
       0
       0
       0
       0
       0
       0
       0
       0
       0
       0
       0
       0
       0
       0
       0
       0
       0
       0
       0
       0
       0
       0
       0
       0
       0
       0
       0
       0
       0
       0
       0
       0
       0
       0
       0
       0
       0
       0
       0
       0
       0
       0
       0
       0
       0
       0
       0
       0
       0
       0
       0
       0
       0
       0
       0
       0
       0
       0
$ROI:
1
849 850
$PRESETS:
Live Time
999999
0
$ENER_FIT:
0.000000 0.749264
$MCA_CAL:
3
0.000000E+000 7.492638E-001 0.000000E+000 keV
$SHAPE_CAL:
3
0.000000E+000 0.000000E+000 0.000000E+000
