$SPEC_ID:
none
$SPEC_REM:
DET# 1
DETDESC# GRAD-LAB Easy-MCA-2k SN 14163589
AP# Maestro Version 7.01
$DATE_MEA:
09/12/2016 14:27:06
$MEAS_TIM:
299 300
$DATA:
0 2047
       0
       0
       0
       0
       0
       0
       0
       0
       0
       0
       0
       0
       0
       1
       0
       1
       0
      17
      42
      70
      56
      66
      61
      58
      64
      52
      33
      53
      61
      58
      66
      59
      65
      60
      63
      73
      61
      56
      77
      63
      63
      58
      66
      89
      63
      65
      85
      66
      72
      58
      69
      61
      50
      64
      59
      60
      69
      78
      54
      70
      82
      74
      61
      79
      76
      65
      70
      78
      65
      89
      89
      78
      78
      69
      76
      87
      82
      81
      70
      77
      79
      76
      76
      88
      66
      87
      79
      89
     103
      94
     101
      98
      83
      85
      96
      94
      74
     102
      77
      97
      80
      77
      71
      77
      92
      82
      81
      77
      94
      87
      80
      91
     108
     102
      77
     108
     107
      96
      89
      99
      91
     117
      97
     126
     133
     106
     117
     121
     142
     152
     154
     158
     197
     201
     185
     186
     200
     193
     188
     226
     212
     210
     201
     210
     179
     193
     180
     164
     169
     161
     146
     149
     152
     141
     149
     144
     145
     155
     136
     149
     136
     122
     107
     118
     122
     100
     122
      90
     109
     100
      86
      98
      98
      81
      78
      93
     109
      99
      91
      93
      81
      83
      89
     107
     100
      96
      87
     108
     102
      82
      93
      97
     105
      98
      95
     102
      85
      99
     105
      91
      83
      77
      97
      79
      87
      97
      95
      91
     114
      77
      83
      91
     100
      88
      92
     105
      91
     108
      95
      85
      94
      96
     107
     105
     108
      89
     118
      96
      92
      96
     104
     100
      97
      95
      93
      92
     106
     100
     105
     102
      97
      85
      81
      90
      88
      95
     106
      77
      86
      95
     103
      79
      91
      85
      93
      95
      97
      92
     102
      89
     100
     110
      97
      96
     100
      85
      99
      97
      98
      98
     119
      99
     117
     105
      97
     111
      99
     119
     118
     106
     100
     128
     135
     115
     112
     126
     104
     105
     128
     114
     124
     111
     135
     138
     125
     128
     109
     126
     112
     133
     136
     151
     120
     119
     141
     115
     113
     123
     117
     140
     126
     127
     113
     138
     132
     110
     139
     115
     101
     130
     131
     113
     119
     125
     107
     111
     112
     125
     109
     134
     135
     106
     145
     118
     107
     139
     135
     102
     112
     117
     120
     109
     125
     126
     112
     117
     131
     117
     142
     107
     121
     110
     126
     111
     123
     136
     122
     136
     120
     135
     121
     125
     115
     123
     134
     129
     107
     123
     129
     137
     125
     120
     124
     115
     131
     145
     116
     115
     114
     116
     110
     120
     129
     121
     108
     138
     115
     125
     128
     109
     141
     115
     129
     113
     138
     125
     109
     128
     148
     118
     125
     127
     126
     124
     135
     136
     133
     123
     132
     144
     137
     120
     116
     131
     112
     114
     112
     123
     113
     105
     137
     140
     133
     120
     133
     152
     134
     133
     125
     124
     138
     136
     109
     132
     119
     150
     139
     133
     142
     136
     128
     146
     144
     152
     125
     134
     116
     135
     129
     139
     131
     130
     134
     124
     127
     120
     136
     106
     132
     131
     118
     145
     155
     146
     131
     138
     141
     129
     128
     122
     128
     127
     115
     129
     122
     149
     126
     107
     103
     132
     143
     136
     112
     143
     136
     133
     125
     115
      97
     103
     114
     100
     103
     110
     108
      96
     131
     117
      99
      96
      95
      81
     105
     109
      86
      97
      92
     113
     102
     103
      82
      70
      79
      95
     104
      80
      99
      76
      76
      80
      65
      85
      73
      83
      60
      70
      71
      87
      83
      81
     108
      67
      49
      70
      89
      87
      89
      65
      70
      80
      80
      70
      78
      76
      76
      76
      84
      60
      66
      67
      66
      64
      74
      77
      71
      66
      84
      60
      76
      68
      71
      74
      80
      62
      82
      76
      76
      79
      56
      65
      66
      56
      62
      60
      63
      75
      88
      57
      75
      57
      72
      77
      51
      65
      63
      84
      68
      67
      66
      70
      68
      71
      76
      66
      81
      68
      59
      64
      59
      62
      72
      68
      59
      74
      73
      81
      75
      59
      66
      71
      77
      68
      61
      74
      66
      69
      71
      61
      58
      62
      53
      68
      75
      77
      69
      60
      67
      65
      74
      59
      59
      51
      63
      53
      55
      63
      72
      54
      71
      51
      62
      76
      64
      66
      74
      62
      71
      50
      76
      72
      76
      70
      62
      81
      86
      73
      91
      78
      74
      96
      98
      97
     103
      96
     116
     110
     111
     127
     128
     125
     139
     131
     158
     164
     169
     196
     198
     203
     225
     243
     202
     261
     249
     309
     303
     309
     355
     328
     371
     362
     380
     408
     412
     463
     440
     457
     473
     510
     564
     553
     552
     604
     577
     625
     657
     645
     643
     673
     691
     717
     721
     713
     782
     753
     745
     710
     738
     774
     736
     730
     762
     770
     762
     769
     760
     707
     709
     703
     729
     710
     720
     719
     752
     618
     669
     685
     638
     598
     583
     578
     569
     591
     551
     512
     511
     459
     476
     458
     425
     480
     394
     411
     400
     377
     359
     357
     322
     306
     295
     271
     283
     243
     257
     260
     255
     250
     196
     221
     190
     195
     186
     177
     156
     164
     148
     140
     138
     119
     130
     132
     127
     117
     121
     116
      93
      99
     100
     104
      77
      74
      77
      73
      67
      58
      81
      80
      83
      76
      57
      71
      72
      63
      49
      44
      46
      58
      48
      58
      45
      42
      50
      43
      70
      37
      41
      42
      41
      46
      47
      53
      33
      33
      28
      38
      37
      38
      34
      38
      25
      35
      31
      39
      34
      30
      25
      38
      34
      25
      37
      24
      37
      35
      30
      23
      30
      28
      36
      30
      27
      34
      38
      36
      36
      44
      35
      31
      27
      42
      33
      36
      36
      42
      22
      39
      29
      32
      28
      40
      45
      39
      42
      46
      42
      31
      45
      37
      37
      42
      42
      38
      36
      27
      39
      33
      35
      33
      32
      37
      25
      36
      34
      40
      36
      38
      46
      33
      34
      45
      36
      42
      25
      42
      42
      40
      35
      38
      31
      42
      45
      44
      34
      46
      43
      52
      30
      44
      36
      30
      32
      41
      47
      42
      33
      40
      32
      29
      34
      37
      33
      36
      35
      33
      29
      35
      40
      36
      38
      30
      27
      37
      29
      33
      35
      36
      37
      42
      33
      33
      35
      32
      28
      46
      34
      26
      32
      33
      31
      27
      36
      27
      36
      35
      26
      34
      41
      32
      38
      25
      30
      22
      34
      42
      30
      40
      37
      18
      25
      26
      44
      21
      35
      31
      28
      25
      28
      27
      23
      30
      26
      25
      30
      19
      37
      38
      29
      32
      14
      32
      29
      24
      24
      36
      37
      34
      33
      33
      21
      33
      27
      32
      37
      28
      33
      34
      35
      31
      38
      31
      30
      35
      32
      30
      31
      33
      31
      40
      27
      18
      37
      29
      41
      36
      33
      28
      27
      24
      33
      31
      36
      35
      30
      22
      37
      33
      20
      35
      33
      33
      26
      36
      35
      35
      35
      33
      35
      27
      37
      31
      34
      23
      31
      35
      32
      31
      26
      35
      19
      29
      39
      38
      34
      42
      30
      37
      36
      25
      26
      28
      27
      38
      25
      19
      31
      38
      37
      32
      30
      39
      29
      28
      33
      44
      38
      30
      40
      35
      27
      28
      29
      42
      37
      34
      25
      38
      36
      27
      33
      29
      29
      37
      36
      31
      29
      24
      28
      33
      44
      31
      33
      31
      31
      40
      33
      36
      27
      36
      39
      21
      37
      31
      32
      31
      45
      25
      31
      25
      30
      31
      33
      40
      24
      36
      29
      41
      25
      28
      36
      33
      43
      26
      35
      39
      36
      24
      37
      35
      33
      36
      45
      39
      43
      29
      36
      34
      32
      32
      38
      41
      38
      31
      49
      29
      34
      28
      30
      38
      31
      33
      31
      35
      42
      34
      28
      43
      32
      35
      34
      40
      48
      40
      30
      31
      37
      37
      41
      30
      44
      26
      31
      54
      39
      39
      40
      33
      39
      26
      39
      34
      52
      42
      32
      39
      43
      44
      35
      32
      35
      37
      37
      47
      29
      36
      30
      42
      40
      32
      34
      45
      33
      45
      38
      27
      31
      42
      47
      25
      41
      34
      42
      33
      38
      52
      30
      36
      32
      41
      31
      34
      40
      36
      35
      36
      38
      23
      39
      33
      32
      35
      28
      37
      28
      31
      28
      35
      28
      28
      34
      29
      30
      24
      22
      21
      24
      30
      23
      22
      34
      24
      28
      33
      28
      33
      30
      27
      30
      25
      31
      30
      29
      20
      30
      25
      25
      16
      29
      20
      15
      23
      11
      12
      23
      23
      19
      20
      16
      19
      17
      26
      27
      21
      15
      16
      24
      21
      21
      16
      21
      16
      18
      20
      10
      19
      12
      19
      16
      16
      17
      17
       7
      14
      20
      15
      14
      16
      18
       9
      14
      15
      11
      13
      10
      13
      20
      17
      11
      14
      13
      12
       8
      13
       9
      18
      13
       9
      15
      16
      13
       6
       8
       8
       6
       9
       9
      11
      10
       7
      11
       5
       9
      15
      10
       8
       8
      17
       7
       4
       6
       9
       8
       7
       6
      10
      12
       7
       6
      10
      16
       7
       9
      10
       6
       8
      12
       6
      10
       5
      15
      12
      10
       9
       2
      22
      11
       9
       5
      19
       9
      10
      10
      11
      14
      11
      14
      13
      14
      18
      10
      16
      16
      15
      19
      19
      14
      17
      11
      18
      18
      21
      21
      20
      24
      22
      19
      32
      26
      32
      36
      34
      47
      34
      45
      36
      34
      48
      63
      52
      59
      48
      49
      54
      47
      66
      53
      56
      55
      72
      70
      64
      73
      80
      76
      96
      86
      80
     111
      96
      92
      89
     104
      92
     114
     119
     119
     125
      99
     121
     115
     130
     116
     125
     114
     112
     118
     135
     130
     133
     107
     138
     118
     140
     130
     135
     118
     135
     142
     117
     151
     148
     126
     142
     124
     152
     132
     137
     135
     146
     133
     132
     115
     152
     142
     137
     116
     131
     151
     120
     122
     122
     126
     109
     103
     129
      98
     109
      87
     103
     104
     110
      95
     103
     104
     103
      94
     114
      92
      97
      90
      93
      76
      82
      77
      88
      80
      82
      75
      62
      91
      59
      72
      59
      71
      46
      61
      62
      58
      77
      59
      51
      55
      54
      51
      46
      45
      47
      43
      48
      52
      32
      46
      37
      33
      42
      37
      42
      31
      36
      45
      35
      31
      41
      34
      50
      32
      30
      31
      30
      27
      27
      38
      30
      32
      19
      34
      18
      19
      17
      20
      21
      20
      19
      20
      23
      13
      18
      26
      25
      12
      20
      24
      11
      14
      13
      15
      13
      18
      14
      10
      17
      21
       6
      18
       9
      16
      11
      10
      15
       9
       6
      13
      11
      11
       8
      14
       3
       5
       8
       6
       7
      11
       6
      12
       8
       6
       5
      11
       7
       6
       4
      13
       3
       3
       3
       2
       4
       6
       7
       3
       3
       4
       2
       3
       4
       4
       5
       6
       9
       5
       7
       6
       3
       3
       6
       4
      13
       9
       7
       7
       3
       2
       3
       3
       5
       6
       4
       8
       3
       3
       6
       2
       2
       5
       6
       2
       5
       2
       5
       6
       0
       7
       3
       4
       2
       2
       2
       2
       4
       6
       2
       3
       3
       5
       2
       1
       3
       3
       9
       4
       1
       6
       6
       1
       5
       4
       5
       1
       2
       3
       2
       6
       2
       3
       5
       4
       3
       3
       5
       7
       6
       5
       7
       2
       0
       3
       1
       7
       4
       3
       8
       2
       4
       3
       4
       3
       5
       3
       2
       0
       3
       3
       2
       1
       5
       0
       3
       1
       2
       4
       3
       1
       2
       2
       3
       0
       1
       3
       2
       0
       0
       0
       0
       0
       0
       0
       0
       0
       0
       0
       1
       0
       0
       0
       0
       0
       0
       0
       0
       0
       0
       0
       0
       0
       0
       0
       0
       0
       0
       0
       0
       0
       0
       0
       0
       0
       0
       0
       0
       0
       0
       0
       0
       0
       0
       0
       0
       0
       0
       0
       0
       0
       0
       0
       0
       0
       0
       0
       0
       0
       0
       0
       0
       0
       0
       0
       0
       0
       0
       0
       0
       0
       0
       0
       0
       0
       0
       0
       0
       0
       0
       0
       0
       0
       0
       0
       0
       0
       0
       0
       0
       0
       0
       0
       0
       0
       0
       0
       0
       0
       0
       0
       0
       0
       0
       0
       0
       0
       0
       0
       0
       0
       0
       0
       0
       0
       0
       0
       0
       0
       0
       0
       0
       0
       0
       0
       0
       0
       0
       0
       0
       0
       0
       0
       0
       0
       0
       0
       0
       0
       0
       0
       0
       0
       0
       0
       0
       0
       0
       0
       0
       0
       0
       0
       0
       0
       0
       0
       0
       0
       0
       0
       0
       0
       0
       0
       0
       0
       0
       0
       0
       0
       0
       0
       0
       0
       0
       0
       0
       0
       0
       0
       0
       0
       0
       0
       0
       0
       0
       0
       0
       0
       0
       0
       0
       0
       0
       0
       0
       0
       0
       0
       0
       0
       0
       0
       0
       0
       0
       0
       0
       0
       0
       0
       0
       0
       0
       0
       0
       0
       0
       0
       0
       0
       0
       0
       0
       0
       0
       0
       0
       0
       0
       0
       0
       0
       0
       0
       0
       0
       0
       0
       0
       0
       0
       0
       0
       0
       0
       0
       0
       0
       0
       0
       0
       0
       0
       0
       0
       0
       0
       0
       0
       0
       0
       0
       0
       0
       0
       0
       0
$ROI:
0
$PRESETS:
Live Time
999999
0
$ENER_FIT:
0.000000 0.749264
$MCA_CAL:
3
0.000000E+000 7.492638E-001 0.000000E+000 keV
$SHAPE_CAL:
3
0.000000E+000 0.000000E+000 0.000000E+000
