$SPEC_ID:
none
$SPEC_REM:
DET# 1
DETDESC# GRAD-LAB Easy-MCA-2k SN 14163589
AP# Maestro Version 7.01
$DATE_MEA:
09/12/2016 14:20:51
$MEAS_TIM:
350 351
$DATA:
0 2047
       0
       0
       0
       0
       0
       0
       0
       0
       0
       0
       0
       0
       0
       0
       0
       0
       1
       8
      69
      70
      57
      53
      66
      64
      60
      54
      51
      69
      66
      70
      75
      81
      60
      70
      79
      84
      55
      69
      78
      59
      86
      73
      77
      67
      71
      81
      70
      80
      93
      86
      93
      75
      63
      81
      83
      87
      87
      74
      87
      89
     107
      89
      84
     108
      89
      79
      86
      90
      93
      81
      91
      81
      70
      92
      89
      96
      89
      87
      70
      98
      90
     114
      84
     105
     121
      92
      96
      91
      91
      96
      82
      98
      84
     100
      98
     101
     103
     104
      98
     102
      94
     109
      91
      93
     112
      91
     102
      99
      96
      94
      93
     101
      93
     104
      95
      92
     110
     129
     105
     133
     119
     131
     138
     154
     133
     119
     171
     170
     182
     185
     169
     194
     220
     200
     236
     228
     201
     210
     238
     239
     234
     227
     202
     225
     220
     217
     201
     208
     209
     197
     187
     200
     180
     164
     179
     179
     164
     183
     176
     184
     166
     154
     166
     135
     129
     115
     132
     137
     101
     110
     111
     139
     116
     108
     116
     116
     119
      81
      92
      98
     109
     114
     111
     106
     111
     108
     101
     102
     119
     117
      87
     103
     111
     104
     102
     120
     100
     100
     106
     103
     113
      95
      96
     111
     102
     116
     119
      76
     132
     111
      99
     121
     110
     109
     107
     129
     114
     130
      97
      98
     129
     116
     111
     116
     118
     113
     117
     106
     120
     128
     117
     113
     127
     114
     132
     127
     110
     102
     104
     109
     127
     106
     108
     122
     113
     110
     121
     106
     115
     113
     124
     108
     108
     112
     105
     122
     123
     107
     113
     138
     130
     118
     113
     107
     106
     127
     121
     112
     134
     116
     132
     121
     118
     118
     134
     128
     135
     123
     137
     126
     135
     143
     154
     121
     136
     159
     154
     158
     144
     141
     137
     137
     153
     136
     140
     148
     154
     151
     136
     139
     157
     172
     162
     125
     137
     133
     146
     162
     168
     158
     136
     137
     160
     133
     159
     136
     163
     147
     143
     135
     153
     141
     145
     147
     150
     128
     170
     133
     142
     151
     134
     150
     131
     154
     152
     144
     158
     147
     147
     138
     177
     144
     166
     144
     137
     159
     163
     138
     145
     165
     171
     142
     122
     153
     164
     154
     158
     180
     155
     167
     135
     134
     147
     157
     156
     153
     171
     149
     145
     144
     141
     149
     155
     152
     169
     143
     141
     137
     149
     165
     156
     151
     158
     156
     138
     134
     117
     143
     142
     139
     135
     159
     146
     161
     155
     127
     164
     145
     168
     161
     154
     144
     155
     150
     146
     173
     135
     153
     135
     160
     167
     140
     164
     147
     154
     140
     140
     153
     165
     151
     137
     140
     154
     170
     147
     143
     145
     152
     157
     153
     149
     149
     157
     145
     154
     176
     137
     143
     172
     177
     142
     151
     143
     149
     141
     133
     157
     151
     164
     167
     167
     147
     154
     157
     185
     145
     152
     167
     142
     159
     146
     155
     129
     160
     166
     158
     174
     195
     146
     151
     158
     140
     170
     184
     145
     149
     134
     164
     168
     148
     148
     122
     138
     137
     138
     155
     130
     163
     125
     126
     149
     136
     141
     114
     126
     118
     135
     131
     116
     113
      92
     126
     106
     105
     107
     123
     113
     111
     116
     102
     110
      96
     117
      99
     121
     104
      96
     100
     101
      85
     101
      76
      95
     109
     105
      86
      89
     106
      88
      85
      92
      92
      85
      94
      97
      94
      98
      80
      99
      81
      94
      78
      93
      80
      90
      83
      80
      84
      83
      76
      76
      91
      86
      85
      79
      86
      95
      79
      89
      70
      76
      77
      73
      92
      77
      80
      84
      93
      87
      75
      82
      84
      85
      91
      67
      80
      83
      79
      98
      76
      85
      89
      91
      89
      74
      90
      65
      74
      76
      88
      83
      74
      88
      85
      74
      76
      81
      83
      72
      75
      83
      71
      75
      88
      63
      85
      79
      63
      78
      71
      61
      75
      80
      71
      67
      79
      70
      87
      71
      72
      79
      70
      81
      78
      74
      84
      82
      73
      79
      77
      88
      89
      58
      74
      95
      66
      84
      68
      64
      68
      67
      54
      82
      86
     106
      94
      87
      77
      94
      92
      91
      78
      88
     104
      88
     103
     108
     105
     122
     113
     115
     121
     137
     126
     149
     156
     173
     184
     181
     192
     203
     228
     262
     220
     245
     270
     282
     273
     300
     335
     342
     375
     346
     373
     417
     407
     426
     485
     462
     519
     517
     550
     570
     552
     632
     656
     654
     703
     721
     699
     705
     741
     737
     780
     838
     834
     850
     790
     904
     806
     845
     896
     874
     859
     895
     906
     904
     920
     909
     862
     804
     842
     864
     873
     841
     857
     835
     821
     812
     790
     801
     770
     759
     730
     714
     743
     649
     686
     674
     601
     634
     548
     571
     559
     597
     560
     514
     519
     496
     502
     487
     414
     408
     394
     370
     366
     308
     319
     311
     302
     291
     280
     275
     266
     265
     265
     234
     228
     214
     221
     195
     207
     191
     140
     150
     155
     165
     145
     125
     167
     129
     144
     104
     118
     116
      95
     113
      93
     112
      90
      95
      89
     109
      70
      86
      86
      81
      73
      76
      63
      78
      56
      52
      47
      66
      69
      45
      46
      50
      62
      45
      41
      42
      49
      60
      52
      58
      47
      51
      46
      40
      48
      47
      34
      33
      32
      33
      47
      41
      34
      43
      38
      44
      39
      50
      42
      48
      37
      39
      39
      46
      38
      40
      34
      39
      48
      49
      44
      49
      36
      27
      37
      42
      37
      32
      40
      45
      44
      40
      50
      38
      28
      48
      44
      51
      47
      49
      40
      37
      40
      40
      41
      36
      51
      61
      43
      29
      29
      49
      52
      40
      64
      45
      41
      55
      52
      47
      41
      55
      39
      38
      64
      39
      54
      48
      54
      46
      43
      54
      45
      61
      51
      34
      52
      57
      49
      47
      43
      40
      38
      51
      43
      54
      39
      43
      41
      44
      46
      37
      52
      46
      48
      54
      41
      54
      31
      43
      40
      35
      34
      50
      45
      38
      42
      47
      48
      32
      31
      45
      37
      33
      35
      40
      36
      40
      24
      50
      36
      41
      35
      53
      38
      42
      45
      32
      37
      54
      40
      40
      34
      35
      38
      36
      43
      24
      31
      43
      31
      36
      32
      28
      43
      37
      33
      33
      31
      40
      43
      38
      32
      30
      37
      32
      26
      42
      47
      34
      35
      29
      34
      48
      35
      29
      31
      45
      42
      38
      39
      42
      34
      36
      40
      36
      37
      43
      37
      35
      35
      30
      41
      45
      48
      36
      34
      44
      31
      31
      32
      40
      28
      22
      39
      22
      32
      38
      39
      37
      38
      27
      47
      26
      37
      29
      38
      33
      26
      40
      27
      38
      27
      41
      39
      34
      48
      43
      33
      30
      33
      50
      38
      41
      35
      42
      36
      28
      27
      45
      34
      43
      38
      35
      43
      45
      38
      35
      28
      41
      40
      35
      40
      31
      38
      38
      31
      39
      35
      43
      40
      33
      39
      33
      37
      36
      35
      34
      40
      36
      43
      34
      30
      43
      37
      33
      39
      42
      46
      44
      35
      41
      45
      37
      38
      42
      46
      35
      43
      35
      49
      32
      34
      33
      26
      41
      44
      27
      45
      34
      31
      41
      47
      49
      57
      56
      41
      45
      52
      36
      45
      36
      33
      47
      23
      36
      37
      43
      27
      33
      37
      36
      29
      48
      40
      33
      52
      47
      50
      42
      44
      33
      35
      43
      49
      33
      38
      46
      38
      41
      32
      36
      37
      41
      32
      48
      38
      42
      31
      51
      40
      37
      38
      38
      49
      50
      46
      51
      43
      45
      37
      34
      36
      45
      40
      45
      42
      37
      47
      47
      37
      44
      35
      41
      59
      43
      47
      46
      48
      42
      49
      44
      46
      50
      41
      59
      41
      44
      65
      47
      46
      44
      36
      38
      47
      39
      51
      44
      63
      37
      49
      44
      42
      45
      35
      38
      39
      43
      43
      50
      51
      44
      58
      44
      40
      55
      50
      39
      48
      40
      40
      47
      55
      45
      41
      41
      41
      31
      47
      51
      51
      44
      46
      37
      37
      45
      30
      46
      47
      32
      35
      40
      39
      44
      42
      36
      31
      32
      29
      32
      30
      38
      40
      34
      32
      33
      23
      30
      27
      24
      27
      28
      29
      39
      32
      28
      24
      33
      20
      26
      24
      27
      21
      30
      25
      24
      19
      32
      22
      24
      22
      21
      23
      18
      18
      31
      23
      19
      18
      24
      24
      25
      22
      17
      15
      21
      26
      17
      21
      19
      20
      21
      23
      14
      22
      20
      17
      21
      17
      21
      17
      20
      18
      21
      14
      17
      18
      11
      15
      15
      11
      21
      15
      17
      18
      15
      19
      16
      19
      15
       6
      21
      17
      19
      14
      11
      15
      15
      14
      18
      20
       8
      11
      14
      12
       9
      13
      13
      10
      12
      14
      11
      11
      15
      10
      10
      16
       7
      12
       5
      11
      17
      13
      14
      18
       8
       8
      17
      10
      13
       8
      11
      11
      14
      14
       8
       7
       5
      11
      12
      11
       9
      11
      14
      11
      13
      14
      13
      12
       9
      16
      18
      14
      18
      19
      16
      24
      15
      29
      24
      21
      24
      19
      32
      23
      26
      30
      33
      25
      30
      35
      27
      30
      29
      37
      41
      41
      30
      48
      32
      43
      63
      42
      63
      59
      36
      74
      67
      63
      72
      76
      68
      85
      79
      87
      79
      81
     101
     110
      87
     112
     112
     116
      94
      91
     113
     108
     128
     131
     134
     145
     135
     125
     119
     116
     146
     139
     139
     151
     165
     125
     158
     147
     162
     146
     151
     163
     162
     142
     165
     148
     161
     153
     148
     168
     133
     146
     163
     154
     144
     140
     156
     176
     152
     139
     142
     149
     173
     174
     134
     152
     128
     149
     159
     126
     146
     143
     136
     139
     141
     135
     139
     142
     131
     134
     123
     105
     132
     129
      92
     102
     112
     122
      97
      86
      94
      92
     110
     101
     101
     105
      84
      81
     107
      79
      72
      73
      78
      88
      72
      83
      65
      76
      68
      59
      74
      80
      62
      82
      69
      42
      48
      51
      57
      57
      42
      53
      53
      52
      51
      47
      49
      41
      42
      47
      41
      41
      26
      41
      36
      32
      29
      30
      35
      39
      28
      31
      26
      32
      31
      37
      31
      19
      25
      22
      23
      19
      19
      15
      28
      25
      17
      23
      21
      25
      20
       9
      18
      11
      19
      22
      10
      22
      14
      14
      10
      19
      13
      23
      13
      13
      12
       7
      13
       8
      13
      11
      12
      12
      13
      11
      10
      14
       9
       5
      11
       8
       8
      16
      11
       6
       5
      10
       9
       6
       8
       9
       8
       7
       7
       8
       5
       4
      11
       5
       5
       6
       4
       5
      10
       7
       6
       7
       5
       3
       9
       4
       3
       7
       8
       7
       4
       8
       5
       5
      12
       7
       7
       5
       6
       4
       9
       8
       6
       4
       2
       4
       2
       2
       5
       5
       4
       3
       4
       2
       6
       6
       2
       6
       5
       4
       4
       1
       5
       7
       8
       2
       6
       8
       6
       4
       3
       2
       8
       6
       2
       6
       3
       2
       4
       5
       8
       3
       4
       4
       2
       3
       3
       3
       5
       4
       6
       1
       4
       3
       4
       2
       3
       6
       8
       2
       1
       5
       5
       4
       2
       0
       4
       4
       5
       3
       4
       2
       2
       2
       1
       1
       5
       5
       3
       1
       5
       2
       1
       3
       4
       4
       5
       3
       2
       1
       2
       4
       4
       3
       4
       3
       2
       2
       0
       2
       0
       0
       0
       0
       0
       0
       0
       0
       0
       0
       0
       0
       0
       0
       0
       0
       0
       0
       0
       0
       0
       0
       0
       0
       0
       0
       0
       0
       0
       0
       0
       0
       0
       0
       0
       0
       0
       0
       0
       0
       0
       0
       0
       0
       0
       0
       0
       0
       0
       0
       0
       0
       1
       0
       0
       0
       0
       0
       0
       0
       0
       0
       0
       0
       0
       0
       0
       0
       0
       0
       0
       0
       0
       0
       0
       0
       0
       0
       0
       0
       0
       0
       0
       0
       0
       0
       0
       0
       0
       0
       0
       0
       0
       0
       0
       0
       0
       0
       0
       0
       0
       0
       0
       0
       0
       0
       0
       0
       0
       0
       0
       0
       0
       0
       0
       0
       0
       0
       0
       0
       0
       0
       0
       0
       0
       0
       0
       0
       0
       0
       0
       0
       0
       0
       0
       0
       0
       0
       0
       0
       0
       0
       0
       0
       0
       0
       0
       0
       0
       0
       0
       0
       0
       0
       0
       0
       0
       0
       0
       0
       0
       0
       0
       0
       0
       0
       0
       0
       0
       0
       0
       0
       0
       0
       0
       0
       0
       0
       0
       0
       0
       0
       0
       0
       0
       0
       0
       0
       0
       0
       0
       0
       0
       0
       0
       0
       0
       0
       0
       0
       0
       0
       0
       0
       0
       0
       0
       0
       0
       0
       0
       0
       0
       0
       0
       0
       0
       0
       0
       0
       0
       0
       0
       0
       0
       0
       0
       0
       0
       0
       0
       0
       0
       0
       0
       0
       0
       0
       0
       0
       0
       0
       0
       0
       0
       0
       0
       0
       0
       0
       0
       0
       0
       0
       0
       0
       0
       0
       0
       0
       0
       0
       0
       0
       0
       0
       0
       0
       0
       0
$ROI:
0
$PRESETS:
Live Time
999999
0
$ENER_FIT:
0.000000 0.749264
$MCA_CAL:
3
0.000000E+000 7.492638E-001 0.000000E+000 keV
$SHAPE_CAL:
3
0.000000E+000 0.000000E+000 0.000000E+000
