$SPEC_ID:
none
$SPEC_REM:
DET# 1
DETDESC# GRAD-LAB Easy-MCA-2k SN 14163589
AP# Maestro Version 7.01
$DATE_MEA:
09/12/2016 14:32:29
$MEAS_TIM:
333 334
$DATA:
0 2047
       0
       0
       0
       0
       0
       0
       0
       0
       0
       0
       0
       0
       0
       0
       0
       0
       1
      17
      64
      63
      53
      59
      50
      53
      52
      74
      52
      65
      53
      63
      65
      59
      59
      71
      63
      77
      69
      57
      66
      56
      69
      62
      72
      72
      82
      70
      68
      86
      73
      90
      74
      60
      74
      80
      93
      58
      71
      79
      75
      89
      94
      84
      91
      74
      77
      78
      82
      81
      79
      78
      72
      83
      88
      76
      89
      81
      88
      76
      98
      78
     101
      84
     109
      92
      91
      97
      99
     114
     108
      92
     111
      90
      93
     102
      94
      75
      96
      89
      91
      90
      88
      93
      98
      98
      89
      84
     101
      86
      97
      87
      90
      93
      84
      89
      99
     100
     105
     116
     121
     121
     118
     102
     120
     124
     148
     132
     150
     144
     151
     152
     179
     204
     198
     200
     197
     200
     206
     213
     262
     230
     246
     190
     219
     211
     230
     202
     216
     177
     194
     182
     161
     184
     172
     163
     159
     154
     171
     152
     151
     157
     149
     133
     139
     139
     130
     126
     119
     117
     108
     134
     105
     103
     106
     119
      97
     107
     109
     104
     102
     114
     101
      94
      84
     103
      99
     102
     108
      95
     105
     108
     112
      87
     101
     113
      87
     111
      90
      72
     114
     106
      98
     108
     112
     110
     103
      94
     102
      98
      97
      96
     112
     111
      80
     108
      95
     101
      96
     122
     102
      94
      96
      81
      92
      87
      96
     118
     111
     105
      97
     107
     131
     100
     114
     116
      96
     104
      98
     104
     105
     104
      83
     118
     107
     115
     108
     105
     114
     124
     101
      98
     100
      92
     103
     112
     105
      96
     114
     100
      96
     105
     119
     105
     105
     112
     115
     123
     100
     123
     128
     120
     104
     124
     114
     128
     131
     115
     147
     136
     115
     126
     122
     133
     131
     130
     146
     119
     134
     124
     123
     113
     151
     135
     134
     144
     145
     170
     145
     143
     143
     136
     138
     141
     151
     138
     133
     147
     145
     117
     111
     140
     141
     143
     135
     139
     131
     129
     124
     129
     126
     150
     145
     150
     128
     128
     168
     138
     139
     155
     121
     130
     131
     148
     128
     133
     135
     148
     152
     138
     145
     174
     148
     146
     161
     139
     127
     129
     147
     134
     157
     143
     171
     142
     147
     145
     119
     158
     143
     156
     130
     134
     163
     156
     125
     148
     132
     135
     144
     146
     165
     154
     110
     127
     162
     149
     170
     164
     135
     141
     143
     132
     124
     147
     133
     149
     129
     142
     158
     135
     137
     136
     123
     136
     133
     139
     140
     157
     162
     132
     163
     145
     148
     150
     133
     153
     138
     134
     126
     137
     154
     148
     142
     131
     153
     161
     138
     153
     136
     158
     139
     129
     152
     144
     124
     142
     154
     146
     135
     133
     139
     158
     142
     128
     153
     128
     145
     156
     157
     120
     158
     152
     149
     133
     130
     115
     149
     135
     149
     151
     131
     166
     161
     138
     162
     134
     160
     147
     145
     167
     135
     143
     136
     159
     143
     155
     136
     142
     154
     160
     144
     147
     141
     163
     135
     149
     132
     148
     143
     154
     150
     133
     145
     133
     144
     118
     133
     144
     136
     134
     138
     152
     125
     103
     116
     125
     141
     103
     142
      89
     111
     112
     102
     113
     115
      92
     109
     122
     105
      99
     101
     110
      99
      94
      87
      81
     109
     112
     117
      88
     100
     111
      93
      93
     107
      86
      85
      83
      95
      96
     101
      84
      99
      94
      80
     107
      96
      83
      88
      76
      78
     109
     105
      90
      88
      75
      85
      75
      79
      84
      84
      78
      79
      62
      75
      82
      94
      91
      81
      73
      84
      98
      65
      82
      88
      90
      70
      78
      73
      76
      87
      79
      81
      66
      68
      77
      72
      67
      64
      64
      76
      78
      77
      82
      69
      85
      68
      74
      66
      69
      89
      67
      74
      82
      69
      70
      73
      72
      83
      67
      89
      67
      74
      58
      66
      71
      75
      65
      63
      70
      61
      81
      75
      66
      78
      76
      80
      74
      65
      68
      74
      83
      71
      58
      75
      70
      66
      69
      87
      74
      62
      75
      68
      66
      81
      69
      63
      75
      77
      68
      64
      77
      74
      73
      89
      72
      65
      64
      68
      77
      70
      81
      83
      70
      85
     102
      71
      93
      87
      79
     102
      95
      97
      96
     101
      88
     152
     121
     123
     119
     142
     139
     130
     160
     175
     177
     172
     210
     222
     186
     204
     241
     251
     268
     275
     306
     307
     310
     377
     364
     399
     411
     469
     449
     459
     503
     463
     494
     532
     564
     590
     624
     621
     681
     657
     644
     681
     714
     693
     676
     746
     762
     785
     774
     816
     789
     828
     785
     836
     842
     797
     857
     827
     833
     813
     830
     863
     851
     853
     840
     793
     810
     744
     752
     767
     760
     721
     710
     711
     715
     643
     651
     636
     654
     580
     562
     607
     559
     517
     550
     550
     463
     528
     446
     416
     459
     383
     402
     380
     375
     321
     345
     323
     290
     322
     261
     269
     250
     268
     238
     221
     257
     216
     201
     212
     179
     197
     171
     162
     153
     167
     162
     140
     120
     118
     126
     116
     119
      99
      82
     123
      95
     109
      93
      73
      95
      90
      98
      85
      89
      83
      63
      61
      65
      71
      69
      59
      54
      57
      69
      50
      45
      45
      50
      46
      44
      45
      36
      43
      40
      41
      41
      46
      30
      40
      43
      45
      31
      42
      42
      35
      30
      33
      28
      24
      32
      34
      41
      28
      36
      31
      35
      33
      45
      37
      47
      43
      32
      39
      39
      24
      40
      38
      41
      39
      51
      52
      41
      35
      38
      39
      37
      37
      32
      38
      34
      35
      41
      49
      36
      34
      49
      38
      35
      47
      47
      53
      42
      46
      30
      38
      53
      41
      34
      56
      47
      56
      41
      49
      30
      52
      49
      33
      42
      35
      59
      47
      34
      45
      49
      50
      47
      38
      40
      48
      29
      46
      48
      57
      38
      37
      45
      39
      37
      36
      38
      46
      40
      50
      42
      39
      29
      42
      35
      43
      41
      43
      52
      45
      35
      53
      39
      42
      42
      32
      34
      41
      38
      34
      23
      44
      34
      29
      39
      41
      32
      36
      44
      31
      41
      41
      31
      41
      40
      39
      28
      40
      40
      38
      38
      31
      40
      45
      52
      32
      37
      28
      42
      38
      38
      40
      35
      32
      27
      33
      40
      43
      36
      36
      29
      29
      35
      30
      35
      28
      29
      30
      32
      31
      29
      31
      33
      30
      34
      36
      32
      27
      49
      42
      34
      23
      32
      34
      33
      32
      39
      33
      33
      37
      30
      34
      34
      31
      26
      45
      35
      27
      29
      39
      32
      27
      27
      26
      41
      53
      40
      38
      37
      46
      41
      30
      35
      30
      32
      26
      41
      33
      26
      33
      26
      35
      28
      35
      32
      41
      27
      34
      34
      38
      35
      43
      34
      38
      31
      40
      33
      38
      29
      40
      28
      37
      35
      40
      24
      41
      37
      36
      40
      42
      30
      24
      35
      37
      48
      37
      31
      38
      37
      25
      36
      35
      40
      31
      29
      35
      34
      38
      33
      35
      33
      34
      25
      34
      22
      36
      34
      48
      29
      41
      24
      33
      29
      36
      44
      38
      37
      40
      43
      36
      39
      33
      38
      37
      29
      40
      33
      36
      33
      36
      31
      33
      39
      27
      39
      26
      39
      40
      30
      36
      41
      29
      34
      47
      30
      36
      37
      35
      32
      35
      46
      49
      36
      37
      29
      37
      35
      26
      40
      42
      40
      45
      35
      52
      34
      38
      47
      45
      42
      39
      50
      39
      47
      37
      41
      38
      33
      29
      34
      34
      40
      61
      43
      35
      45
      37
      41
      45
      45
      40
      35
      44
      40
      45
      46
      37
      37
      42
      33
      50
      42
      45
      44
      39
      43
      45
      36
      54
      37
      38
      47
      28
      40
      57
      40
      50
      50
      36
      52
      39
      46
      42
      41
      46
      42
      38
      51
      45
      37
      47
      39
      34
      48
      51
      37
      48
      37
      54
      43
      44
      37
      32
      45
      42
      41
      45
      45
      44
      42
      51
      39
      49
      40
      52
      37
      35
      43
      44
      31
      40
      34
      34
      48
      38
      32
      46
      51
      31
      29
      33
      43
      52
      28
      34
      51
      20
      41
      36
      37
      37
      37
      40
      45
      40
      34
      26
      28
      34
      30
      29
      26
      25
      22
      33
      27
      29
      28
      27
      20
      35
      31
      32
      25
      19
      20
      22
      28
      21
      23
      25
      23
      24
      16
      16
      19
      17
      25
      24
      28
      20
      17
      30
      22
      32
      21
      29
      19
      19
      31
      22
      15
      22
      27
      22
      15
      12
      17
      15
      21
      19
      22
      23
      17
      20
      17
      17
      18
      10
      14
      14
      18
      11
      19
      12
      13
      12
      19
      14
      14
      15
      18
      19
      12
      10
      17
      10
      20
      20
      14
      21
      15
      11
      13
      14
      16
      17
      13
       7
      15
      12
      17
      14
      18
       6
       7
      12
      11
      12
      24
       9
      14
      13
       8
       8
      17
       9
      12
      17
       9
       8
       4
      13
      12
      17
      10
      10
       7
       9
       9
       8
       6
      11
       4
      11
      11
      14
      12
      11
      12
      12
      18
      13
      11
       7
      15
      11
      17
      13
       6
      14
      19
      14
      20
      14
      21
      22
      16
      13
      23
      16
      18
      30
      23
      23
      16
      22
      22
      33
      28
      22
      42
      29
      41
      40
      39
      42
      54
      38
      49
      52
      54
      54
      55
      51
      65
      63
      51
      74
      62
      85
      80
      90
      86
      70
      87
     100
      82
      95
      79
      97
     101
     104
     112
     102
     112
     104
     106
     126
     120
     127
     116
     136
     121
     134
     142
     135
     131
     131
     125
     149
     143
     132
     142
     165
     152
     164
     166
     157
     164
     139
     148
     129
     150
     165
     162
     134
     168
     142
     141
     171
     157
     154
     162
     119
     161
     133
     134
     141
     155
     137
     116
     103
     113
     124
     139
     130
     132
     129
     127
     119
     115
     106
     115
     127
     113
     118
     111
     119
      96
      98
      96
      94
     110
      88
      98
      88
      78
      76
     100
      84
      81
      80
      90
      57
      75
      85
      74
      74
      74
      65
      64
      50
      50
      59
      48
      65
      64
      53
      62
      49
      48
      55
      62
      47
      45
      42
      45
      46
      37
      33
      36
      44
      40
      41
      32
      43
      23
      21
      24
      26
      29
      32
      30
      25
      35
      16
      32
      27
      36
      17
      30
      23
      20
      27
      23
      26
      14
      27
      29
      16
      24
      26
      16
      18
      15
      22
      18
      17
      24
      10
      15
      10
      17
      16
      20
      15
      12
      15
       7
      18
      13
      16
      12
      11
       6
      10
      13
       9
      14
       6
       9
      11
      10
      17
       9
      13
       3
       7
       5
       9
       3
       3
       7
       6
       4
       5
       5
      15
       6
       5
       7
       7
      10
       7
       6
       4
       7
       4
       7
       4
       6
       3
       6
       5
       5
       3
       5
       4
       6
       4
       5
       3
       3
       4
       6
       3
       1
       5
       3
       3
       3
       7
       6
       6
       3
       7
       4
       3
       5
       5
       2
       7
       2
       8
       3
       4
       5
       6
       6
       4
       5
       5
       3
       4
       2
       5
       2
       4
       0
       6
       2
       3
       3
       3
       3
       2
       2
       3
       9
       5
       3
       3
       4
       0
       4
       1
       2
       4
       4
       1
       4
       3
       6
       4
       2
       2
       3
       6
       2
       3
       1
       7
       4
       3
       6
       2
       3
       4
       2
       5
       5
       0
       1
       4
       0
       3
       4
       1
       2
       3
       2
       2
       0
       4
       2
       3
       3
       1
       4
       1
       0
       1
       0
       0
       0
       0
       0
       0
       0
       0
       0
       0
       0
       0
       0
       0
       0
       0
       0
       0
       0
       0
       0
       0
       0
       0
       0
       0
       0
       0
       0
       0
       0
       0
       0
       0
       0
       0
       0
       0
       0
       0
       0
       0
       0
       0
       0
       0
       0
       0
       0
       0
       0
       0
       0
       0
       0
       0
       0
       0
       0
       0
       0
       0
       0
       0
       0
       0
       0
       0
       0
       0
       0
       0
       0
       0
       0
       0
       0
       0
       0
       0
       0
       0
       0
       0
       0
       0
       0
       0
       0
       0
       0
       0
       0
       0
       0
       0
       0
       0
       0
       0
       0
       0
       0
       0
       0
       0
       0
       0
       0
       0
       0
       0
       0
       0
       0
       0
       0
       0
       0
       0
       0
       0
       0
       0
       0
       0
       0
       0
       0
       0
       0
       0
       0
       0
       0
       0
       0
       0
       0
       0
       0
       0
       0
       0
       0
       0
       0
       0
       0
       0
       0
       0
       0
       0
       0
       0
       0
       0
       0
       0
       0
       0
       0
       0
       0
       0
       0
       0
       0
       0
       0
       0
       0
       0
       0
       0
       0
       0
       0
       0
       0
       0
       0
       0
       0
       0
       0
       0
       0
       0
       0
       0
       0
       0
       0
       0
       0
       0
       0
       0
       0
       0
       0
       0
       0
       0
       0
       0
       0
       0
       0
       0
       0
       0
       0
       0
       0
       0
       0
       0
       0
       0
       0
       0
       0
       0
       0
       0
       0
       0
       0
       0
       0
       0
       0
       0
       0
       0
       0
       0
       0
       0
       0
       0
       0
       0
       0
       0
       0
       0
       0
       0
       0
       0
       0
       0
       0
       0
       0
       0
       0
       0
       0
       0
       0
       0
       0
       0
       0
$ROI:
0
$PRESETS:
Live Time
999999
0
$ENER_FIT:
0.000000 0.749264
$MCA_CAL:
3
0.000000E+000 7.492638E-001 0.000000E+000 keV
$SHAPE_CAL:
3
0.000000E+000 0.000000E+000 0.000000E+000
