$SPEC_ID:
none
$SPEC_REM:
DET# 1
DETDESC# GRAD-LAB Easy-MCA-2k SN 14163589
AP# Maestro Version 7.01
$DATE_MEA:
09/07/2016 13:14:42
$MEAS_TIM:
1198 1200
$DATA:
0 2047
       0
       0
       0
       0
       0
       0
       1
       0
       0
       0
       0
       0
       0
       0
       0
       0
       1
      69
     288
     291
     287
     304
     290
     332
     302
     313
     326
     371
     319
     355
     331
     328
     341
     350
     358
     344
     393
     358
     394
     378
     389
     398
     401
     357
     360
     372
     397
     385
     359
     386
     351
     398
     395
     398
     453
     430
     446
     408
     479
     416
     469
     443
     462
     418
     456
     450
     442
     434
     399
     414
     422
     403
     426
     435
     454
     443
     438
     471
     490
     453
     475
     509
     585
     573
     585
     609
     657
     749
     788
     826
     882
    1000
    1008
    1064
    1046
    1058
    1080
    1045
    1011
     995
     930
     929
     854
     864
     798
     832
     799
     835
     735
     709
     672
     673
     590
     566
     579
     577
     559
     535
     512
     516
     521
     474
     487
     437
     478
     482
     445
     454
     515
     459
     446
     515
     501
     492
     496
     483
     506
     519
     514
     497
     530
     492
     512
     513
     506
     502
     499
     532
     507
     517
     509
     487
     511
     514
     477
     509
     520
     510
     501
     491
     552
     531
     531
     522
     511
     482
     516
     480
     522
     492
     503
     492
     468
     496
     548
     530
     545
     501
     534
     566
     518
     550
     506
     535
     551
     572
     593
     581
     600
     541
     624
     572
     591
     627
     613
     625
     639
     586
     639
     661
     657
     650
     661
     674
     691
     604
     620
     622
     688
     645
     618
     619
     636
     625
     643
     633
     657
     653
     625
     636
     614
     679
     613
     668
     642
     664
     629
     661
     649
     669
     630
     604
     675
     631
     659
     650
     636
     648
     632
     687
     666
     645
     614
     633
     704
     646
     649
     624
     626
     668
     650
     632
     652
     693
     632
     639
     653
     657
     680
     668
     664
     678
     648
     680
     687
     640
     632
     670
     660
     689
     685
     703
     649
     695
     644
     670
     662
     691
     614
     676
     625
     625
     651
     630
     686
     685
     648
     640
     690
     691
     673
     637
     667
     703
     648
     722
     650
     650
     693
     732
     681
     689
     694
     714
     691
     753
     689
     691
     713
     709
     704
     663
     676
     679
     663
     664
     708
     722
     690
     715
     760
     665
     738
     602
     685
     673
     673
     637
     652
     658
     637
     589
     623
     575
     630
     650
     583
     570
     574
     594
     549
     549
     528
     523
     537
     490
     538
     498
     513
     478
     523
     478
     487
     437
     487
     435
     450
     454
     481
     443
     420
     449
     430
     439
     430
     412
     422
     397
     443
     430
     405
     432
     434
     438
     379
     376
     421
     411
     386
     378
     403
     404
     374
     375
     356
     417
     399
     409
     410
     368
     396
     354
     388
     373
     351
     333
     356
     398
     399
     340
     405
     339
     368
     368
     379
     376
     340
     368
     369
     376
     394
     349
     349
     328
     346
     354
     327
     347
     351
     351
     345
     370
     364
     348
     333
     331
     322
     359
     368
     330
     330
     353
     395
     319
     370
     342
     340
     356
     337
     341
     333
     331
     370
     383
     373
     419
     388
     378
     456
     422
     460
     521
     489
     533
     526
     564
     582
     648
     688
     689
     804
     897
     897
     989
     993
    1126
    1238
    1254
    1318
    1389
    1509
    1665
    1758
    1827
    1903
    2027
    2166
    2293
    2326
    2495
    2628
    2647
    2721
    2965
    3059
    3115
    3085
    3272
    3295
    3295
    3393
    3454
    3431
    3601
    3549
    3633
    3548
    3533
    3614
    3620
    3458
    3484
    3424
    3322
    3282
    3331
    3213
    3096
    3073
    2956
    2867
    2782
    2715
    2634
    2526
    2424
    2294
    2199
    2086
    2032
    1891
    1900
    1795
    1681
    1537
    1515
    1498
    1414
    1355
    1233
    1283
    1153
    1077
     977
     970
     893
     814
     822
     812
     720
     744
     632
     639
     584
     565
     542
     534
     490
     483
     434
     436
     389
     411
     418
     360
     335
     344
     314
     276
     287
     292
     259
     258
     222
     241
     269
     240
     228
     205
     226
     228
     208
     214
     191
     205
     201
     208
     197
     183
     189
     173
     174
     177
     183
     190
     173
     216
     197
     191
     170
     187
     198
     166
     176
     187
     189
     178
     180
     193
     191
     210
     202
     203
     199
     207
     188
     196
     199
     188
     170
     200
     192
     200
     186
     221
     217
     195
     235
     231
     206
     230
     191
     229
     182
     208
     203
     233
     215
     182
     188
     203
     201
     199
     201
     206
     162
     182
     192
     187
     194
     187
     169
     165
     169
     149
     187
     180
     194
     182
     188
     170
     163
     164
     161
     162
     186
     186
     169
     176
     183
     168
     174
     174
     164
     161
     174
     135
     174
     148
     183
     174
     157
     157
     164
     167
     155
     165
     165
     180
     185
     163
     146
     150
     182
     138
     149
     148
     154
     139
     161
     169
     161
     152
     155
     155
     123
     149
     144
     160
     164
     147
     168
     150
     151
     154
     168
     159
     159
     135
     155
     150
     160
     169
     154
     152
     159
     152
     153
     158
     161
     160
     165
     174
     151
     160
     150
     167
     158
     166
     180
     143
     177
     166
     161
     167
     155
     154
     145
     185
     150
     188
     144
     150
     182
     161
     160
     158
     169
     167
     158
     153
     168
     157
     137
     159
     149
     158
     150
     167
     173
     177
     168
     166
     159
     179
     168
     162
     168
     143
     155
     165
     179
     172
     167
     150
     195
     162
     164
     173
     164
     132
     168
     164
     166
     160
     166
     151
     174
     184
     182
     156
     161
     171
     193
     178
     159
     185
     192
     157
     183
     179
     166
     186
     159
     182
     198
     194
     188
     192
     169
     197
     159
     203
     188
     184
     185
     177
     191
     168
     188
     191
     173
     169
     177
     192
     180
     202
     185
     177
     223
     192
     173
     202
     190
     170
     186
     198
     181
     176
     178
     176
     178
     161
     162
     168
     217
     187
     202
     202
     198
     194
     195
     203
     187
     168
     231
     180
     194
     200
     198
     181
     195
     193
     199
     199
     194
     194
     193
     200
     157
     165
     177
     171
     156
     176
     169
     146
     152
     148
     156
     120
     163
     165
     164
     147
     134
     153
     146
     160
     156
     117
     133
     144
     137
     123
     117
     128
     115
     144
     126
     123
     114
     115
     115
     118
     113
     118
     102
     114
     105
     120
      94
      89
      97
      93
     100
      93
     110
     102
      93
      86
      86
     110
      93
      97
      97
     105
      80
      82
     101
      81
      89
      75
      79
      79
      86
      67
      88
      78
      62
      70
      73
      76
      69
      71
      71
      58
      63
      64
      65
      71
      50
      59
      76
      62
      87
      54
      67
      72
      61
      63
      82
      70
      77
      62
      55
      60
      60
      55
      81
      64
      70
      65
      73
      63
      69
      65
      81
      79
      60
      66
      71
      67
      82
      67
      85
      80
      92
      91
     102
     102
      89
     109
     100
     130
     116
     129
     139
     131
     134
     164
     139
     175
     166
     181
     196
     197
     226
     219
     242
     217
     268
     251
     265
     282
     315
     313
     306
     351
     317
     342
     383
     389
     360
     381
     379
     447
     430
     434
     453
     488
     475
     480
     488
     551
     505
     519
     515
     535
     512
     531
     555
     527
     580
     529
     570
     582
     597
     594
     612
     603
     581
     545
     556
     605
     585
     550
     582
     568
     573
     538
     546
     500
     532
     507
     493
     560
     491
     526
     509
     515
     492
     489
     492
     472
     465
     471
     462
     442
     369
     425
     416
     358
     368
     423
     373
     371
     357
     319
     299
     336
     342
     317
     304
     301
     268
     280
     269
     275
     249
     259
     237
     230
     234
     230
     236
     209
     208
     199
     184
     187
     192
     191
     176
     198
     166
     159
     169
     153
     140
     141
     130
     117
     135
     111
     122
     108
     102
     101
     118
     102
      87
     111
     113
      97
     111
      76
      66
      79
      64
      71
      70
      74
      72
      56
      58
      74
      76
      54
      65
      59
      67
      40
      59
      53
      44
      38
      42
      56
      44
      45
      34
      38
      42
      44
      43
      42
      45
      32
      30
      38
      39
      31
      31
      41
      35
      35
      28
      30
      30
      25
      27
      23
      17
      31
      21
      35
      17
      26
      25
      20
      22
      13
      25
      24
      28
      17
      15
      15
      17
      14
      25
      18
      25
      28
      14
      14
      15
      26
      17
      13
      19
      15
      21
      14
      21
      25
      15
      17
      22
      12
      14
      17
      13
      12
      20
      15
      17
      14
      13
      17
      11
      14
      10
      18
      13
       7
       9
      12
      10
      18
      12
       8
       9
       9
      13
      15
      10
      13
       5
       5
      10
       3
       8
      18
      14
       9
      13
      12
      10
       7
       9
       8
       6
       8
      14
       9
       8
       8
       8
       5
       9
       5
       7
      12
       6
      13
      16
      10
       8
       5
      12
       9
       9
       3
       5
       4
       4
       9
       7
       5
       9
       7
       6
       6
       6
       6
       9
       6
       7
      13
       7
      10
       6
       6
       4
       6
       8
       8
       9
       9
      10
       4
       7
      14
       8
       4
       7
       5
       3
      12
      10
      15
       5
       9
       7
       5
       7
       3
       6
       7
       7
      13
       7
       1
      10
      10
      11
       7
       4
       8
      11
      10
       7
       6
      10
       9
      12
      12
      11
      18
      15
       4
      12
      15
      17
       7
       7
       7
      11
       9
      13
      15
      13
      14
      12
      16
      10
       9
      17
      11
      13
      21
      12
       8
      17
      13
      19
       9
      16
       6
       7
      15
      13
      13
       9
      13
      13
      15
       8
      10
       4
      13
      12
       9
      10
      12
      17
      16
       9
       9
       9
      11
       9
       7
      11
      10
       7
      10
       8
      11
       8
       6
       9
       6
       5
      10
       8
       4
       2
       6
       4
       7
       7
       3
       4
       2
       6
       8
       7
       9
       4
       5
       3
       8
      13
       4
       5
       2
       3
       8
       2
       4
       0
       6
       3
       4
       5
       5
       7
       3
       2
       5
       2
       5
       3
       2
       4
       0
       3
       4
       6
       5
       3
       7
       5
       1
       3
       2
       3
       3
       1
       2
       2
       3
       3
       1
       2
       5
       1
       0
       2
       3
       4
       2
       3
       3
       0
       3
       4
       3
       4
       2
       2
       0
       0
       2
       5
       3
       2
       2
       2
       1
       2
       2
       1
       4
       5
       2
       3
       1
       1
       1
       4
       1
       1
       3
       5
       4
       3
       2
       4
       2
       1
       3
       6
       3
       2
       1
       3
       1
       1
       1
       3
       0
       3
       1
       1
       0
       2
       0
       2
       2
       3
       3
       4
       2
       2
       4
       3
       4
       2
       6
       5
       3
       2
       4
       1
       1
       1
       1
       2
       0
       3
       1
       1
       1
       0
       4
       0
       2
       1
       1
       5
       3
       2
       2
       0
       1
       2
       5
       2
       1
       3
       2
       2
       0
       0
       3
       2
       3
       3
       3
       4
       0
       1
       0
       4
       0
       1
       1
       1
       5
       3
       2
       6
       2
       2
       3
       1
       4
       3
       4
       2
       2
       1
       2
       2
       5
       4
       2
       0
       1
       1
       1
       2
       3
       1
       2
       0
       1
       3
       3
       1
       1
       1
       2
       4
       0
       0
       2
       1
       0
       1
       2
       1
       1
       4
       1
       3
       1
       3
       1
       1
       0
       3
       2
       1
       3
       2
       1
       0
       3
       3
       2
       1
       0
       0
       0
       1
       4
       2
       0
       2
       1
       1
       3
       0
       0
       2
       1
       0
       3
       0
       0
       4
       2
       0
       2
       1
       0
       2
       2
       1
       0
       2
       4
       2
       0
       1
       0
       3
       3
       2
       1
       0
       3
       0
       2
       1
       4
       1
       1
       1
       3
       4
       0
       2
       5
       1
       0
       2
       0
       1
       1
       0
       0
       1
       1
       2
       0
       0
       2
       1
       1
       4
       1
       1
       1
       2
       1
       1
       2
       0
       1
       4
       2
       1
       2
       6
       1
       0
       2
       0
       1
       0
       2
       3
       2
       3
       1
       1
       1
       0
       2
       3
       3
       1
       0
       0
       2
       2
       2
       1
       1
       2
       2
       1
       1
       1
       1
       1
       3
       0
       0
       0
       0
       0
       0
       0
       0
       0
       0
       0
       0
       0
       0
       0
       0
       0
       0
       0
       0
       0
       0
       0
       0
       0
       0
       0
       0
       0
       0
       0
       0
       0
       0
       0
       0
       0
       0
       0
       0
       0
       0
       0
       0
       0
       0
       0
       0
       0
       0
       0
       0
       0
       0
       0
       0
       0
       0
       0
       0
       0
       0
       0
       0
       0
       0
       0
       0
       0
       0
       0
       0
       0
       0
       0
       0
       0
       0
       0
       0
       0
       0
       0
       0
       0
       0
       0
       0
       0
       0
       0
       0
       0
       0
       0
       0
       0
       0
       0
       0
       0
       0
       0
       0
       0
       0
       0
       0
       0
       0
       0
       0
       0
       0
       0
       0
       0
       0
       0
       0
       0
       0
       0
       0
       0
       0
       0
       0
       0
       0
       0
       0
       0
       0
       0
       0
       0
       0
       0
       0
       0
       0
       0
       0
       0
       0
       0
       0
       0
       0
       0
       0
       0
       0
       0
       0
       0
       0
       0
       0
       0
       0
       0
       0
       0
       0
       0
       0
       0
       0
       0
       0
       0
       0
       0
       0
       0
       0
       0
       0
       0
       0
       0
       0
       0
       0
       0
       0
       0
       0
       0
       0
       0
       0
       0
       0
       0
       0
       0
       0
       0
       0
       0
       0
       0
       0
       0
       0
       0
       0
       0
       0
       0
       0
       0
       0
       0
       0
       0
       0
       0
       0
       0
       0
       0
       0
       0
       0
       0
       0
       0
       0
       0
       0
       0
       0
       0
       0
       0
       0
       0
       0
       0
       0
       0
       0
       0
       0
       0
       0
       0
       0
       0
       0
       0
       0
       0
       0
       0
       0
       0
       0
       0
       0
       0
$ROI:
0
$PRESETS:
Live Time
999999
0
$ENER_FIT:
0.000000 0.000000
$MCA_CAL:
3
0.000000E+000 0.000000E+000 0.000000E+000 
$SHAPE_CAL:
3
0.000000E+000 0.000000E+000 0.000000E+000
