$SPEC_ID:
Run01_Am241
$SPEC_REM:
DET# 1
DETDESC# GRAD-LAB Easy-MCA-2k SN 14127175
AP# Maestro Version 7.01
$DATE_MEA:
10/05/2016 14:06:41
$MEAS_TIM:
118 119
$DATA:
0 2047
       0
       0
       0
       0
       0
       0
       0
       0
       0
       0
       0
       1
       0
       0
      22
      32
      19
      17
      13
      12
       3
       4
       6
       4
       1
       4
       7
       3
       6
       3
       1
       4
       4
       1
       3
       2
       2
       3
       3
       3
       2
       3
       1
       4
       1
       0
       2
       2
       5
       2
       4
       0
       0
       1
       3
       3
       3
       0
       2
       2
       2
       0
       1
       1
       1
       0
       1
       5
       0
       3
       1
       1
       0
       0
       2
       2
       2
       0
       3
       1
       0
       3
       2
       0
       1
       0
       0
       2
       1
       1
       1
       0
       5
       3
       1
       1
       1
       1
       1
       1
       2
       1
       0
       0
       3
       2
       1
       1
       1
       0
       2
       1
       2
       2
       1
       1
       3
       2
       0
       2
       1
       1
       2
       1
       2
       1
       1
       1
       2
       3
       1
       1
       1
       2
       3
       0
       1
       0
       0
       2
       3
       1
       1
       2
       3
       1
       1
       1
       3
       2
       2
       1
       1
       2
       1
       1
       0
       0
       0
       2
       0
       1
       2
       3
       3
       1
       1
       3
       1
       0
       1
       1
       3
       0
       2
       0
       1
       2
       0
       2
       0
       1
       4
       2
       0
       1
       6
       2
       0
       0
       0
       0
       0
       2
       2
       2
       1
       2
       5
       2
       5
       2
       4
       2
       1
       5
       1
       2
       2
       0
       2
       0
       3
       0
       1
       3
       1
       1
       1
       1
       1
       1
       1
       3
       1
       1
       0
       0
       2
       0
       1
       4
       1
       2
       2
       2
       2
       1
       2
       1
       5
       2
       4
       3
       0
       2
       3
       1
       0
       0
       3
       2
       2
       2
       2
       2
       0
       3
       1
       3
       1
       3
       3
       7
       6
       5
       1
       7
       1
       2
       5
       3
       2
       2
       4
       5
       2
       2
       1
       1
       1
       0
       0
       1
       2
       3
       0
       2
       2
       4
       7
       2
       1
       3
       1
       1
       4
       0
       5
       3
       4
       7
       4
       8
       6
       7
       5
       2
       8
       6
       7
       9
       4
       6
       7
       4
       3
       2
       4
       2
       3
       2
       1
       4
       4
       2
       5
       4
       6
       2
       5
       4
       7
       3
       6
       4
       4
       3
       3
       2
      10
       6
       2
       6
       2
       2
       1
       4
       3
       3
       1
       4
       5
       5
       3
       4
       3
       3
       6
       1
       6
       6
       2
       1
       6
       3
       6
       6
       2
       1
       8
      10
       6
       5
      11
       5
      14
      12
      11
      19
      18
      22
      38
      42
      38
      64
      60
      42
      62
      57
      45
      34
      19
      20
      20
       8
       6
       2
       4
       3
       4
      10
       3
       4
       4
       6
       1
       3
       1
       3
       4
       4
       9
       2
       1
       3
       1
       4
       6
       3
       1
       1
       4
       3
       6
       5
       0
       2
       8
       7
       3
       7
       3
       3
       6
       6
       6
       7
       7
       8
       8
      12
      12
      11
      10
      13
      16
      22
      24
      26
      27
      28
      38
      35
      44
      52
      49
      38
      44
      25
      26
      20
      23
      16
      13
       9
      12
      15
       8
       8
       8
       5
       8
       3
       8
       7
       4
       9
       8
      15
      15
      13
      24
      23
      20
      21
      30
      25
      28
      20
      15
      23
      20
      10
       6
      10
       5
       5
       3
       3
       6
       4
       2
       4
       7
       3
       2
       7
       2
       1
       3
       3
       3
       1
       4
       2
       5
       5
       6
       7
       7
       3
       7
       7
       7
       8
       6
       4
      12
       6
       3
       6
      12
       8
       6
       8
       9
       6
       4
      12
       3
       8
       3
       8
      10
       9
      15
      12
      15
      19
      15
      11
      13
      25
      23
      22
      32
      43
      42
      55
      64
      63
      78
      87
     122
     125
     160
     189
     179
     230
     221
     215
     222
     224
     189
     153
     133
      71
      59
      39
      38
      25
       9
       5
       2
       5
       5
       4
       1
       6
       2
       0
       0
       1
       1
       1
       5
       6
       4
       1
       2
       0
       2
       2
       3
       1
       1
       1
       0
       2
       0
       1
       1
       3
       0
       2
       4
       2
       2
       2
       4
       0
       3
       3
       1
       2
       0
       1
       5
       1
       0
       5
       0
       3
       4
       2
       5
       3
       3
       4
       6
       5
       2
       4
       7
       5
       6
       7
       7
       8
       8
       7
       6
       4
       5
       6
       6
       8
       3
       3
       5
       4
       6
       7
       2
       6
       4
       6
       2
       3
       6
       3
       7
       7
       8
       5
       5
      13
       8
      10
      17
      15
      15
      19
      23
      32
      29
      41
      43
      54
      43
      56
      47
      38
      52
      40
      40
      35
      34
      22
      29
      22
      20
      15
      14
      18
      13
      18
      15
      17
      17
      22
      16
      25
      26
      27
      33
      50
      43
      59
      71
     106
     101
     137
     147
      92
     138
     111
     112
      90
     107
      71
      77
      47
      43
      35
      28
      21
      11
      17
      10
      11
       5
       4
       8
       4
       3
       1
       1
       4
       1
       1
       0
       0
       0
       1
       2
       2
       2
       4
       4
       2
       1
       2
       3
       1
       1
       2
       4
       0
       1
       2
       1
       0
       0
       2
       2
       0
       0
       0
       0
       0
       0
       0
       0
       0
       0
       2
       1
       1
       1
       0
       0
       1
       0
       1
       2
       0
       1
       2
       3
       1
       0
       1
       0
       1
       1
       2
       0
       0
       1
       0
       3
       0
       3
       0
       0
       2
       1
       2
       0
       1
       1
       3
       0
       1
       0
       2
       3
       4
       4
       2
       2
       2
       2
       5
       4
       7
       5
       3
       5
       6
       6
      10
      16
      12
      18
      22
      21
      23
      23
      24
      20
      14
      14
      13
       9
      11
       4
       7
       3
       4
       3
       6
       1
       5
       4
       5
       4
       4
       6
       6
       5
       9
       9
      10
       7
       4
       7
       5
       8
       8
       1
       3
       2
       2
       0
       2
       2
       1
       2
       1
       0
       0
       1
       0
       0
       3
       0
       2
       1
       1
       2
       0
       1
       2
       1
       5
       1
       0
       3
       0
       0
       2
       0
       0
       1
       1
       0
       0
       0
       0
       0
       0
       0
       0
       0
       0
       0
       1
       0
       0
       0
       0
       0
       0
       0
       0
       0
       0
       0
       0
       0
       0
       0
       0
       0
       0
       0
       0
       1
       0
       0
       0
       0
       0
       0
       1
       0
       0
       0
       0
       0
       0
       0
       0
       0
       0
       0
       0
       0
       0
       1
       0
       0
       0
       0
       1
       0
       0
       0
       0
       0
       0
       0
       1
       0
       0
       0
       0
       0
       0
       1
       0
       0
       0
       0
       0
       0
       1
       0
       0
       0
       1
       2
       0
       0
       0
       0
       0
       0
       0
       0
       3
       1
       0
       0
       0
       0
       1
       0
       0
       1
       1
       0
       0
       0
       0
       0
       0
       0
       2
       0
       1
       0
       0
       0
       0
       1
       0
       0
       1
       0
       1
       1
       0
       3
       1
       0
       0
       0
       1
       0
       0
       1
       0
       0
       1
       1
       0
       1
       1
       0
       4
       1
       5
       2
       2
       1
       4
       6
       5
       9
       7
       7
       7
      11
       9
       9
       9
       4
       4
       1
       6
       0
       1
       2
       0
       1
       0
       0
       0
       1
       2
       0
       1
       0
       0
       0
       0
       0
       0
       0
       0
       1
       0
       0
       1
       0
       1
       1
       0
       0
       0
       0
       0
       1
       0
       0
       0
       0
       0
       0
       0
       1
       0
       0
       0
       1
       0
       0
       0
       0
       0
       1
       0
       0
       0
       1
       0
       0
       1
       0
       0
       0
       0
       0
       0
       0
       0
       0
       0
       0
       0
       0
       0
       0
       0
       0
       0
       0
       0
       0
       0
       1
       0
       0
       0
       0
       0
       0
       0
       1
       0
       0
       0
       0
       0
       0
       0
       0
       0
       0
       0
       0
       0
       1
       0
       0
       0
       1
       0
       0
       0
       0
       0
       0
       0
       0
       0
       0
       1
       0
       0
       0
       0
       0
       0
       0
       0
       0
       0
       0
       0
       1
       0
       0
       0
       0
       0
       0
       0
       0
       0
       0
       0
       0
       0
       0
       0
       0
       0
       0
       0
       0
       0
       0
       0
       0
       0
       0
       0
       0
       0
       0
       0
       0
       0
       0
       0
       0
       0
       1
       1
       0
       1
       1
       0
       0
       0
       0
       0
       0
       0
       0
       0
       0
       0
       0
       0
       0
       0
       0
       0
       0
       0
       0
       0
       0
       0
       0
       0
       0
       0
       0
       0
       0
       0
       0
       0
       0
       0
       0
       0
       0
       0
       0
       0
       0
       0
       0
       0
       0
       0
       0
       0
       0
       0
       0
       0
       0
       0
       0
       0
       0
       0
       0
       0
       0
       0
       0
       0
       0
       0
       0
       0
       0
       0
       0
       0
       0
       0
       0
       1
       0
       0
       0
       0
       0
       0
       0
       0
       0
       0
       0
       1
       0
       0
       0
       0
       0
       0
       0
       0
       0
       1
       0
       1
       0
       1
       0
       0
       0
       0
       0
       0
       0
       0
       0
       0
       0
       0
       0
       0
       0
       0
       0
       0
       0
       0
       0
       0
       0
       0
       0
       0
       0
       0
       0
       0
       0
       0
       0
       0
       0
       0
       0
       0
       0
       0
       0
       0
       0
       0
       0
       0
       0
       0
       0
       0
       0
       0
       0
       0
       0
       0
       0
       0
       0
       0
       0
       0
       0
       0
       0
       0
       0
       0
       0
       0
       0
       0
       0
       0
       0
       0
       0
       0
       0
       0
       0
       0
       0
       0
       0
       0
       0
       0
       0
       0
       0
       0
       0
       0
       0
       0
       0
       0
       0
       0
       0
       0
       0
       0
       0
       0
       0
       0
       0
       0
       0
       0
       0
       0
       0
       0
       0
       0
       0
       0
       0
       0
       0
       0
       0
       0
       0
       0
       0
       0
       0
       0
       0
       0
       0
       0
       0
       0
       0
       0
       0
       0
       0
       0
       0
       0
       0
       0
       0
       0
       0
       0
       0
       0
       0
       0
       0
       0
       0
       0
       0
       0
       0
       0
       0
       0
       0
       0
       0
       0
       0
       0
       0
       0
       0
       1
      81
      80
      15
       0
       0
       0
       0
       0
       0
       0
       0
       0
       0
       0
       0
       0
       0
       0
       0
       0
       0
       0
       0
       0
       0
       0
       0
       0
       0
       0
       0
       0
       0
       0
       0
       0
       0
       0
       0
       0
       0
       0
       0
       0
       0
       0
       0
       0
       0
       0
       0
       0
       0
       0
       0
       0
       0
       0
       0
       0
       0
       0
       0
       0
       0
       0
       0
       0
       0
       0
       0
       0
       0
       0
       0
       0
       0
       0
       0
       0
       0
       0
       0
       0
       0
       0
       0
       0
       0
       0
       0
       0
       0
       0
       0
       0
       0
       0
       0
       0
       0
       0
       0
       0
       0
       0
       0
       0
       0
       0
       0
       0
       0
       0
       0
       0
       0
       0
       0
       0
       0
       0
       0
       0
       0
       0
       0
       0
       0
       0
       0
       0
       0
       0
       0
       0
       0
       0
       0
       0
       0
       0
       0
       0
       0
       0
       0
       0
       0
       0
       0
       0
       0
       0
       0
       0
       0
       0
       0
       0
       0
       0
       0
       0
       0
       0
       0
       0
       0
       0
       0
       0
       0
       0
       0
       0
       0
       0
       0
       0
       0
       0
       0
       0
       0
       0
       0
       0
       0
       0
       0
       0
       0
       0
       0
       0
       0
       0
       0
       0
       0
       0
       0
       0
       0
       0
       0
       0
       0
       0
       0
       0
       0
       0
       0
       0
       0
       0
       0
       0
       0
       0
       0
       0
       0
       0
       0
       0
       0
       0
       0
       0
       0
       0
       0
       0
       0
       0
       0
       0
       0
       0
       0
       0
       0
       0
       0
       0
       0
       0
       0
       0
       0
       0
       0
       0
       0
       0
       0
       0
       0
       0
       0
       0
       0
       0
       0
       0
       0
       0
       0
       0
       0
       0
       0
       0
       0
       0
       0
       0
       0
       0
       0
       0
       0
       0
       0
       0
       0
       0
       0
       0
       0
       0
       0
       0
       0
       0
       0
       0
       0
       0
       0
       0
       0
       0
       0
       0
       0
       0
       0
       0
       0
       0
       0
       0
       0
       0
       0
       0
       0
       0
       0
       0
       0
       0
       0
       0
       0
       0
       0
       0
       0
       0
       0
       0
       0
       0
       0
       0
       0
       0
       0
       0
       0
       0
       0
       0
       0
       0
       0
       0
       0
       0
       0
       0
       0
       0
       0
       0
       0
       0
       0
       0
       0
       0
       0
       0
       0
       0
       0
       0
       0
       0
       0
       0
       0
       0
       0
       0
       0
       0
       0
       0
       0
       0
       0
       0
       0
       0
       0
       0
       0
       0
       0
       0
       0
       0
       0
       0
       0
       0
       0
       0
       0
       0
       0
       0
       0
       0
       0
       0
       0
       0
       0
       0
       0
       0
       0
       0
       0
       0
       0
       0
       0
       0
       0
       0
       0
       0
       0
       0
       0
       0
       0
       0
       0
       0
       0
       0
       0
       0
       0
       0
       0
       0
       0
       0
       0
       0
       0
       0
       0
       0
       0
       0
       0
       0
       0
       0
       0
       0
       0
       0
       0
       0
       0
       0
       0
       0
       0
       0
       0
       0
       0
       0
       0
       0
       0
       0
       0
       0
       0
       0
       0
       0
       0
       0
       0
       0
       0
       0
       0
       0
       0
       0
       0
       0
       0
       0
       0
       0
       0
       0
       0
       0
       0
       0
       0
       0
       0
       0
$ROI:
0
$PRESETS:
None
0
0
$ENER_FIT:
0.000000 0.000000
$MCA_CAL:
3
0.000000E+000 0.000000E+000 0.000000E+000 
$SHAPE_CAL:
3
0.000000E+000 0.000000E+000 0.000000E+000
