$SPEC_ID:
Run01_Am241
$SPEC_REM:
DET# 1
DETDESC# GRAD-LAB Easy-MCA-2k SN 14127175
AP# Maestro Version 7.01
$DATE_MEA:
10/05/2016 13:27:24
$MEAS_TIM:
398 402
$DATA:
0 2047
       0
       0
       0
       0
       0
       0
       0
       0
       0
       0
       0
       0
       0
       0
      52
      54
      41
      20
      14
      14
      13
      14
       3
      10
       5
       4
       5
       9
       3
       5
       7
       5
       6
       4
       4
       6
       8
       2
       4
       9
       7
       5
       5
       4
       6
       4
       5
       4
       4
       6
       3
       6
       1
       3
       5
       2
       1
       4
       2
       6
       3
       3
       8
       4
       2
       3
       5
       5
       3
       0
       3
       6
       2
       2
       5
       4
       3
       3
       3
       3
       2
       4
       3
       4
       3
       6
       2
       2
       2
       6
       5
       4
       6
       2
       3
       2
       4
       3
       4
       1
       5
       3
       4
       5
       4
       1
       6
       7
       4
       3
       5
       4
       6
       5
       7
       2
       4
       4
       6
       6
       4
       4
       3
       5
       6
       3
       3
       0
       0
       3
       3
       5
       7
       6
       1
       7
       4
       4
       8
       3
       1
       1
       4
       4
       3
       7
       5
       3
       6
       4
       4
       3
       2
       5
       4
       4
       3
       7
       3
       4
       7
       6
       5
       5
       6
       5
       1
       6
       2
       4
       3
      11
       4
       6
       2
       5
       7
       5
       4
       5
       8
       9
       5
       9
       3
       8
       7
      11
       4
       5
       3
       7
       7
       7
       8
       3
      10
       8
       9
       9
       9
       8
       5
       7
       3
       9
       2
       4
       6
       7
       7
       4
       8
       6
       4
       2
      10
       8
       7
       8
       4
       8
       2
       5
       7
       9
      14
       4
       9
       5
       9
       4
      10
       8
       6
       8
       7
       4
       9
       4
       6
       7
       9
       3
       7
       7
       9
       5
       5
       8
      10
       6
      10
       4
       9
       2
       6
      12
       5
      12
      12
       8
      19
      11
      15
      14
       8
      12
      12
       4
       8
       7
       9
       6
       9
      12
       9
       6
       5
       5
       5
       8
       6
      10
       7
       5
       5
      12
      12
      14
       9
       6
       8
       6
      12
       5
       9
      10
      11
      13
      15
       8
       9
      24
      22
      17
      17
      16
      31
      26
      23
      16
      19
      11
      14
       6
       6
      11
       8
       9
       7
       7
      13
       8
       5
      11
       8
       7
      10
       6
       9
       8
       6
       5
      11
      13
      17
      15
      17
      21
      14
      13
      17
      18
      17
       8
      10
      13
       9
      15
       9
       7
      14
       9
       9
      11
      10
      13
      11
      15
      12
       6
      16
      19
      16
      16
      14
      12
      21
      16
      15
      14
      24
      27
      24
      20
      27
      30
      47
      43
      64
      73
     110
     116
     131
     167
     189
     179
     170
     172
     152
     104
      86
      69
      51
      40
      24
      20
      18
      11
       9
      11
       9
      15
      11
      16
      14
      14
      15
      17
       5
      11
       8
      14
       7
       5
       4
      10
       7
      11
       9
      11
       6
       9
       5
      10
       9
      10
      13
      11
      12
      16
      14
      16
      18
      16
      16
      22
      17
      26
      18
      33
      29
      38
      51
      50
      63
      70
      69
      85
     106
     113
     121
     130
     135
     131
     143
     134
     135
      91
      98
      89
      69
      67
      52
      38
      40
      27
      18
      22
      21
      28
      12
      20
      18
      19
      24
      23
      26
      25
      33
      34
      66
      56
      72
      72
      84
      77
      53
      66
      70
      54
      53
      34
      26
      29
      27
      17
      13
      10
      25
       8
      15
      11
      12
      11
      12
      15
       6
       6
      16
       7
       8
      13
      12
      15
      17
      13
       6
      13
      12
      11
      11
      13
      15
      18
      12
      22
      25
      33
      25
      25
      32
      23
      20
      18
      18
      18
      22
      30
      29
      20
      17
      21
      30
      25
      39
      33
      25
      38
      38
      47
      49
      47
      61
      75
      70
     107
     107
     132
     181
     219
     255
     303
     334
     415
     502
     536
     671
     686
     794
     769
     741
     698
     614
     499
     435
     315
     213
     146
      87
      67
      51
      22
      25
      21
      13
       5
      10
       6
       5
       4
      12
       8
       6
       8
       7
       8
       9
       4
       5
       4
       3
       8
       5
       3
       3
       6
       7
       5
       8
       3
       7
       3
       5
       8
       3
       6
       7
       4
       5
       3
       6
       5
       7
       5
       5
       6
       2
       3
       5
       9
       2
       6
      10
       3
       5
       6
       9
      10
       6
       9
      16
      18
      25
      18
      17
      16
      23
      27
      24
      24
      22
      29
      17
      13
      21
      25
      16
      18
      14
      17
      21
      21
      12
      17
      17
      13
      13
      14
      19
      14
      12
      17
      15
      25
      21
      25
      31
      27
      35
      53
      69
      75
      79
      88
     110
     143
     139
     148
     148
     149
     141
     133
     128
     129
     120
     119
      97
      78
      75
      73
      64
      59
      52
      49
      30
      27
      32
      35
      42
      48
      59
      62
      81
      81
     127
     151
     184
     200
     272
     308
     352
     386
     435
     421
     403
     410
     378
     329
     268
     221
     193
     127
     116
      91
      76
      73
      61
      59
      42
      20
      22
      13
      11
       4
       8
       1
      11
       5
       5
       1
       3
       1
       4
       3
       4
       6
       5
       9
       2
       9
       6
       2
       9
       2
       8
       8
       6
       8
       4
       7
       3
       4
       5
       2
       2
       1
       3
       1
       0
       3
       2
       1
       1
       3
       1
       3
       3
       0
       2
       5
       0
       1
       1
       2
       3
       2
       1
       3
       3
       4
       2
       1
       2
       2
       2
       1
       1
       2
       3
       3
       3
       2
       5
       4
       8
       3
       6
       6
       2
       6
       3
       6
       1
       3
       5
       4
       5
       3
       2
       2
       7
       6
       6
       5
       7
      18
      12
      17
      20
      31
      23
      33
      41
      43
      59
      54
      63
      75
      55
      68
      64
      40
      39
      36
      25
      27
      21
      11
      21
      15
      19
      12
      19
      12
      17
      17
      18
      15
      16
      18
      21
      13
      25
      22
      20
      17
      15
      18
      11
      10
       8
       6
       6
       7
       5
       5
       0
       2
       3
       2
       4
       2
       3
       0
       2
       2
       1
       2
       2
       5
       4
       6
       3
       1
       3
       4
       5
       7
       5
       5
       4
       2
       3
       4
       0
       3
       0
       0
       3
       0
       1
       1
       0
       0
       0
       0
       0
       0
       0
       2
       0
       1
       0
       0
       0
       1
       1
       0
       0
       0
       1
       0
       2
       2
       1
       0
       0
       1
       0
       1
       0
       1
       0
       0
       0
       0
       0
       0
       0
       1
       0
       0
       1
       0
       0
       0
       1
       0
       0
       0
       0
       0
       1
       0
       2
       2
       0
       1
       0
       0
       0
       0
       0
       0
       1
       0
       1
       1
       1
       2
       1
       0
       1
       1
       1
       0
       0
       0
       0
       1
       0
       0
       0
       0
       1
       0
       2
       2
       0
       0
       2
       1
       0
       1
       2
       3
       1
       2
       2
       0
       0
       1
       2
       0
       0
       0
       0
       1
       1
       0
       1
       3
       0
       1
       4
       2
       0
       2
       2
       1
       0
       1
       2
       0
       1
       2
       0
       0
       1
       3
       0
       2
       3
       1
       1
       0
       4
       1
       3
       6
       2
       4
      10
       5
       4
      10
       8
      24
      23
      14
      20
      19
      15
      23
      31
      20
      36
      19
      23
      14
       6
       8
       5
       6
       2
       1
       0
       3
       1
       1
       1
       1
       1
       1
       0
       0
       0
       0
       0
       2
       2
       1
       0
       0
       0
       0
       1
       0
       1
       1
       1
       0
       2
       0
       2
       1
       0
       0
       2
       2
       0
       3
       0
       1
       1
       0
       1
       0
       0
       3
       0
       1
       0
       0
       0
       0
       1
       0
       0
       0
       0
       1
       0
       2
       1
       0
       0
       0
       0
       1
       0
       0
       0
       1
       1
       0
       0
       1
       1
       0
       0
       2
       0
       0
       0
       0
       0
       0
       1
       0
       0
       0
       0
       0
       0
       0
       0
       1
       0
       0
       0
       1
       1
       0
       0
       1
       0
       0
       0
       0
       0
       1
       0
       0
       0
       0
       0
       0
       0
       0
       0
       0
       0
       1
       0
       0
       0
       0
       1
       0
       0
       0
       0
       0
       0
       0
       0
       1
       0
       1
       0
       0
       0
       1
       0
       0
       0
       0
       1
       0
       1
       0
       0
       0
       1
       0
       0
       0
       0
       0
       0
       0
       0
       0
       0
       0
       0
       0
       0
       1
       0
       1
       0
       1
       0
       2
       0
       2
       0
       0
       0
       0
       1
       0
       1
       0
       0
       0
       1
       0
       1
       1
       0
       1
       0
       0
       0
       0
       0
       0
       0
       1
       0
       1
       2
       0
       1
       0
       0
       0
       1
       0
       0
       0
       0
       2
       0
       0
       0
       0
       0
       0
       0
       0
       0
       0
       0
       0
       0
       0
       1
       0
       0
       0
       0
       1
       0
       0
       0
       0
       0
       0
       0
       0
       0
       1
       0
       0
       0
       0
       1
       2
       0
       0
       0
       0
       0
       1
       0
       0
       1
       0
       0
       0
       0
       0
       1
       2
       0
       1
       1
       1
       1
       0
       1
       1
       1
       1
       1
       0
       0
       0
       0
       1
       0
       0
       0
       0
       0
       0
       0
       0
       0
       0
       0
       0
       0
       0
       0
       0
       1
       0
       0
       0
       0
       0
       1
       0
       0
       1
       0
       0
       1
       0
       0
       0
       0
       0
       0
       1
       0
       0
       0
       0
       1
       0
       0
       0
       0
       0
       0
       0
       0
       0
       0
       0
       0
       0
       0
       0
       0
       0
       0
       0
       0
       0
       0
       0
       0
       0
       0
       1
       0
       1
       0
       0
       0
       0
       0
       0
       1
       0
       0
       0
       0
       0
       0
       0
       0
       0
       1
       1
       0
       0
       0
       0
       1
       0
       0
       0
       2
       0
       0
       0
       0
       0
       1
       0
       0
       0
       0
       0
       0
       0
       0
       0
       0
       0
       0
       0
       0
       0
       0
       0
       0
       0
       0
       0
       0
       0
       1
       1
       0
       0
       0
       0
       0
       0
       0
       0
       0
       0
       0
       0
       0
       0
       0
       0
       0
       0
       0
       0
       0
       0
       0
       0
       0
       0
       0
       0
       0
       0
       0
       0
       1
       0
       0
       0
       0
       0
       0
       0
       1
      11
     392
     140
      13
       1
       0
       0
       0
       0
       0
       0
       0
       0
       0
       0
       0
       0
       0
       0
       0
       0
       0
       0
       0
       0
       0
       0
       0
       0
       0
       0
       0
       0
       0
       0
       0
       0
       0
       0
       0
       0
       0
       0
       0
       0
       0
       0
       0
       0
       0
       0
       0
       0
       0
       0
       0
       0
       0
       0
       0
       0
       0
       0
       0
       0
       0
       0
       0
       0
       0
       0
       0
       0
       0
       0
       0
       0
       0
       0
       0
       0
       0
       0
       0
       0
       0
       0
       0
       0
       0
       0
       0
       0
       0
       0
       0
       0
       0
       0
       0
       0
       0
       0
       0
       0
       0
       0
       0
       0
       0
       0
       0
       0
       0
       0
       0
       0
       0
       0
       0
       0
       0
       0
       0
       0
       0
       0
       0
       0
       0
       0
       0
       0
       0
       0
       0
       0
       0
       0
       0
       0
       0
       0
       0
       0
       0
       0
       0
       0
       0
       0
       0
       0
       0
       0
       0
       0
       0
       0
       0
       0
       0
       0
       0
       0
       0
       0
       0
       0
       0
       0
       0
       0
       0
       0
       0
       0
       0
       0
       0
       0
       0
       0
       0
       0
       0
       0
       0
       0
       0
       0
       0
       0
       0
       0
       0
       0
       0
       0
       0
       0
       0
       0
       0
       0
       0
       0
       0
       0
       0
       0
       0
       0
       0
       0
       0
       0
       0
       0
       0
       0
       0
       0
       0
       0
       0
       0
       0
       0
       0
       0
       0
       0
       0
       0
       0
       0
       0
       0
       0
       0
       0
       0
       0
       0
       0
       0
       0
       0
       0
       0
       0
       0
       0
       0
       0
       0
       0
       0
       0
       0
       0
       0
       0
       0
       0
       0
       0
       0
       0
       0
       0
       0
       0
       0
       0
       0
       0
       0
       0
       0
       0
       0
       0
       0
       0
       0
       0
       0
       0
       0
       0
       0
       0
       0
       0
       0
       0
       0
       0
       0
       0
       0
       0
       0
       0
       0
       0
       0
       0
       0
       0
       0
       0
       0
       0
       0
       0
       0
       0
       0
       0
       0
       0
       0
       0
       0
       0
       0
       0
       0
       0
       0
       0
       0
       0
       0
       0
       0
       0
       0
       0
       0
       0
       0
       0
       0
       0
       0
       0
       0
       0
       0
       0
       0
       0
       0
       0
       0
       0
       0
       0
       0
       0
       0
       0
       0
       0
       0
       0
       0
       0
       0
       0
       0
       0
       0
       0
       0
       0
       0
       0
       0
       0
       0
       0
       0
       0
       0
       0
       0
       0
       0
       0
       0
       0
       0
       0
       0
       0
       0
       0
       0
       0
       0
       0
       0
       0
       0
       0
       0
       0
       0
       0
       0
       0
       0
       0
       0
       0
       0
       0
       0
       0
       0
       0
       0
       0
       0
       0
       0
       0
       0
       0
       0
       0
       0
       0
       0
       0
       0
       0
       0
       0
       0
       0
       0
       0
       0
       0
       0
       0
       0
       0
       0
       0
       0
       0
       0
       0
       0
       0
       0
       0
       0
       0
       0
       0
       0
       0
       0
       0
       0
       0
       0
       0
       0
       0
       0
       0
       0
       0
       0
       0
       0
       0
       0
       0
       0
       0
       0
       0
       0
       0
       0
       0
       0
       0
       0
       0
       0
       0
       0
       0
       0
       0
       0
       0
       0
       0
       0
       0
       0
$ROI:
0
$PRESETS:
Live Time
420
0
$ENER_FIT:
0.000000 0.000000
$MCA_CAL:
3
0.000000E+000 0.000000E+000 0.000000E+000 
$SHAPE_CAL:
3
0.000000E+000 0.000000E+000 0.000000E+000
