$SPEC_ID:
Run01_Am241
$SPEC_REM:
DET# 1
DETDESC# GRAD-LAB Easy-MCA-2k SN 14127175
AP# Maestro Version 7.01
$DATE_MEA:
10/10/2016 14:47:43
$MEAS_TIM:
189 192
$DATA:
0 2047
       0
       0
       0
       0
       0
       0
       0
       0
       0
       0
       1
      21
      10
     119
     521
     566
     429
     408
     402
     324
     310
     261
     196
     190
     145
     146
     112
      94
      89
      74
      64
      60
      49
      55
      57
      44
      46
      43
      46
      40
      53
      43
      37
      41
      34
      25
      33
      41
      30
      32
      25
      26
      20
      28
      23
      26
      24
      29
      24
      28
      28
      26
      21
      21
      32
      22
      26
      22
      14
      23
      13
      13
      20
      26
      15
      19
      28
      23
      14
      24
      19
      21
      20
      16
       9
      26
      18
      17
      22
      18
      19
      17
      23
      22
      14
      19
      15
      13
      11
      15
      21
      17
       9
      12
      19
      17
       6
      16
      13
      17
      15
      16
      16
       9
       9
      19
      11
      11
      25
       9
      11
      13
      20
      15
      16
       6
      14
      13
      14
      12
      14
      12
      10
      10
       3
       6
       8
      10
      14
       9
      12
      16
       7
      13
      16
      12
       9
      10
      14
      10
       9
      21
      12
       9
       9
      14
      11
       8
      14
       9
      10
       9
      11
       6
      15
      11
      17
      18
      17
      11
       9
      10
      11
       9
       4
      10
      11
      14
      11
      11
      12
      13
       7
       9
      16
       6
      10
       7
      12
      13
      14
       9
      11
       3
      11
      11
       7
       9
      12
      10
      12
      10
       9
      11
      14
       5
       7
       9
       7
      13
       9
       7
      12
      14
       8
       8
       8
      16
       7
      12
      10
       8
      10
      12
      10
      17
      14
       8
      12
       8
      12
       7
       7
       7
       9
       7
       9
      11
      10
      12
      10
      11
      10
      14
       9
      14
       5
      12
       4
      13
       7
      13
      11
       8
       6
       9
       8
      11
      11
      13
       7
       9
       7
      12
       8
      13
      10
      12
      12
       7
      10
      13
      16
      10
      10
       8
       9
       2
      10
      11
       7
      10
      13
       8
      12
       6
      12
      13
      17
       7
      13
       6
       5
       3
       8
      18
      15
      11
       6
       8
      11
      13
      10
      11
      19
       5
       8
      11
      12
      10
       6
      13
       5
      13
       5
      14
       9
       8
      11
      15
       3
       8
      11
       7
      10
      12
       9
       7
       9
       8
       7
       9
      12
       4
       9
       4
      13
      12
      11
      11
      11
      10
       7
      15
       8
      15
      10
      18
      10
       8
      15
      12
      12
      10
      12
      10
       8
      11
      10
      14
      12
       7
      12
      16
      17
       8
      20
      19
      12
       8
      17
      15
      16
      18
      15
      11
      17
      12
      11
      20
      14
      11
      13
      21
      17
      18
      18
      15
      19
      14
      11
      18
      20
       8
       9
      11
       8
       5
      16
       4
       4
       8
      11
      13
       7
      14
      19
       7
       9
      12
      10
      15
      19
      20
       5
      18
      13
      14
      16
      12
      15
      13
      16
       8
      12
      15
      17
      14
      18
      18
      20
       9
      13
      12
      20
      19
      18
      18
      22
      11
      15
      22
      19
      19
      19
      20
      24
      14
      28
      21
      27
      20
      27
      32
      31
      30
      29
      23
      29
      24
      24
      21
      19
      13
      16
      23
      21
      16
      15
      15
      15
      20
      16
      16
      16
      12
      24
      14
      23
      19
      19
      28
      20
      16
      21
      23
      26
      28
      15
      16
      22
      22
      13
      18
      19
       6
      12
      17
      12
      13
      23
      22
      13
      18
      19
      15
      16
      24
      21
      18
      24
      19
      21
      23
      14
      23
      20
      21
      26
      26
      22
      24
      35
      37
      32
      30
      24
      26
      35
      35
      32
      41
      38
      31
      34
      40
      38
      49
      37
      32
      43
      54
      48
      46
      56
      54
      42
      69
      71
      68
      69
      86
      92
      82
      92
      84
      86
      99
      94
      83
     102
     115
     138
     131
     145
     140
     163
     159
     181
     215
     181
     200
     199
     188
     169
     135
     136
      84
      92
      60
      34
      32
      16
      12
       8
      14
      15
       7
       8
      11
       5
       7
       6
       6
       6
       2
       7
       5
       7
      10
       5
       9
       4
       3
       7
       3
       5
       9
       4
       6
       8
       9
       8
       9
       7
       6
       9
       5
       7
       8
       8
       9
       9
       8
       6
      11
       8
      12
      16
       5
      14
      10
      11
      10
      15
      13
      14
      17
      16
      16
       8
      23
      13
      17
      14
      28
      21
      18
      17
      22
      16
      15
      21
      19
      22
      19
      18
      15
      23
      24
      27
      18
      17
      16
      23
      30
      14
      26
      29
      29
      27
      32
      28
      38
      36
      36
      34
      30
      40
      48
      42
      40
      45
      53
      56
      73
      58
      86
      71
      76
      74
     103
      86
      84
      96
      74
      66
      66
      70
      70
      63
      59
      51
      61
      57
      69
      71
      58
      70
      70
      72
      48
      59
      73
      75
      77
      88
     112
     111
     138
     117
     151
     138
     171
     180
     190
     175
     185
     156
     165
     135
     111
     116
      79
      83
      51
      44
      38
      29
      22
      17
      24
      15
       8
       9
       5
       7
       7
       7
       4
       4
       4
       2
       5
       1
       4
       3
       2
       2
       9
       2
       3
       7
       4
       2
       1
       1
       4
       5
       5
       0
       3
       1
       4
       2
       2
       4
       2
       2
       4
       1
       2
       3
       1
       5
       2
       5
       1
       4
       4
       2
       3
       1
       2
       4
       3
       3
       6
       3
       1
       3
       3
       2
       2
       2
       3
       8
       4
       7
       4
       7
       7
       2
       1
       4
       4
       8
       4
       6
       3
       6
       9
       6
       6
      11
       9
       5
       7
      11
       6
       8
      10
       8
      12
      14
      12
      16
      13
      15
      21
      13
      27
      20
      16
      29
      23
      34
      25
      34
      31
      33
      38
      40
      37
      27
      31
      24
      26
      18
      20
      12
      14
       9
       8
      11
      10
       6
      12
       8
       7
       5
      13
      10
      16
      16
       8
      15
       5
      10
       6
      10
      17
       8
       6
       6
       4
       3
       6
       4
       3
       2
       0
       4
       3
       2
       1
       2
       1
       2
       0
       2
       5
       0
       1
       0
       0
       1
       3
       5
       4
       1
       5
       2
       4
       1
       0
       1
       2
       0
       3
       0
       0
       1
       0
       0
       1
       1
       0
       0
       0
       0
       0
       1
       1
       2
       0
       0
       1
       1
       0
       0
       0
       0
       2
       1
       0
       1
       0
       0
       0
       1
       0
       0
       1
       0
       0
       0
       1
       2
       0
       0
       0
       1
       1
       1
       1
       0
       1
       0
       2
       0
       0
       0
       0
       0
       1
       0
       2
       2
       1
       0
       1
       0
       2
       1
       0
       1
       1
       0
       1
       1
       0
       1
       0
       1
       0
       0
       2
       1
       2
       1
       3
       1
       1
       1
       0
       1
       2
       1
       0
       1
       1
       0
       2
       3
       1
       0
       1
       2
       1
       0
       0
       0
       0
       0
       0
       1
       0
       2
       1
       2
       0
       2
       1
       1
       1
       1
       2
       1
       2
       1
       2
       3
       2
       2
       1
       3
       2
       0
       0
       2
       1
       4
       2
       5
       1
       1
       5
       1
       5
       3
       5
       6
       4
       6
       8
      12
       4
       7
      17
       9
       9
      10
      14
      15
      14
      18
      10
      17
       9
      13
      11
       8
      10
       6
       7
       3
       4
       3
       1
       1
       0
       0
       0
       2
       1
       0
       0
       1
       0
       0
       0
       0
       2
       0
       0
       2
       0
       1
       1
       0
       0
       2
       1
       0
       0
       0
       1
       0
       1
       1
       0
       4
       0
       0
       0
       1
       0
       0
       1
       0
       2
       0
       0
       0
       0
       0
       2
       0
       0
       0
       1
       2
       0
       0
       0
       0
       0
       0
       0
       1
       0
       0
       1
       0
       0
       0
       0
       0
       1
       1
       2
       0
       0
       0
       0
       2
       0
       0
       0
       1
       0
       0
       0
       0
       0
       0
       1
       1
       0
       0
       0
       0
       0
       0
       1
       0
       1
       1
       0
       0
       0
       1
       1
       0
       0
       0
       1
       0
       1
       0
       0
       1
       2
       0
       0
       0
       1
       1
       1
       1
       1
       0
       0
       0
       0
       0
       0
       0
       0
       0
       0
       0
       0
       1
       0
       0
       0
       2
       0
       0
       1
       1
       1
       0
       0
       0
       0
       0
       0
       0
       1
       0
       0
       0
       0
       0
       0
       1
       1
       0
       0
       0
       0
       0
       0
       0
       0
       3
       0
       0
       0
       0
       0
       1
       0
       2
       0
       1
       0
       0
       0
       1
       0
       0
       1
       0
       0
       0
       0
       1
       1
       0
       0
       0
       0
       1
       0
       1
       1
       0
       1
       0
       2
       1
       0
       1
       0
       0
       1
       1
       0
       0
       0
       0
       0
       0
       0
       0
       0
       0
       0
       0
       0
       0
       0
       0
       0
       0
       0
       1
       1
       0
       0
       0
       0
       0
       0
       0
       0
       0
       1
       0
       0
       1
       0
       0
       0
       0
       0
       0
       0
       0
       1
       0
       0
       0
       0
       0
       0
       0
       1
       1
       0
       0
       1
       1
       0
       0
       3
       0
       0
       0
       0
       0
       1
       0
       0
       1
       1
       1
       0
       0
       0
       1
       0
       1
       0
       0
       0
       0
       0
       0
       0
       0
       0
       0
       1
       0
       1
       0
       0
       0
       0
       0
       0
       0
       0
       0
       0
       0
       0
       0
       0
       0
       0
       0
       0
       0
       0
       0
       0
       0
       0
       0
       1
       0
       1
       0
       0
       0
       0
       0
       0
       0
       0
       0
       0
       1
       0
       0
       0
       1
       0
       0
       0
       0
       0
       0
       0
       1
       0
       0
       0
       0
       0
       0
       0
       0
       1
       1
       0
       0
       0
       0
       0
       0
       0
       0
       0
       0
       0
       0
       0
       0
       0
       0
       0
       0
       0
       0
       0
       0
       0
       0
       0
       0
       0
       0
       0
       1
       0
       0
       0
       1
       0
       0
       0
       0
       0
       0
       0
       0
       0
       0
       0
       1
       0
       0
       1
       0
       0
       0
       1
       0
       0
       0
       0
       0
       0
       0
       0
       0
       0
       0
       0
       0
       0
       0
       0
       0
       0
       0
       0
       0
       0
       0
       0
       0
       0
       0
       1
       0
       1
       3
      19
     166
     168
      99
      38
       7
       0
       0
       0
       0
       0
       0
       0
       0
       0
       0
       0
       0
       0
       0
       0
       0
       0
       0
       0
       0
       0
       0
       0
       0
       0
       0
       0
       0
       0
       0
       0
       0
       0
       0
       0
       0
       0
       0
       0
       0
       0
       0
       0
       0
       0
       0
       0
       0
       0
       0
       0
       0
       0
       0
       0
       0
       0
       0
       0
       0
       0
       0
       0
       0
       0
       0
       0
       0
       0
       0
       0
       0
       0
       0
       0
       0
       0
       0
       0
       0
       0
       0
       0
       0
       0
       0
       0
       0
       0
       0
       0
       0
       0
       0
       0
       0
       0
       0
       0
       0
       0
       0
       0
       0
       0
       0
       0
       0
       0
       0
       0
       0
       0
       0
       0
       0
       0
       0
       0
       0
       0
       0
       0
       0
       0
       0
       0
       0
       0
       0
       0
       0
       0
       0
       0
       0
       0
       0
       0
       0
       0
       0
       0
       0
       0
       0
       0
       0
       0
       0
       0
       0
       0
       0
       0
       0
       0
       0
       0
       0
       0
       0
       0
       0
       0
       0
       0
       0
       0
       0
       0
       0
       0
       0
       0
       0
       0
       0
       0
       0
       0
       0
       0
       0
       0
       0
       0
       0
       0
       0
       0
       0
       0
       0
       0
       0
       0
       0
       0
       0
       0
       0
       0
       0
       0
       0
       0
       0
       0
       0
       0
       0
       0
       0
       0
       0
       0
       0
       0
       0
       0
       0
       0
       0
       0
       0
       0
       0
       0
       0
       0
       0
       0
       0
       0
       0
       0
       0
       0
       0
       0
       0
       0
       0
       0
       0
       0
       0
       0
       0
       0
       0
       0
       0
       0
       0
       0
       0
       0
       0
       0
       0
       0
       0
       0
       0
       0
       0
       0
       0
       0
       0
       0
       0
       0
       0
       0
       0
       0
       0
       0
       0
       0
       0
       0
       0
       0
       0
       0
       0
       0
       0
       0
       0
       0
       0
       0
       0
       0
       0
       0
       0
       0
       0
       0
       0
       0
       0
       0
       0
       0
       0
       0
       0
       0
       0
       0
       0
       0
       0
       0
       0
       0
       0
       0
       0
       0
       0
       0
       0
       0
       0
       0
       0
       0
       0
       0
       0
       0
       0
       0
       0
       0
       0
       0
       0
       0
       0
       0
       0
       0
       0
       0
       0
       0
       0
       0
       0
       0
       0
       0
       0
       0
       0
       0
       0
       0
       0
       0
       0
       0
       0
       0
       0
       0
       0
       0
       0
       0
       0
       0
       0
       0
       0
       0
       0
       0
       0
       0
       0
       0
       0
       0
       0
       0
       0
       0
       0
       0
       0
       0
       0
       0
       0
       0
       0
       0
       0
       0
       0
       0
       0
       0
       0
       0
       0
       0
       0
       0
       0
       0
       0
       0
       0
       0
       0
       0
       0
       0
       0
       0
       0
       0
       0
       0
       0
       0
       0
       0
       0
       0
       0
       0
       0
       0
       0
       0
       0
       0
       0
       0
       0
       0
       0
       0
       0
       0
       0
       0
       0
       0
       0
       0
       0
       0
       0
       0
       0
       0
       0
       0
       0
       0
       0
       0
       0
       0
       0
       0
       0
       0
       0
       0
       0
       0
       0
       0
       0
       0
       0
       0
       0
       0
       0
       0
       0
       0
       0
       0
       0
       0
       0
       0
       0
       0
       0
       0
$ROI:
0
$PRESETS:
None
0
0
$ENER_FIT:
0.000000 0.000000
$MCA_CAL:
3
0.000000E+000 0.000000E+000 0.000000E+000 
$SHAPE_CAL:
3
0.000000E+000 0.000000E+000 0.000000E+000
