$SPEC_ID:
Run01_Am241
$SPEC_REM:
DET# 1
DETDESC# GRAD-LAB Easy-MCA-2k SN 14127175
AP# Maestro Version 7.01
$DATE_MEA:
10/05/2016 14:09:12
$MEAS_TIM:
22 31
$DATA:
0 2047
       0
       0
       0
       0
       0
       0
       0
       0
       0
       0
       0
       0
       0
      14
    1193
    1644
    1429
    1160
     531
     267
     217
     202
     211
     169
     185
     205
     170
     164
     163
     160
     165
     133
     143
     146
     176
     150
     130
     145
     151
     146
     133
     104
     125
     127
     119
     131
     133
     107
     114
     115
     122
     114
     110
     119
     125
     140
     129
     132
     114
     131
     119
     119
     115
     120
     114
     120
     138
     130
     126
     112
     102
     111
     125
      90
     104
     105
      97
     118
     115
     115
     102
     116
     108
     112
     132
     118
      90
     111
     129
     115
     123
      99
     124
     120
     119
      98
     125
     105
     121
     126
     122
     119
     120
     103
     100
     105
      97
     134
     111
     119
     121
     116
     137
     120
     104
     108
     117
      98
     109
     128
     109
     103
     111
     115
     114
     112
      95
     107
     103
     110
     116
      99
     107
     109
      91
     123
      91
     111
     111
     104
     101
     116
     107
      75
      98
      82
     103
     123
     105
      97
     111
     127
      93
     133
     118
     106
     127
     118
      95
     108
     128
      95
      94
      88
     108
      98
     109
      95
     127
      94
     105
     106
     104
     110
     104
     115
     118
     125
     121
     104
     118
     114
     105
     132
     119
     107
     142
     114
      99
     127
     132
     132
     132
     135
     128
     140
     126
     132
     162
     152
     162
     154
     145
     173
     164
     172
     151
     188
     186
     219
     171
     196
     223
     218
     207
     231
     239
     271
     296
     287
     312
     316
     358
     400
     358
     429
     432
     458
     465
     526
     544
     610
     646
     686
     774
     951
    1072
    1301
    1588
    2000
    2573
    3091
    3471
    3598
    3642
    3246
    2857
    2188
    1662
    1197
     752
     541
     301
     262
     213
     175
     169
     177
     170
     198
     217
     270
     303
     369
     448
     517
     529
     581
     567
     520
     459
     372
     273
     188
     128
     102
      75
      49
      38
      41
      44
      31
      43
      29
      36
      40
      35
      37
      29
      45
      42
      35
      35
      40
      41
      35
      37
      38
      39
      41
      35
      36
      39
      28
      34
      42
      46
      45
      41
      35
      34
      45
      32
      38
      33
      45
      48
      47
      39
      39
      47
      43
      43
      43
      46
      38
      43
      41
      36
      45
      36
      45
      39
      31
      37
      47
      38
      40
      52
      41
      38
      37
      42
      42
      42
      30
      50
      54
      45
      50
      42
      43
      36
      37
      48
      39
      46
      43
      44
      45
      34
      43
      39
      39
      45
      53
      46
      47
      50
      32
      38
      41
      53
      44
      55
      38
      51
      48
      51
      43
      33
      53
      42
      41
      42
      43
      48
      48
      43
      57
      49
      49
      34
      52
      57
      40
      39
      49
      43
      48
      49
      44
      46
      42
      55
      38
      41
      50
      53
      58
      44
      50
      56
      59
      50
      52
      45
      33
      38
      63
      52
      52
      55
      52
      44
      46
      41
      70
      44
      54
      54
      57
      47
      67
      64
      58
      71
      56
      51
      60
      52
      58
      53
      53
      57
      64
      64
      68
      65
      83
      56
      57
      52
      62
      88
      65
      68
      60
      84
      81
      68
      75
      71
      71
      78
      95
      88
      77
      81
      96
      84
      71
     114
     112
     112
     114
     127
     136
     143
     136
     133
     123
     128
     117
     118
     106
      95
      79
      64
      60
      55
      28
      37
      17
      50
      28
      36
      32
      30
      27
      41
      34
      39
      40
      38
      39
      34
      38
      28
      24
      26
      26
      18
      12
      22
      13
      13
      18
       6
      11
      14
       7
       9
       7
      11
       7
       7
       9
       5
      13
      10
       9
       6
      11
       6
       5
       6
      10
       7
      10
       9
       5
       7
       6
       5
       5
       5
       9
       7
       4
       7
      12
       5
       7
       9
       8
       6
       4
       7
       6
       4
       3
       3
       4
       6
       6
       9
       6
       6
      10
       6
       5
       8
       5
       5
       5
       6
       7
       3
       4
       8
       6
       5
       4
      10
       5
       5
       4
       5
       5
       3
       8
       3
       5
       5
       8
       8
       8
       5
       4
       5
       7
       5
       6
       6
       5
       1
       1
       3
       2
       7
       8
       6
       4
       3
       3
       6
       4
       3
       3
       6
       4
       6
       4
       3
       9
       3
       7
       5
       6
       4
       5
       3
       5
       7
       5
       5
       4
       2
       5
       2
       4
       4
       6
       4
      11
       7
       4
       3
       2
       4
       6
       5
       4
       2
       4
       2
       5
       5
       7
       3
       2
       6
       0
       4
       8
       4
       6
       6
       6
       4
       4
       3
       6
       5
       3
       5
       5
       4
       6
       4
       3
       7
       5
       1
       2
       4
       5
      10
       7
       4
       2
       2
       6
       6
       3
       1
       6
       9
       4
       5
       6
       6
       4
       2
       3
       6
       4
       1
       3
       2
       2
       3
       5
       6
       3
       4
       2
       5
       2
       2
       3
       2
       1
       1
       3
       2
       0
       1
       0
       0
       0
       1
       3
       1
       0
       2
       2
       0
       1
       1
       0
       3
       2
       1
       1
       1
       0
       2
       0
       1
       1
       1
       1
       0
       1
       0
       2
       0
       3
       0
       0
       0
       2
       0
       0
       1
       1
       0
       1
       0
       1
       0
       0
       1
       0
       1
       2
       0
       0
       0
       1
       1
       0
       0
       1
       0
       0
       0
       0
       0
       0
       0
       0
       0
       1
       1
       0
       1
       0
       0
       0
       0
       0
       1
       2
       0
       1
       0
       0
       0
       0
       0
       0
       0
       0
       0
       1
       2
       1
       0
       0
       0
       0
       0
       0
       0
       0
       0
       0
       0
       0
       0
       1
       0
       0
       0
       0
       0
       0
       0
       0
       0
       0
       0
       0
       0
       0
       0
       0
       0
       0
       0
       0
       0
       0
       0
       0
       0
       0
       0
       0
       0
       1
       1
       0
       0
       0
       0
       0
       0
       0
       0
       0
       0
       0
       0
       0
       1
       0
       0
       1
       0
       0
       0
       0
       0
       1
       0
       1
       0
       0
       0
       0
       0
       0
       1
       0
       0
       1
       0
       0
       0
       0
       1
       0
       0
       1
       0
       0
       0
       1
       0
       0
       0
       1
       0
       0
       0
       0
       1
       0
       0
       0
       0
       1
       0
       0
       0
       1
       0
       1
       0
       0
       0
       0
       0
       0
       0
       0
       0
       0
       0
       0
       0
       0
       0
       0
       0
       0
       1
       0
       0
       0
       0
       0
       0
       0
       0
       0
       0
       0
       0
       0
       0
       0
       0
       0
       0
       0
       0
       0
       0
       1
       0
       0
       0
       0
       0
       0
       0
       0
       0
       0
       0
       0
       0
       0
       0
       0
       0
       0
       0
       0
       0
       0
       0
       0
       0
       0
       0
       0
       0
       0
       0
       0
       0
       0
       0
       0
       0
       0
       0
       0
       0
       0
       0
       0
       0
       0
       0
       0
       0
       0
       0
       1
       0
       0
       0
       0
       0
       0
       0
       0
       0
       0
       0
       0
       0
       0
       1
       0
       0
       0
       0
       0
       0
       0
       0
       0
       0
       0
       0
       0
       0
       0
       0
       0
       0
       0
       0
       0
       0
       0
       0
       0
       0
       0
       0
       0
       0
       0
       0
       0
       0
       0
       0
       0
       0
       0
       0
       0
       0
       0
       0
       0
       0
       0
       0
       0
       0
       0
       0
       0
       0
       0
       0
       0
       0
       0
       0
       0
       0
       0
       0
       0
       0
       0
       0
       0
       0
       0
       0
       0
       0
       0
       0
       0
       0
       0
       0
       0
       0
       0
       0
       0
       0
       0
       0
       0
       0
       0
       0
       0
       0
       0
       0
       0
       0
       0
       0
       0
       0
       0
       0
       0
       0
       0
       0
       0
       0
       0
       0
       0
       0
       0
       0
       0
       0
       0
       0
       0
       0
       0
       0
       0
       0
       0
       0
       0
       0
       0
       0
       0
       0
       0
       0
       0
       0
       0
       0
       0
       0
       0
       0
       0
       0
       0
       0
       0
       0
       0
       0
       0
       0
       0
       0
       0
       0
       0
       0
       0
       0
       0
       0
       0
       0
       0
       0
       0
       0
       0
       0
       0
       0
       0
       0
       0
       0
       0
       0
       0
       0
       0
       0
       0
       0
       0
       0
       0
       0
       0
       0
       0
       0
       0
       0
       0
       0
       0
       0
       0
       0
       0
       0
       0
       0
       0
       0
       0
       0
       0
       0
       0
       0
       0
       0
       0
       0
       0
       0
       0
       0
       0
       0
       0
       0
       0
       0
       0
       0
       0
       0
       0
       0
       0
       0
       0
       0
       0
       0
       0
       0
       0
       0
       0
       0
       0
       0
       0
       0
       0
       0
       0
       0
       0
       0
       0
       0
       0
       0
       0
       0
       0
       0
       0
       0
       0
       0
       0
       0
       0
       0
       0
       0
       0
       0
       0
       0
       0
       0
       0
       0
       0
       0
       0
       0
       0
       0
       0
       0
       0
       0
       0
       0
       0
       0
       0
       0
       0
       0
       0
       0
       0
       0
       0
       0
       0
       0
       0
       0
       0
       0
       0
       0
       0
       0
       0
       0
       0
       0
       0
       0
       0
       0
       0
       0
       0
       0
       0
       0
       0
       0
       0
       0
       0
       0
       0
       0
       0
       0
       0
       0
       0
       0
       0
       0
       0
       0
       0
       0
       0
       0
       0
       0
       0
       0
       0
       0
       0
       0
       0
       0
       0
       0
       0
       0
       0
       0
       0
       0
       0
       0
       0
       0
       0
       0
       0
       0
       0
       0
       0
       0
       0
       0
       0
       0
       0
       0
       0
       0
       0
       0
       0
       0
       0
       0
       0
       0
       0
       0
       0
       0
       0
       0
       0
       0
       0
       0
       0
       0
       0
       0
       0
       0
       0
       0
       0
       0
       0
       0
       0
       0
       0
       0
       0
       0
       0
       0
       0
       0
       0
       0
       0
       0
       0
       0
       0
       0
       0
       0
       0
       0
       0
       0
       0
       0
       0
       0
       0
       0
       0
       0
       0
       0
       0
       0
       0
       0
       0
       0
       0
       0
       0
       0
       0
       0
       0
       0
       0
       0
       0
       0
       0
       0
       0
       0
       0
       0
       0
       0
       0
       0
       0
       0
       0
       0
       0
       0
       0
       0
       0
       0
       0
       1
       1
       6
       5
       0
       0
       0
       0
       0
       0
       0
       0
       0
       0
       0
       0
       0
       0
       0
       0
       0
       0
       0
       0
       0
       0
       0
       0
       0
       0
       0
       0
       0
       0
       0
       0
       0
       0
       0
       0
       0
       0
       0
       0
       0
       0
       0
       0
       0
       0
       0
       0
       0
       0
       0
       0
       0
       0
       0
       0
       0
       0
       0
       0
       0
       0
       0
       0
       0
       0
       0
       0
       0
       0
       0
       0
       0
       0
       0
       0
       0
       0
       0
       0
       0
       0
       0
       0
       0
       0
       0
       0
       0
       0
       0
       0
       0
       0
       0
       0
       0
       0
       0
       0
       0
       0
       0
       0
       0
       0
       0
       0
       0
       0
       0
       0
       0
       0
       0
       0
       0
       0
       0
       0
       0
       0
       0
       0
       0
       0
       0
       0
       0
       0
       0
       0
       0
       0
       0
       0
       0
       0
       0
       0
       0
       0
       0
       0
       0
       0
       0
       0
       0
       0
       0
       0
       0
       0
       0
       0
       0
       0
       0
       0
       0
       0
       0
       0
       0
       0
       0
       0
       0
       0
       0
       0
       0
       0
       0
       0
       0
       0
       0
       0
       0
       0
       0
       0
       0
       0
       0
       0
       0
       0
       0
       0
       0
       0
       0
       0
       0
       0
       0
       0
       0
       0
       0
       0
       0
       0
       0
       0
       0
       0
       0
       0
       0
       0
       0
       0
       0
       0
       0
       0
       0
       0
       0
       0
       0
       0
       0
       0
       0
       0
       0
       0
       0
       0
       0
       0
       0
       0
       0
       0
       0
       0
       0
       0
       0
       0
       0
       0
       0
       0
       0
       0
       0
       0
       0
       0
       0
       0
       0
       0
       0
       0
       0
       0
       0
       0
       0
       0
       0
       0
       0
       0
       0
       0
       0
       0
       0
       0
       0
       0
       0
       0
       0
       0
       0
       0
       0
       0
       0
       0
       0
       0
       0
       0
       0
       0
       0
       0
       0
       0
       0
       0
       0
       0
       0
       0
       0
       0
       0
       0
       0
       0
       0
       0
       0
       0
       0
       0
       0
       0
       0
       0
       0
       0
       0
       0
       0
       0
       0
       0
       0
       0
       0
       0
       0
       0
       0
       0
       0
       0
       0
       0
       0
       0
       0
       0
       0
       0
       0
       0
       0
       0
       0
       0
       0
       0
       0
       0
       0
       0
       0
       0
       0
       0
       0
       0
       0
       0
       0
       0
       0
       0
       0
       0
       0
       0
       0
       0
       0
       0
       0
       0
       0
       0
       0
       0
       0
       0
       0
       0
       0
       0
       0
       0
       0
       0
       0
       0
       0
       0
       0
       0
       0
       0
       0
       0
       0
       0
       0
       0
       0
       0
       0
       0
       0
       0
       0
       0
       0
       0
       0
       0
       0
       0
       0
       0
       0
       0
       0
       0
       0
       0
       0
       0
       0
       0
       0
       0
       0
       0
       0
       0
       0
       0
       0
       0
       0
       0
       0
       0
       0
       0
       0
       0
       0
       0
       0
       0
       0
       0
       0
       0
       0
       0
       0
       0
       0
       0
       0
       0
       0
       0
       0
       0
       0
       0
       0
       0
       0
       0
       0
       0
       0
       0
       0
       0
       0
       0
       0
       0
       0
       0
       0
       0
       0
       0
       0
       0
       0
       0
       0
       0
       0
       0
       0
       0
       0
       0
       0
       0
$ROI:
0
$PRESETS:
None
0
0
$ENER_FIT:
0.000000 0.000000
$MCA_CAL:
3
0.000000E+000 0.000000E+000 0.000000E+000 
$SHAPE_CAL:
3
0.000000E+000 0.000000E+000 0.000000E+000
