$SPEC_ID:
Run01_Am241
$SPEC_REM:
DET# 1
DETDESC# GRAD-LAB Easy-MCA-2k SN 14127175
AP# Maestro Version 7.01
$DATE_MEA:
10/05/2016 12:53:09
$MEAS_TIM:
195 196
$DATA:
0 2047
       0
       0
       0
       0
       0
       0
       0
       0
       0
       0
       0
       0
       0
       0
       0
       0
       1
       0
       0
       1
       0
       0
       0
       0
       0
       0
       0
       0
       0
       0
       0
       0
       0
       0
       0
       0
       2
       0
       0
       0
       0
       0
       0
       0
       0
       0
       0
       0
       0
       0
       0
       0
       1
       0
       2
       0
       0
       0
       0
       1
       1
       1
       0
       2
       3
       1
       0
       1
       1
       0
       1
       0
       1
       1
       3
       2
       2
       2
       0
       2
       0
       0
       0
       1
       1
       2
       1
       0
       0
       1
       0
       0
       2
       0
       0
       1
       0
       0
       1
       1
       2
       4
       1
       1
       0
       1
       0
       2
       1
       1
       2
       2
       2
       1
       1
       0
       1
       2
       1
       1
       2
       3
       2
       0
       0
       2
       1
       0
       3
       1
       1
       0
       1
       0
       0
       1
       2
       0
       0
       1
       0
       1
       4
       1
       0
       1
       0
       2
       0
       4
       1
       2
       2
       2
       2
       0
       1
       1
       0
       3
       0
       0
       1
       0
       1
       0
       0
       0
       0
       0
       0
       0
       1
       1
       1
       0
       3
       5
       0
       0
       1
       3
       2
       2
       2
       0
       0
       1
       0
       0
       0
       4
       0
       1
       0
       0
       1
       1
       0
       2
       2
       1
       1
       1
       2
       2
       2
       0
       1
       1
       0
       1
       3
       1
       0
       1
       3
       1
       0
       0
       1
       2
       1
       1
       0
       1
       0
       1
       0
       3
       1
       0
       0
       2
       1
       1
       0
       2
       1
       0
       1
       3
       0
       2
       1
       2
       0
       3
       4
       1
       3
       1
       0
       0
       2
       3
       4
       2
       1
       0
       1
       2
       3
       0
       2
       1
       0
       2
       5
       0
       0
       1
       1
       2
       2
       1
       3
       2
       1
       1
       0
       0
       0
       2
       0
       0
       1
       1
       1
       3
       1
       1
       0
       0
       0
       2
       1
       2
       1
       1
       1
       1
       2
       1
       1
       0
       3
       7
       3
       1
       3
       4
       3
       1
       1
       4
       1
       1
       3
       1
       1
       0
       1
       2
       2
       1
       1
       1
       1
       1
       2
       1
       1
       2
       3
       4
       1
       2
       1
       5
       1
       0
       0
       4
       0
       1
       0
       1
       1
       0
       2
       3
       0
       1
       2
       2
       0
       3
       3
       1
       4
       1
       3
       0
       1
       2
       1
       0
       2
       0
       1
       2
       1
       1
       2
       0
       0
       2
       4
       2
       1
       3
       1
       4
       2
       3
       2
       2
       4
       3
       4
       5
       4
       0
       1
       4
       3
       2
       1
       0
       3
       1
       0
       1
       0
       0
       3
       2
       0
       3
       2
       1
       1
       2
       0
       0
       0
       3
       2
       3
       1
       3
       1
       2
       1
       3
       0
       0
       1
       0
       1
       1
       1
       0
       1
       1
       0
       3
       1
       1
       1
       0
       0
       1
       0
       2
       2
       0
       3
       0
       1
       2
       2
       1
       2
       3
       1
       1
       3
       2
       0
       2
       4
       4
       2
       1
       1
       2
       1
       2
       1
       2
       4
       4
       1
       3
       2
       3
       1
       1
       2
       1
       1
       0
       1
       2
       0
       2
       3
       0
       1
       2
       0
       3
       1
       0
       1
       0
       3
       1
       1
       0
       1
       2
       1
       1
       2
       4
       2
       1
       3
       2
       1
       1
       0
       2
       1
       1
       1
       3
       2
       5
       2
       2
       2
       1
       3
       1
       2
       2
       1
       2
       3
       4
       3
       2
       2
       2
       3
       2
       1
       3
       1
       0
       2
       0
       2
       4
       3
       0
       0
       3
       0
       0
       1
       3
       1
       2
       0
       0
       3
       3
       2
       2
       0
       1
       3
       5
       0
       2
       0
       4
       3
       0
       1
       2
       0
       2
       3
       1
       1
       2
       1
       2
       2
       0
       3
       3
       2
       0
       1
       2
       3
       4
       3
       3
       1
       1
       1
       2
       1
       1
       0
       1
       1
       1
       1
       2
       3
       0
       2
       2
       2
       2
       4
       0
       1
       2
       1
       0
       1
       1
       1
       2
       4
       0
       1
       1
       3
       4
       2
       2
       0
       0
       1
       3
       1
       0
       5
       2
       5
       5
       4
       4
       5
       2
       7
       4
       2
       2
       1
       3
       5
       1
       2
       2
       1
       3
       2
       0
       2
       1
       0
       1
       1
       5
       4
       1
       1
       3
       2
       3
       4
       2
       5
       4
       3
       2
       7
       4
       2
       4
       8
       3
       2
       3
       7
       4
       4
       2
       6
       8
       4
       5
       5
       3
       5
       4
       1
       5
       1
       2
       3
       2
       4
       8
       3
       1
       4
       1
       3
       5
       5
       5
      10
       9
       5
       9
       8
       8
      10
       8
       1
       2
       5
       5
       5
       6
       3
       5
       4
       2
       7
       2
       5
       1
       6
       1
       5
       9
       2
       4
       1
       2
       5
       6
       4
       2
       4
       4
       5
       1
       8
       6
       3
       5
       2
       5
       8
       4
       5
       3
       2
       6
       7
       7
       4
       8
       1
       9
      10
       3
       5
       7
       4
       6
       7
       7
       6
       3
       8
       7
       9
       4
      12
       7
       6
       7
      11
       6
       8
       3
       8
       6
       8
       8
      11
       9
      10
      10
      10
      10
      13
       9
      15
      16
      23
      11
      22
      26
      27
      37
      36
      40
      47
      54
      68
      84
      98
     119
     144
     196
     217
     249
     251
     289
     307
     340
     353
     297
     357
     292
     243
     220
     198
     155
     122
      93
      59
      42
      21
      27
       8
       9
       8
       6
       5
       6
       1
       3
       2
       4
       3
       2
       4
       2
       2
       1
       1
       1
       2
       1
       5
       1
       0
       3
       3
       0
       1
       1
       3
       1
       2
       1
       2
       3
       3
       1
       4
       4
       0
       0
       0
       3
       1
       2
       1
       5
       2
       2
       1
       3
       3
       3
       4
       2
       1
       2
       3
       5
       4
       5
       4
       2
       0
       3
       5
       8
       2
       2
       1
       5
       3
       3
       3
       5
      10
       6
       7
       5
       6
       9
      10
      20
      18
      25
      30
      33
      36
      47
      42
      34
      42
      48
      39
      56
      37
      40
      21
      18
      13
      16
      10
      10
      10
       2
      11
       4
       9
       6
       5
      11
      11
       5
       5
       5
       4
       8
       2
       3
       2
       2
       1
       0
       1
       0
       0
       1
       0
       0
       2
       1
       0
       1
       0
       0
       0
       0
       2
       0
       1
       0
       0
       2
       0
       0
       1
       0
       0
       2
       1
       0
       0
       0
       0
       1
       0
       1
       0
       0
       1
       0
       0
       0
       0
       0
       0
       1
       0
       0
       0
       0
       1
       1
       0
       0
       0
       0
       0
       0
       1
       0
       0
       0
       1
       0
       0
       0
       0
       1
       0
       0
       0
       0
       1
       0
       0
       0
       0
       0
       0
       0
       1
       0
       0
       0
       0
       0
       0
       0
       1
       0
       1
       0
       0
       0
       0
       1
       0
       0
       1
       0
       0
       0
       0
       0
       0
       0
       0
       0
       0
       0
       0
       0
       0
       0
       0
       0
       0
       0
       1
       0
       0
       0
       0
       0
       0
       0
       1
       0
       0
       1
       1
       0
       0
       0
       0
       1
       0
       0
       0
       0
       0
       0
       0
       0
       0
       0
       0
       1
       0
       0
       0
       1
       0
       0
       0
       0
       0
       0
       0
       0
       0
       0
       0
       0
       0
       0
       0
       0
       0
       1
       0
       0
       0
       0
       1
       0
       0
       0
       0
       0
       1
       0
       0
       1
       0
       0
       0
       0
       0
       0
       0
       0
       0
       0
       0
       0
       0
       0
       0
       0
       0
       1
       1
       0
       0
       0
       0
       0
       1
       0
       0
       0
       0
       0
       0
       0
       0
       0
       1
       0
       0
       0
       1
       0
       0
       1
       0
       0
       0
       1
       1
       1
       1
       0
       0
       0
       0
       0
       0
       0
       0
       0
       0
       0
       0
       0
       0
       0
       0
       0
       0
       0
       0
       0
       1
       0
       0
       0
       0
       0
       0
       0
       0
       0
       0
       0
       0
       0
       0
       0
       0
       0
       0
       0
       0
       0
       0
       0
       1
       0
       0
       1
       0
       0
       0
       1
       0
       0
       0
       1
       0
       0
       0
       1
       0
       0
       0
       0
       0
       0
       0
       0
       0
       0
       1
       1
       0
       0
       0
       1
       1
       0
       0
       0
       0
       0
       0
       0
       0
       1
       0
       0
       0
       0
       0
       0
       0
       0
       0
       0
       1
       0
       0
       0
       0
       0
       0
       0
       0
       0
       0
       0
       0
       0
       0
       0
       0
       0
       0
       0
       0
       0
       0
       0
       0
       0
       0
       0
       0
       0
       0
       0
       0
       0
       0
       0
       0
       0
       1
       0
       0
       0
       0
       1
       0
       1
       0
       0
       0
       0
       0
       0
       0
       0
       0
       1
       0
       0
       0
       1
       0
       0
       0
       0
       0
       0
       0
       0
       0
       0
       0
       0
       0
       0
       0
       0
       0
       0
       0
       0
       0
       0
       0
       0
       0
       0
       0
       0
       1
       0
       0
       1
       0
       0
       1
       0
       1
       0
       1
       0
       1
       0
       0
       0
       0
       1
       1
       0
       1
       0
       0
       0
       0
       0
       0
       0
       0
       0
       0
       1
       0
       0
       0
       0
       0
       0
       0
       0
       0
       0
       0
       1
       0
       0
       0
       0
       0
       0
       0
       0
       0
       0
       0
       0
       0
       0
       0
       0
       0
       0
       0
       0
       0
       0
       1
       0
       0
       0
       0
       0
       0
       1
       0
       0
       0
       0
       1
       1
       1
       0
       0
       0
       0
       0
       0
       0
       0
       0
       0
       1
       0
       0
       0
       0
       0
       1
       0
       0
       0
       0
       1
       0
       0
       0
       1
       0
       0
       0
       0
       0
       0
       0
       0
       0
       0
       1
       0
       1
       0
       0
       0
       0
       0
       0
       0
       0
       0
       0
       0
       0
       2
       0
       0
       0
       0
       0
       0
       0
       0
       0
       0
       0
       1
       0
       0
       0
       0
       0
       0
       0
       0
       2
      40
       1
       0
       0
       0
       0
       0
       0
       0
       0
       0
       0
       0
       0
       0
       0
       0
       0
       0
       0
       0
       0
       0
       0
       0
       0
       0
       0
       0
       0
       0
       0
       0
       0
       0
       0
       0
       0
       0
       0
       0
       0
       0
       0
       0
       0
       0
       0
       0
       0
       0
       0
       0
       0
       0
       0
       0
       0
       0
       0
       0
       0
       0
       0
       0
       0
       0
       0
       0
       0
       0
       0
       0
       0
       0
       0
       0
       0
       0
       0
       0
       0
       0
       0
       0
       0
       0
       0
       0
       0
       0
       0
       0
       0
       0
       0
       0
       0
       0
       0
       0
       0
       0
       0
       0
       0
       0
       0
       0
       0
       0
       0
       0
       0
       0
       0
       0
       0
       0
       0
       0
       0
       0
       0
       0
       0
       0
       0
       0
       0
       0
       0
       0
       0
       0
       0
       0
       0
       0
       0
       0
       0
       0
       0
       0
       0
       0
       0
       0
       0
       0
       0
       0
       0
       0
       0
       0
       0
       0
       0
       0
       0
       0
       0
       0
       0
       0
       0
       0
       0
       0
       0
       0
       0
       0
       0
       0
       0
       0
       0
       0
       0
       0
       0
       0
       0
       0
       0
       0
       0
       0
       0
       0
       0
       0
       0
       0
       0
       0
       0
       0
       0
       0
       0
       0
       0
       0
       0
       0
       0
       0
       0
       0
       0
       0
       0
       0
       0
       0
       0
       0
       0
       0
       0
       0
       0
       0
       0
       0
       0
       0
       0
       0
       0
       0
       0
       0
       0
       0
       0
       0
       0
       0
       0
       0
       0
       0
       0
       0
       0
       0
       0
       0
       0
       0
       0
       0
       0
       0
       0
       0
       0
       0
       0
       0
       0
       0
       0
       0
       0
       0
       0
       0
       0
       0
       0
       0
       0
       0
       0
       0
       0
       0
       0
       0
       0
       0
       0
       0
       0
       0
       0
       0
       0
       0
       0
       0
       0
       0
       0
       0
       0
       0
       0
       0
       0
       0
       0
       0
       0
       0
       0
       0
       0
       0
       0
       0
       0
       0
       0
       0
       0
       0
       0
       0
       0
       0
       0
       0
       0
       0
       0
       0
       0
       0
       0
       0
       0
       0
       0
       0
       0
       0
       0
       0
       0
       0
       0
       0
       0
       0
       0
       0
       0
       0
       0
       0
       0
       0
       0
       0
       0
       0
       0
       0
       0
       0
       0
       0
       0
       0
       0
       0
       0
       0
       0
       0
       0
       0
       0
       0
       0
       0
       0
       0
       0
       0
       0
       0
       0
       0
       0
       0
       0
       0
       0
       0
       0
       0
       0
       0
       0
       0
       0
       0
       0
       0
       0
       0
       0
       0
       0
       0
       0
       0
       0
       0
       0
       0
       0
       0
       0
       0
       0
       0
       0
       0
       0
       0
       0
       0
       0
       0
       0
       0
       0
       0
       0
       0
       0
       0
       0
       0
       0
       0
       0
       0
       0
       0
       0
       0
       0
       0
       0
       0
       0
       0
       0
       0
       0
       0
       0
       0
       0
       0
       0
       0
       0
       0
       0
       0
       0
       0
       0
       0
       0
       0
       0
       0
       0
       0
       0
       0
       0
       0
       0
       0
       0
       0
       0
       0
       0
       0
       0
       0
       0
       0
       0
       0
       0
       0
       0
       0
       0
       0
       0
       0
       0
       0
       0
       0
       0
       0
       0
$ROI:
0
$PRESETS:
Live Time
420
0
$ENER_FIT:
0.000000 0.000000
$MCA_CAL:
3
0.000000E+000 0.000000E+000 0.000000E+000 
$SHAPE_CAL:
3
0.000000E+000 0.000000E+000 0.000000E+000
