$SPEC_ID:
Run01_Am241
$SPEC_REM:
DET# 1
DETDESC# GRAD-LAB Easy-MCA-2k SN 14127175
AP# Maestro Version 7.01
$DATE_MEA:
10/10/2016 13:33:30
$MEAS_TIM:
303 309
$DATA:
0 2047
       0
       0
       0
       1
       0
       0
       0
       0
       0
       0
       0
       0
       0
       1
      10
      12
       5
       2
       4
       0
       0
       0
       2
       3
       1
       2
       1
       1
       2
       1
       0
       3
       4
       1
       0
       0
       3
       2
       1
       2
       3
       0
       2
       2
       1
       0
       1
       0
       2
       2
       3
       2
       0
       3
       0
       1
       3
       3
       2
       0
       4
       1
       3
       3
       0
       2
       4
       1
       4
       9
       4
       3
       3
       8
       5
       4
       8
       9
      12
       7
       9
       8
       4
       7
       7
       5
       9
       9
       9
      12
       8
      10
      21
      15
      10
       8
       5
      14
       7
       4
      12
      10
      12
       6
      12
      13
      12
       7
      12
      13
      11
      11
      11
      10
      10
      10
      18
      10
      16
      13
       7
      13
      18
       8
       9
      22
      12
      17
       9
       9
      12
      10
      12
      15
      16
      10
      15
      13
      12
      19
      14
      19
      11
      21
      12
      12
      15
      17
      19
      15
      22
       5
      19
      11
       7
      13
      14
      11
      11
      18
      21
      14
      13
      15
      22
      20
      14
      21
      10
      13
      13
      14
      10
      16
      22
      12
      13
       5
      10
      19
       6
      11
      16
      18
      13
      16
      13
      12
      11
      24
      15
      24
      14
      17
      16
      15
      13
      19
      20
      15
      14
      17
      15
      17
      13
      17
      15
      18
       8
      11
      20
      11
      12
      15
      23
      15
      19
      22
      12
      21
      14
      14
      18
      14
      13
      12
      16
      17
       8
      23
      14
      16
      18
      15
      17
      15
      24
      12
      20
      16
      15
      25
      24
      16
      20
      17
      18
      10
      15
      11
      25
      13
      20
      25
       9
      30
      16
      13
      26
      13
      18
      16
      15
      15
      12
      16
      19
      24
      21
      18
      19
      29
      17
      25
      19
      18
      22
      22
      19
      19
      28
      24
      33
      32
      30
      35
      25
      24
      26
      26
      27
      22
      24
      19
      25
      26
      25
      26
      26
      22
      22
      22
      23
      26
      36
      31
      26
      32
      33
      32
      29
      24
      32
      13
      21
      28
      25
      30
      21
      31
      36
      34
      32
      37
      40
      42
      42
      40
      66
      53
      42
      50
      49
      60
      64
      72
      68
      67
      70
      71
      97
     107
     140
     150
     192
     309
     408
     714
    1052
    1680
    2149
    2976
    3772
    4421
    4708
    4843
    4500
    3860
    3171
    2441
    1694
    1111
     612
     387
     218
     115
      78
      48
      53
      26
      24
      34
      27
      26
      25
      28
      37
      45
      36
      43
      40
      53
      43
      68
      71
     128
     182
     199
     296
     384
     498
     524
     596
     641
     613
     557
     437
     369
     250
     218
     118
      75
      47
      17
      18
      10
       8
      15
      13
       8
       3
      10
       9
       8
       8
      11
       5
       4
       6
       7
       3
       6
       6
       7
       7
       1
       5
       7
      12
      10
       9
       9
       9
       9
      11
       9
       9
       5
       4
       7
       4
       8
       6
       4
       3
       4
       6
       3
       4
       1
       5
       6
       8
       6
       3
       6
      10
       5
      11
       5
       9
       2
       8
       6
      10
       7
       6
       8
       3
       7
       6
      12
       4
       3
       9
       3
       4
       3
       4
       5
       5
       5
       7
       4
       7
       4
       8
      10
       9
      12
       7
       8
       8
       3
       8
       5
       7
       7
       5
       3
       3
       3
       7
       3
       4
       8
       7
       6
       5
       6
       6
      11
       4
       9
       8
      11
      12
      11
      12
       6
       7
       6
       3
      11
       7
       7
       3
       8
       6
       3
       6
      10
       4
      10
       6
       7
       5
       4
       5
       9
       9
       6
       4
       8
      13
       1
       2
       7
       4
       6
      10
       5
       5
       4
       6
       8
       4
       4
       5
       3
       4
       4
       7
       9
       1
       6
       7
       4
       8
       2
       3
       4
       5
       9
       4
       8
       9
       8
       2
       8
       5
       6
       8
       3
       8
       9
       3
       5
       4
       5
       8
      11
       7
      12
       6
       8
       6
       2
       6
       6
       7
       7
       7
       1
       3
       6
       8
       3
       2
       7
       6
       5
       6
       5
      11
       8
       7
       7
       4
      15
       7
       6
       4
       9
       7
       7
       2
       6
       6
      10
       9
       4
       8
      10
       6
       8
       3
       9
       4
       6
       9
       8
       7
       8
       7
      14
       8
       9
       9
      12
       7
       6
       6
       9
      12
       4
      21
      17
      10
      10
      10
       9
       9
       8
       9
       6
      11
      12
      10
      12
       7
       9
       9
      14
       5
      12
      11
      11
       7
      16
      14
      20
      13
      12
      20
      13
      10
       8
      14
      10
      11
      21
      14
      15
      16
      16
      13
      17
      21
      14
      15
      16
      20
      13
      23
      19
      20
      13
      20
       6
      12
      12
       9
       7
      14
       5
      10
       6
      11
       4
       5
       1
       3
       3
       3
       4
       3
       3
       5
       2
       4
       6
       5
       8
       1
       6
       8
       4
       5
       7
      11
       7
       4
       3
       8
       1
       2
       8
       7
       3
       3
       0
       1
       2
       1
       2
       2
       5
       3
       1
       1
       2
       0
       1
       2
       3
       1
       1
       2
       2
       2
       3
       2
       0
       1
       4
       4
       0
       2
       3
       1
       2
       5
       1
       2
       2
       2
       1
       0
       0
       2
       0
       2
       3
       0
       3
       2
       4
       0
       2
       2
       3
       1
       3
       1
       2
       2
       1
       0
       0
       0
       2
       2
       1
       3
       1
       0
       0
       1
       1
       2
       0
       0
       2
       1
       1
       1
       1
       0
       1
       2
       0
       0
       1
       2
       3
       0
       1
       2
       0
       1
       1
       1
       3
       0
       2
       2
       0
       1
       1
       1
       0
       3
       0
       1
       2
       0
       2
       0
       0
       0
       1
       0
       0
       1
       0
       0
       1
       1
       0
       1
       2
       0
       2
       5
       1
       0
       2
       1
       0
       3
       1
       0
       1
       2
       2
       1
       0
       1
       1
       0
       0
       1
       1
       0
       0
       1
       1
       1
       0
       0
       2
       1
       1
       1
       0
       0
       0
       2
       1
       0
       1
       0
       0
       0
       1
       1
       1
       2
       1
       0
       1
       0
       0
       1
       0
       2
       0
       0
       0
       1
       0
       0
       0
       0
       0
       0
       0
       1
       0
       2
       2
       1
       3
       0
       4
       0
       1
       0
       0
       0
       1
       0
       2
       0
       1
       1
       2
       0
       1
       1
       0
       0
       1
       1
       0
       0
       0
       1
       1
       2
       1
       0
       1
       0
       1
       1
       0
       1
       1
       0
       0
       0
       2
       1
       0
       0
       1
       1
       0
       1
       0
       1
       1
       1
       1
       0
       0
       0
       1
       1
       0
       2
       1
       0
       1
       2
       0
       1
       0
       3
       1
       0
       1
       0
       0
       1
       1
       0
       1
       0
       0
       0
       0
       0
       0
       0
       1
       0
       2
       0
       0
       0
       1
       0
       0
       0
       0
       0
       1
       0
       0
       3
       0
       0
       0
       2
       0
       1
       0
       1
       0
       0
       3
       1
       0
       1
       0
       0
       2
       1
       0
       0
       0
       2
       0
       0
       1
       0
       0
       0
       0
       0
       0
       2
       0
       0
       1
       0
       0
       1
       0
       0
       0
       1
       0
       1
       0
       0
       0
       0
       1
       0
       1
       0
       0
       0
       0
       0
       0
       0
       0
       0
       0
       1
       0
       1
       0
       0
       0
       1
       0
       0
       0
       0
       0
       1
       0
       0
       0
       0
       1
       0
       0
       1
       0
       0
       0
       0
       0
       0
       1
       0
       0
       0
       0
       0
       0
       0
       0
       0
       0
       0
       0
       0
       0
       2
       0
       1
       0
       0
       1
       2
       0
       0
       1
       1
       0
       0
       2
       0
       0
       0
       0
       0
       0
       0
       0
       0
       0
       0
       0
       0
       0
       0
       0
       0
       0
       0
       0
       0
       0
       0
       0
       1
       1
       1
       0
       0
       0
       0
       1
       0
       2
       0
       0
       0
       0
       0
       1
       0
       0
       1
       0
       1
       0
       1
       0
       0
       1
       0
       0
       1
       0
       0
       0
       0
       1
       0
       0
       0
       1
       0
       1
       0
       0
       1
       0
       0
       0
       2
       0
       0
       0
       0
       0
       0
       0
       0
       0
       0
       1
       0
       0
       1
       2
       0
       0
       0
       0
       0
       0
       1
       0
       0
       0
       0
       0
       0
       0
       0
       0
       0
       0
       0
       0
       0
       0
       0
       0
       0
       0
       0
       0
       0
       0
       0
       0
       0
       0
       0
       0
       0
       0
       0
       0
       0
       0
       0
       0
       0
       0
       0
       0
       0
       0
       0
       0
       0
       0
       0
       0
       0
       0
       0
       0
       0
       0
       1
       0
       0
       0
       0
       0
       0
       0
       0
       0
       0
       0
       0
       0
       1
       1
       0
       0
       0
       0
       1
       0
       0
       1
       0
       0
       0
       2
       0
       0
       0
       1
       0
       1
       0
       0
       1
       0
       0
       0
       0
       0
       0
       0
       0
       0
       0
       0
       0
       0
       1
       0
       0
       0
       0
       0
       0
       0
       0
       0
       0
       0
       0
       1
       0
       0
       0
       0
       0
       0
       0
       0
       0
       0
       0
       0
       0
       0
       0
       0
       0
       0
       0
       0
       0
       0
       0
       0
       1
       0
       0
       1
       0
       0
       1
       0
       0
       0
       0
       0
       0
       0
       0
       0
       0
       0
       0
       0
       0
       0
       0
       0
       0
       0
       0
       0
       0
       0
       0
       0
       0
       0
       0
       0
       0
       0
       0
       0
       0
       0
       0
       0
       0
       0
       0
       0
       0
       0
       0
       0
       0
       0
       0
       1
       0
       0
       0
       0
       0
       0
       0
       0
       0
       0
       0
       0
       0
       0
       1
       0
       0
       0
       0
       0
       0
       0
       0
       1
       0
       0
       0
       0
       0
       0
       0
       0
       0
       0
       0
       0
       0
       0
       0
       0
       0
       0
       0
       0
       0
       0
       0
       0
       0
       0
       0
       0
       0
       0
       0
       0
       0
       0
       0
       0
       0
       0
       0
       0
       0
       0
       0
       0
       0
       0
       0
       0
       0
       0
       0
       0
       0
       0
       0
       0
       0
       0
       0
       0
       0
       0
       0
       0
       0
       0
       0
       0
       0
       0
       0
       0
       0
       0
       0
       0
       0
       0
       0
       0
       0
       0
       0
       0
       0
       0
       0
       0
       0
       0
       0
       0
       0
       0
       0
       0
       0
       0
       0
       0
       0
       0
       0
       0
       0
       0
       0
       0
       0
       0
       0
       0
       0
       0
       0
       0
       0
       0
       0
       0
       0
       0
       0
       0
       0
       0
       0
       0
       0
       0
       0
       0
       0
       0
       0
       0
       0
       0
       0
       0
       0
       0
       0
       0
       0
       0
       0
       0
       0
       0
       0
       0
       0
       0
       0
       0
       0
       0
       0
       0
       0
       0
       0
       0
       0
       0
       0
       0
       0
       0
       0
       0
       0
       0
       0
       0
       0
       0
       0
       0
       0
       0
       0
       0
       0
       0
       0
       0
       0
       0
       0
       0
       0
       0
       0
       0
       0
       0
       0
       0
       0
       0
       0
       0
       0
       0
       0
       0
       0
       0
       0
       0
       0
       0
       0
       0
       0
       0
       0
       0
       0
       0
       0
       0
       0
       0
       0
       0
       0
       0
       0
       0
       0
       0
       0
       0
       0
       0
       0
       0
       0
       0
       0
       0
       0
       0
       0
       0
       0
       0
       0
       0
       0
       0
       0
       0
       0
       0
       0
       0
       0
       0
       0
       0
       0
       0
       0
       0
       0
       0
       0
       0
       0
       0
       0
       0
       0
       0
       0
       0
       0
       0
       0
       0
       0
       0
       0
       0
       0
       0
       0
       0
       0
       0
       0
       0
       0
       0
       0
       0
       0
       0
       0
       0
       0
       0
       0
       0
       0
       0
       0
       0
       0
       0
       0
       0
       0
       0
       0
       0
       0
       0
       0
       0
       0
       0
       0
       0
       0
       0
       0
       0
       0
       0
       0
       0
       0
       0
       0
       0
       0
       0
       0
       0
       0
       0
       0
       0
       0
       0
       0
       0
       0
       0
       0
       0
       0
       0
       0
       0
       0
       0
       0
       0
       0
       0
       0
       0
       0
       0
       0
       0
       0
       0
       0
       0
       0
       0
       0
       0
       0
       0
       0
       0
       0
       0
       0
       0
       0
       0
       0
       0
       0
       0
       0
       0
       0
       0
       0
       0
       0
       0
       0
       0
       0
       0
       0
       0
       0
       0
       0
       0
       0
       0
       0
       0
       0
       0
       0
       0
       0
       0
       0
       0
       0
       0
       0
       0
       0
       0
       0
       0
       0
       0
       0
       0
       0
       0
       0
       0
       0
       0
       0
       0
       0
       0
       0
       0
       0
       0
       0
       0
       0
       0
       0
       0
       0
       0
       0
       0
       0
       0
       0
       0
       0
       0
       0
       0
       0
       0
       0
       0
       0
       0
       0
       0
       0
       0
       0
       0
       0
       0
       0
       0
       0
       0
       0
       0
       0
       0
       0
       0
       0
       0
       0
       0
       0
       0
       0
       0
       0
       0
       0
       0
       0
       0
       0
       0
       0
       0
       0
       0
       0
       0
       0
       0
       0
       0
       0
       0
       0
       0
       0
       0
       0
       0
       0
       0
       0
       0
       0
       0
       0
       0
       0
       0
       0
       0
       0
       0
       0
       0
       0
       0
       0
       0
       0
       0
       0
       0
       0
       0
       0
       0
       0
       0
       0
       0
       0
       0
       0
       0
       0
       0
       0
       0
       0
       0
       0
       0
       0
       0
$ROI:
0
$PRESETS:
None
0
0
$ENER_FIT:
0.000000 0.000000
$MCA_CAL:
3
0.000000E+000 0.000000E+000 0.000000E+000 
$SHAPE_CAL:
3
0.000000E+000 0.000000E+000 0.000000E+000
