$SPEC_ID:
Run01_Am241
$SPEC_REM:
DET# 1
DETDESC# GRAD-LAB Easy-MCA-2k SN 14127175
AP# Maestro Version 7.01
$DATE_MEA:
10/12/2016 13:42:31
$MEAS_TIM:
306 308
$DATA:
0 2047
       0
       0
     598
      45
       1
       0
       0
       0
       0
       0
       1
       0
       1
       2
       6
       6
       6
       2
       3
       0
       1
       0
       0
       1
       1
       3
       0
       1
       1
       0
       0
       0
       0
       0
       1
       2
       0
       1
       1
       0
       1
       1
       1
       0
       1
       2
       0
       1
       0
       0
       1
       0
       0
       2
       0
       0
       1
       3
       0
       1
       1
       1
       1
       1
       1
       1
       1
       0
       1
       2
       0
       1
       0
       2
       4
       1
       0
       1
       0
       2
       1
       4
       0
       4
       1
       6
       6
       3
       2
       2
       4
       2
       1
       3
       2
       3
       3
       3
       0
       5
       4
       2
       1
       3
       6
       5
       3
       5
       0
       3
       3
       3
       3
       2
       4
       4
       5
       2
       3
       4
       4
       3
       2
       2
       5
       3
       4
       1
       4
       0
       5
       3
       4
       2
       0
       8
       4
       3
       5
       2
       5
       2
       1
       1
       4
       1
       4
       7
       4
       3
       4
       4
       1
       2
       4
       3
       2
       2
       4
       2
       4
       4
       1
       3
       3
       3
       7
       4
       4
       3
       3
       2
       4
      10
       7
       8
       6
       7
       1
       6
       6
      10
       4
       3
       5
       7
       5
       3
       3
       3
       3
       7
       6
       5
       2
       6
       1
       6
       1
       7
       3
       5
       7
       4
       7
       4
      10
       3
       2
       5
      12
       9
       9
       9
       9
       4
       4
       5
      15
      11
      16
      16
      16
      18
       9
      11
       4
      14
      13
       8
      11
      15
      10
      17
      11
      13
      11
      12
      17
      17
      15
      19
      27
      66
      58
     121
     185
     267
     324
     439
     434
     414
     360
     337
     294
     182
     133
      67
      45
      24
      18
      14
      13
       6
      14
      14
      19
      21
      25
      34
      71
     104
     132
     199
     238
     369
     415
     442
     398
     423
     389
     296
     278
     213
     155
     124
     103
      95
      81
      89
      89
      93
     121
     130
      95
      98
      65
      59
      47
      35
      30
      17
      16
       5
       4
       1
       2
       2
       6
       4
       1
       5
       6
       9
       5
      12
      11
      29
      37
      36
      48
      46
      41
      34
      34
      26
      24
      15
      24
       9
      14
      17
      25
      28
      20
      20
      21
      14
       9
      10
       8
       5
       1
       7
       5
       3
       6
       3
       1
       4
       4
       0
       1
       1
       1
       2
       1
       1
       2
       0
       1
       0
       1
       0
       0
       1
       0
       2
       0
       1
       0
       1
       1
       1
       0
       2
       0
       0
       2
       3
       0
       3
       0
       2
       0
       1
       2
       2
       2
       2
       2
       2
       1
       0
       1
       1
       0
       1
       1
       1
       0
       0
       0
       1
       0
       0
       0
       0
       0
       1
       0
       0
       1
       1
       2
       2
       1
       0
       0
       1
       0
       0
       0
       2
       1
       1
       0
       1
       2
       2
       7
       2
       4
       5
       1
       3
       3
       3
       1
       1
       0
       2
       2
       1
       1
       1
       3
       0
       1
       1
       1
       1
       1
       2
       1
       2
       0
       2
       1
       0
       1
       0
       2
       1
       0
       0
       2
       1
       1
       0
       1
       1
       1
       1
       2
       3
       0
       1
       0
       0
       1
       0
       0
       0
       1
       0
       2
       0
       1
       1
       1
       1
       0
       0
       0
       3
       2
       1
       3
       2
       0
       1
       0
       0
       3
       0
       3
       1
       0
       0
       1
       2
       3
       6
       1
       5
       4
       0
       6
       7
       3
       3
       1
       3
       2
       1
       3
       2
       1
       2
       1
       1
       1
       2
       1
       0
       0
       0
       0
       1
       0
       0
       0
       2
       1
       1
       2
       1
       1
       0
       0
       0
       1
       1
       1
       0
       1
       1
       3
       2
       0
       1
       1
       0
       2
       1
       1
       1
       0
       1
       0
       1
       1
       0
       1
       2
       0
       3
       0
       1
       0
       1
       0
       1
       1
       2
       0
       2
       0
       2
       1
       0
       0
       1
       2
       1
       2
       0
       0
       2
       3
       0
       3
       6
       1
       1
       3
       1
       2
       0
       1
       1
       4
       2
       0
       0
       0
       1
       1
       1
       0
       3
       2
       0
       0
       2
       0
       2
       0
       2
       1
       0
       0
       2
       0
       1
       2
       2
       1
       0
       2
       1
       2
       0
       2
       1
       2
       0
       1
       0
       3
       3
       1
       0
       3
       0
       1
       1
       2
       0
       2
       0
       1
       2
       3
       3
       0
       2
       4
       4
       1
       0
       2
       1
       2
       1
       5
       4
       1
       4
       7
       1
       0
       0
       5
       4
       2
       3
       5
       6
       1
       1
       4
       3
       3
       3
       4
       3
       3
       1
       4
       5
       2
       5
       3
       4
       0
       5
       8
       3
       7
      10
      13
       6
      11
      18
      17
      12
       9
      11
      10
       7
       3
       3
       3
      10
       2
       1
       1
       1
       1
       1
       2
       1
       2
       1
       0
       3
       0
       2
       1
       2
       2
       4
       5
       0
       0
       1
       2
       2
       0
       3
       0
       1
       2
       0
       1
       0
       0
       2
       0
       1
       4
       0
       3
       2
       4
       0
       1
       0
       0
       2
       3
       1
       1
       2
       3
       3
       0
       1
       1
       1
       2
       2
       0
       3
       0
       1
       3
       3
       2
       2
       1
       1
       3
       1
       1
       0
       5
       2
       2
       3
       2
       4
       4
       3
       5
       1
       4
       2
       3
       0
       1
       3
       2
       4
       2
       3
       2
       0
       3
       2
       0
       2
       3
       1
       0
       1
       2
       0
       1
       1
       1
       2
       0
       1
       0
       3
       1
       3
       1
       1
       0
       1
       4
       0
       1
       1
       0
       1
       0
       0
       2
       1
       1
       1
       0
       0
       3
       0
       1
       1
       1
       1
       3
       1
       0
       3
       1
       0
       0
       0
       0
       1
       0
       3
       0
       1
       3
       2
       1
       0
       0
       0
       0
       1
       2
       0
       0
       0
       1
       1
       0
       2
       2
       0
       2
       0
       1
       0
       1
       3
       2
       1
       1
       1
       0
       0
       1
       1
       1
       1
       1
       1
       2
       2
       0
       1
       1
       1
       1
       1
       0
       1
       0
       0
       1
       0
       2
       0
       1
       0
       1
       3
       0
       0
       0
       0
       0
       0
       0
       0
       0
       2
       1
       0
       2
       1
       0
       1
       2
       1
       0
       1
       0
       0
       0
       0
       1
       2
       4
       1
       0
       1
       0
       1
       1
       3
       1
       0
       0
       1
       1
       0
       2
       3
       2
       2
       0
       3
       0
       2
       1
       0
       1
       0
       1
       0
       1
       1
       0
       1
       0
       1
       2
       0
       1
       1
       0
       0
       0
       0
       0
       1
       1
       2
       0
       0
       0
       2
       2
       2
       0
       0
       0
       0
       1
       0
       0
       0
       1
       0
       0
       0
       0
       0
       0
       0
       0
       1
       0
       0
       1
       0
       1
       1
       0
       1
       0
       0
       0
       0
       0
       0
       1
       0
       2
       0
       1
       0
       0
       1
       1
       0
       0
       0
       0
       2
       0
       0
       0
       1
       0
       0
       0
       1
       0
       1
       2
       0
       0
       0
       0
       0
       0
       0
       0
       0
       1
       0
       0
       2
       1
       1
       0
       0
       0
       1
       0
       1
       0
       1
       0
       0
       0
       0
       1
       0
       0
       0
       1
       0
       1
       0
       1
       0
       1
       1
       1
       0
       1
       0
       1
       0
       2
       0
       0
       0
       1
       1
       0
       0
       0
       0
       0
       0
       0
       0
       0
       1
       1
       0
       1
       0
       0
       0
       0
       0
       0
       0
       0
       0
       0
       0
       0
       0
       2
       0
       0
       0
       0
       0
       0
       1
       0
       0
       0
       0
       0
       0
       0
       0
       0
       0
       0
       0
       1
       0
       2
       0
       0
       1
       0
       0
       0
       1
       0
       0
       0
       0
       0
       0
       0
       0
       0
       0
       0
       0
       0
       0
       0
       2
       0
       1
       0
       1
       0
       1
       0
       0
       0
       0
       1
       0
       0
       0
       0
       1
       0
       0
       0
       0
       2
       1
       0
       1
       1
       0
       0
       0
       0
       1
       0
       0
       1
       0
       2
       0
       1
       0
       0
       0
       0
       0
       0
       0
       0
       0
       0
       0
       1
       0
       0
       0
       0
       2
       0
       0
       0
       1
       1
       0
       0
       0
       1
       0
       1
       0
       0
       0
       0
       0
       1
       0
       0
       1
       0
       0
       1
       1
       0
       0
       0
       0
       1
       0
       0
       0
       0
       0
       0
       0
       0
       0
       0
       0
       0
       0
       1
       0
       0
       1
       0
       0
       0
       0
       0
       1
       0
       0
       0
       0
       0
       0
       2
       1
       0
       0
       0
       0
       0
       1
       0
       0
       0
       0
       0
       0
       0
       0
       0
       0
       0
       0
       0
       0
       0
       0
       0
       0
       0
       0
       0
       0
       0
       1
       0
       0
       0
       0
       0
       0
       0
       0
       0
       1
       0
       0
       0
       0
       0
       0
       0
       0
       0
       0
       0
       0
       0
       0
       1
       0
       0
       0
       0
       0
       0
       0
       0
       1
       0
       0
       0
       0
       0
       1
       0
       0
       0
       0
       0
       0
       0
       0
       0
       0
       0
       0
       0
       0
       0
       0
       0
       0
       0
       0
       0
       0
       0
       0
       0
       0
       0
       0
       0
       0
       0
       0
       0
       0
       0
       0
       0
       0
       0
       0
       0
       1
       0
       0
       0
       0
       0
       0
       0
       1
       0
       1
       0
       0
       0
       0
       0
       0
       1
       0
       0
       0
       0
       0
       0
       0
       0
       0
       0
       0
       0
       0
       0
       0
       0
       0
       0
       0
       0
       0
       0
       0
       0
       0
       0
       0
       0
       0
       0
       0
       0
       0
       0
       0
       0
       0
       0
       0
       0
       0
       0
       0
       0
       0
       0
       0
       0
       0
       0
       0
       0
       0
       0
       0
       0
       0
       0
       0
       0
       0
       0
       0
       0
       0
       0
       0
       0
       0
       0
       0
       0
       0
       0
       0
       0
       0
       0
       0
       0
       1
       0
       0
       0
       0
       0
       0
       0
       0
       0
       0
       0
       0
       0
       0
       0
       0
       0
       0
       1
       0
       0
       0
       0
       0
       0
       0
       0
       0
       0
       0
       0
       0
       0
       0
       0
       0
       0
       0
       0
       0
       0
       0
       0
       0
       0
       0
       0
       0
       0
       0
       0
       0
       0
       0
       0
       0
       0
       0
       0
       0
       0
       0
       0
       0
       0
       0
       0
       0
       0
       0
       0
       0
       0
       0
       0
       0
       0
       0
       0
       0
       0
       0
       0
       0
       0
       0
       0
       0
       0
       0
       0
       0
       0
       0
       0
       0
       0
       0
       0
       0
       0
       0
       0
       0
       0
       0
       0
       0
       0
       0
       0
       0
       0
       0
       0
       0
       0
       0
       0
       0
       0
       0
       0
       0
       0
       0
       0
       0
       0
       0
       0
       0
       0
       0
       0
       0
       0
       0
       0
       0
       0
       0
       0
       0
       0
       0
       0
       0
       0
       0
       0
       0
       0
       0
       0
       0
       0
       0
       0
       0
       0
       0
       0
       0
       0
       0
       0
       0
       0
       0
       0
       0
       0
       0
       0
       0
       0
       0
       0
       0
       0
       0
       0
       0
       0
       0
       0
       0
       0
       0
       0
       0
       0
       0
       0
       0
       0
       0
       0
       0
       0
       0
       0
       0
       0
       0
       0
       0
       0
       0
       0
       0
       0
       0
       0
       0
       0
       0
       0
       0
       0
       0
       0
       0
       0
       0
       0
       0
       0
       0
       0
       0
       0
       0
       0
       0
       0
       0
       0
       0
       0
       0
       0
       0
       0
       0
       0
       0
       0
       0
       0
       0
       0
       0
       0
       0
       0
       0
       0
       0
       0
       0
       0
       0
       0
       0
       0
       0
       0
       0
       0
       0
       0
       0
       0
       0
       0
       0
       0
       0
       0
       0
       0
       0
       0
       0
       0
       0
       0
       0
       0
       0
       0
       0
       0
       0
       0
       0
       0
       0
       0
       0
       0
       0
       0
       0
       0
       0
       0
       0
       0
       0
       0
       0
       0
       0
       0
       0
       0
       0
       0
       0
       0
       0
       0
       0
       0
       0
       0
       0
       0
       0
       0
       0
       0
       0
       0
       0
       0
       0
       0
       0
       0
       0
       0
       0
       0
       0
       0
       0
       0
       0
       0
       0
       0
       0
       0
       0
       0
       0
       0
       0
       0
       0
       0
       0
       0
       0
       0
       0
       0
       0
       0
       0
       0
       0
       0
       0
       0
       0
       0
       0
       0
       0
       0
       0
       0
       0
       0
       0
       0
       0
       0
       0
       0
       0
       0
       0
       0
       0
       0
       0
       0
       0
       0
       0
       0
       0
       0
       0
       0
       0
       0
       0
       0
       0
       0
       0
       0
       0
       0
       0
       0
       0
       0
       0
       0
       0
       0
       0
       0
       0
       0
       0
       0
       0
       0
       0
       0
       0
       0
       0
       0
       0
       0
       0
       0
       0
       0
       0
       0
       0
       0
       0
       0
       0
       0
       0
       0
       0
       0
       0
       0
       0
       0
       0
       0
       0
       0
       0
       0
       0
       0
       0
       0
       0
       0
       0
       0
       0
       0
       0
       0
       0
       0
       0
       0
       0
       0
       0
       0
       0
       0
       0
       0
       0
       0
       0
       0
       0
       0
       0
       0
       0
       0
       0
       0
       0
       0
       0
       0
       0
       0
       0
       0
       0
       0
       0
       0
       0
       0
       0
       0
       0
       0
       0
       0
       0
       0
       0
       0
       0
$ROI:
0
$PRESETS:
None
0
0
$ENER_FIT:
0.000000 0.000000
$MCA_CAL:
3
0.000000E+000 0.000000E+000 0.000000E+000 
$SHAPE_CAL:
3
0.000000E+000 0.000000E+000 0.000000E+000
