$SPEC_ID:
Run01_Am241
$SPEC_REM:
DET# 1
DETDESC# GRAD-LAB Easy-MCA-2k SN 14127175
AP# Maestro Version 7.01
$DATE_MEA:
10/12/2016 13:49:56
$MEAS_TIM:
899 901
$DATA:
0 2047
       0
       0
       0
       0
       0
       0
       0
       0
       0
       0
       2
       1
       0
       1
       2
       3
       2
       5
       1
       1
       0
       0
       1
       0
       0
       4
       0
       0
       3
       1
       1
       0
       0
       0
       1
       1
       0
       0
       0
       0
       1
       1
       0
       0
       1
       1
       1
       0
       1
       1
       2
       0
       0
       0
       1
       2
       7
       2
       2
       2
       0
       4
       2
       2
       6
       1
       2
       4
       4
       2
       0
       4
       5
       4
       5
       6
       5
       5
       5
      10
       2
       2
       5
       2
       7
       6
       1
       8
       8
       8
       6
       7
       4
       7
       4
       8
       4
       4
       8
       3
       7
       4
       3
       2
       3
       4
       3
       2
       5
       5
       6
       2
       2
       8
       1
       1
       4
       1
       2
       5
       4
      12
       7
      13
       4
       8
       6
       5
      11
       7
      10
       5
      12
      20
      22
      40
      42
      37
      49
      47
      23
      32
      23
      30
      25
      24
      43
      45
      26
      31
      26
      26
      20
      19
      19
      11
      18
       9
       6
       9
       7
       7
       6
       8
       3
       1
      10
       2
       5
       4
       6
       4
       5
       7
       6
       4
       1
       5
       2
       4
       2
       0
       4
       0
       1
       1
       1
       6
       3
       5
       5
       4
       2
       3
       2
       1
       4
       4
       6
       2
       3
       2
       3
       1
       2
       3
       3
       1
       3
       6
       4
       3
       3
       0
       0
       3
       2
       5
       2
       2
       5
       0
       2
       3
       3
       4
       7
       5
       1
       0
       3
       6
       5
       3
       3
       1
       3
       0
       4
       1
       2
       1
       3
       3
       1
       1
       3
       3
       2
       2
       1
       3
       1
       0
       3
       2
       2
       2
       3
       3
       3
       2
       3
       6
       9
       6
       3
       3
       2
       7
       4
       1
       3
       3
       5
       2
       3
       1
       2
       3
       3
       2
       4
       2
       4
       5
       3
       3
       3
       2
       4
       1
       4
       5
       3
       4
       0
       1
       2
       2
       8
       3
       4
       4
       8
       9
      15
      11
      22
      11
       7
       9
       9
      13
       8
       3
       3
       3
       2
       3
       0
       3
       2
       1
       1
       2
       1
       3
       4
       4
       2
       2
       5
       4
       1
       6
       6
       2
       7
       9
       4
       6
       4
       3
       2
       1
       1
       4
       3
       4
       5
       4
       3
       6
       2
       3
       2
      10
       5
       4
       1
       1
       3
       2
       4
       2
       2
       4
       2
       2
       0
       2
       3
       1
       2
       0
       0
       3
       5
       2
       2
       2
       3
       4
       0
       3
       5
       2
       3
       2
       3
       1
       2
       1
       1
       4
       4
       0
       2
       3
       1
       2
       3
       5
       3
       3
       3
       7
       3
       3
       1
       3
       3
       6
       3
       5
       2
       1
       2
       3
       4
       2
       5
       3
       3
       4
       7
       5
       6
       5
       9
       7
       5
      14
       9
      10
       9
      10
       3
       4
       7
       1
       3
       4
       2
       6
       6
       3
       4
       1
       2
       7
       2
       1
       1
       4
       8
       4
       3
       2
       3
       2
       1
       4
       4
       4
       7
       1
       3
       4
       5
       1
       3
       6
       4
       3
       1
       1
       3
       3
       3
       3
       4
       2
       3
       5
       4
       3
       2
       7
       3
       5
       5
       3
       1
       1
       6
       3
       2
       3
       2
       6
       1
       5
       5
       7
       3
       3
       6
       3
       5
       5
      10
       7
       2
       5
       6
       8
       5
      13
      10
       6
       8
       8
       3
       7
       4
       4
       2
       3
       1
       7
       8
       2
       5
       3
       2
       4
       7
       7
       2
       8
       4
       9
       9
       6
       3
       3
       5
       2
       8
       6
       3
       1
       5
       7
       5
       5
       3
       3
       1
       6
      10
       4
       4
       3
       1
      11
       1
       4
       1
       3
       4
       9
       5
       4
      12
       3
       6
      11
       6
       5
       8
       3
       6
       3
       4
       8
       7
       6
       5
       4
       9
       6
       5
       4
       5
       6
       8
       5
      16
       4
       4
       5
       4
       7
       5
       8
       9
       9
       6
       9
       2
       4
       3
      10
       4
       7
       7
      11
       5
       3
       5
       7
       9
       9
       7
       6
       8
       4
       6
       7
       6
       9
       5
       3
      12
       5
       9
       2
       6
       3
       7
      10
       7
       7
      11
      13
       8
      11
       9
       5
       8
       6
       6
       6
      10
       7
       5
       4
       3
       7
       7
       7
      10
       6
       9
       8
      10
       7
       7
      10
       6
      11
       8
      10
      10
      17
       6
       9
      10
      14
       9
      14
      15
      16
      14
      10
      18
      16
      11
       9
      16
      18
      15
      13
      15
      11
      14
      12
      13
      22
      15
      10
      18
      16
      22
      28
      32
      49
      49
      42
      53
      64
      75
      77
      77
      79
      45
      63
      51
      34
      26
      20
      20
      19
      10
      12
      17
       7
       6
      10
       6
       4
       6
       6
       4
      13
       7
       8
       6
       6
       4
       6
      10
       6
      14
       9
       4
       9
      10
       8
       3
       4
      12
      10
       6
      10
       5
       9
       4
       5
      13
       5
       7
       9
       8
       8
       7
       8
      12
       9
      11
       8
       6
       7
      10
       5
       9
       6
      13
      13
      10
      10
      12
       9
       8
       5
       6
       6
       2
       3
       7
      10
       8
      15
       5
      10
      11
      17
      15
      25
      24
      15
      18
      15
      22
      11
      14
      14
      16
       6
      10
      16
       5
       4
       7
       6
       7
      11
       4
      10
       4
       5
       7
       8
       5
       5
       6
       5
      14
       4
       8
       7
       5
       4
       6
       3
       6
       5
       5
       6
       4
       6
       5
       6
       6
       8
       7
       8
       7
       7
       8
       4
       9
       8
       4
       9
      10
      13
       9
      11
       6
       5
       6
       5
      10
       7
       2
       3
       6
       6
       6
       5
      11
       2
       3
       3
       5
       3
       5
      13
       5
       9
      13
       5
       8
      10
      13
       6
       4
       5
       7
       6
      12
      14
      14
      17
      10
       8
      10
      11
       7
      12
       5
      13
       7
       5
       9
      13
       6
       9
      10
      10
       9
      16
      15
       9
      10
      13
      11
       8
      13
       7
      13
       9
      12
       9
      13
      11
      15
       9
      15
      10
      15
      11
      14
      15
      12
      10
      15
      21
      12
       8
      13
       8
       9
      12
      13
      12
      16
       9
      15
      13
      12
      29
      21
      13
      16
      17
      23
      24
      21
      25
      28
      38
      36
      41
      43
      45
      60
      67
      64
      81
     107
     120
     167
     213
     212
     264
     314
     323
     374
     378
     372
     451
     485
     463
     495
     502
     477
     424
     493
     414
     357
     335
     266
     213
     143
     109
      71
      63
      26
      26
      19
      11
      11
       9
       8
       8
       5
       6
       5
       4
       5
       2
       5
       7
       5
       3
       7
       7
       5
       2
       2
       4
       1
       6
       2
       6
       5
       4
       4
       3
       4
       5
       4
       5
       2
       2
       3
       2
       5
       0
       4
       3
       2
       5
       3
       6
       2
       1
       6
       2
       2
       1
       4
       2
       0
       2
       1
       3
       5
       3
       3
       7
       4
       6
       1
       3
       4
       3
       4
       1
       4
       3
       5
       7
       4
       1
       2
       1
       5
       3
       1
       5
       4
       5
       2
       5
       3
       6
       8
       9
       2
       2
       6
      12
       8
       8
       6
      15
      11
      22
      17
      19
      28
      33
      41
      44
      56
      48
      84
      89
      86
      92
      75
      86
      85
      63
      62
      45
      46
      24
      20
      23
      11
      14
      11
       2
      10
      11
       4
      12
       5
      13
      12
      13
       8
      19
      13
      19
      14
      12
      13
       7
      12
       5
       2
       2
       3
       1
       1
       1
       0
       1
       0
       1
       0
       0
       0
       2
       0
       0
       0
       0
       0
       1
       1
       0
       0
       1
       1
       1
       0
       0
       1
       1
       0
       0
       1
       1
       1
       0
       0
       1
       2
       0
       1
       0
       1
       1
       0
       1
       0
       1
       0
       0
       0
       1
       1
       0
       1
       0
       0
       1
       0
       0
       0
       0
       1
       0
       1
       0
       0
       1
       1
       1
       1
       1
       1
       0
       0
       0
       0
       0
       0
       1
       0
       1
       0
       1
       0
       0
       0
       1
       1
       0
       0
       0
       0
       1
       1
       1
       2
       0
       0
       0
       0
       1
       1
       0
       1
       0
       0
       0
       0
       2
       0
       0
       0
       0
       0
       1
       0
       0
       0
       0
       2
       1
       0
       0
       0
       0
       1
       0
       0
       0
       0
       0
       0
       1
       2
       0
       0
       0
       1
       1
       0
       0
       1
       0
       0
       0
       0
       0
       1
       0
       1
       0
       0
       0
       0
       0
       0
       0
       0
       0
       1
       0
       0
       0
       0
       0
       0
       0
       1
       1
       0
       0
       1
       0
       0
       0
       0
       0
       0
       1
       0
       1
       0
       1
       1
       0
       0
       0
       1
       0
       0
       1
       0
       0
       0
       0
       0
       0
       1
       0
       0
       0
       0
       1
       0
       0
       0
       0
       0
       0
       0
       0
       0
       0
       0
       1
       0
       0
       0
       0
       0
       0
       0
       0
       0
       0
       0
       0
       0
       0
       0
       0
       0
       0
       0
       0
       0
       0
       0
       0
       0
       0
       0
       0
       1
       0
       0
       1
       1
       1
       0
       0
       1
       1
       0
       0
       0
       1
       0
       0
       1
       0
       0
       0
       1
       0
       1
       0
       0
       0
       0
       2
       0
       0
       1
       1
       0
       1
       0
       0
       0
       0
       0
       0
       0
       0
       0
       1
       0
       0
       0
       1
       0
       0
       0
       0
       0
       0
       0
       0
       0
       0
       0
       0
       0
       0
       0
       0
       0
       0
       0
       0
       0
       0
       0
       0
       1
       0
       0
       0
       0
       0
       0
       0
       1
       0
       0
       0
       0
       0
       0
       1
       0
       0
       0
       0
       0
       1
       0
       0
       0
       0
       1
       0
       0
       0
       0
       0
       0
       0
       0
       1
       0
       0
       0
       0
       0
       0
       0
       0
       0
       0
       0
       0
       0
       0
       0
       0
       0
       1
       0
       0
       0
       1
       1
       1
       0
       0
       0
       0
       1
       1
       0
       0
       0
       1
       0
      53
      12
       0
       0
       0
       0
       0
       0
       0
       0
       0
       0
       0
       0
       0
       0
       0
       0
       0
       0
       0
       0
       0
       0
       0
       0
       0
       0
       0
       0
       0
       0
       0
       0
       0
       0
       0
       0
       0
       0
       0
       0
       0
       0
       0
       0
       0
       0
       0
       0
       0
       0
       0
       0
       0
       0
       0
       0
       0
       0
       0
       0
       0
       0
       0
       0
       0
       0
       0
       0
       0
       0
       0
       0
       0
       0
       0
       0
       0
       0
       0
       0
       0
       0
       0
       0
       0
       0
       0
       0
       0
       0
       0
       0
       0
       0
       0
       0
       0
       0
       0
       0
       0
       0
       0
       0
       0
       0
       0
       0
       0
       0
       0
       0
       0
       0
       0
       0
       0
       0
       0
       0
       0
       0
       0
       0
       0
       0
       0
       0
       0
       0
       0
       0
       0
       0
       0
       0
       0
       0
       0
       0
       0
       0
       0
       0
       0
       0
       0
       0
       0
       0
       0
       0
       0
       0
       0
       0
       0
       0
       0
       0
       0
       0
       0
       0
       0
       0
       0
       0
       0
       0
       0
       0
       0
       0
       0
       0
       0
       0
       0
       0
       0
       0
       0
       0
       0
       0
       0
       0
       0
       0
       0
       0
       0
       0
       0
       0
       0
       0
       0
       0
       0
       0
       0
       0
       0
       0
       0
       0
       0
       0
       0
       0
       0
       0
       0
       0
       0
       0
       0
       0
       0
       0
       0
       0
       0
       0
       0
       0
       0
       0
       0
       0
       0
       0
       0
       0
       0
       0
       0
       0
       0
       0
       0
       0
       0
       0
       0
       0
       0
       0
       0
       0
       0
       0
       0
       0
       0
       0
       0
       0
       0
       0
       0
       0
       0
       0
       0
       0
       0
       0
       0
       0
       0
       0
       0
       0
       0
       0
       0
       0
       0
       0
       0
       0
       0
       0
       0
       0
       0
       0
       0
       0
       0
       0
       0
       0
       0
       0
       0
       0
       0
       0
       0
       0
       0
       0
       0
       0
       0
       0
       0
       0
       0
       0
       0
       0
       0
       0
       0
       0
       0
       0
       0
       0
       0
       0
       0
       0
       0
       0
       0
       0
       0
       0
       0
       0
       0
       0
       0
       0
       0
       0
       0
       0
       0
       0
       0
       0
       0
       0
       0
       0
       0
       0
       0
       0
       0
       0
       0
       0
       0
       0
       0
       0
       0
       0
       0
       0
       0
       0
       0
       0
       0
       0
       0
       0
       0
       0
       0
       0
       0
       0
       0
       0
       0
       0
       0
       0
       0
       0
       0
       0
       0
       0
       0
       0
       0
       0
       0
       0
       0
       0
       0
       0
       0
       0
       0
       0
       0
       0
       0
       0
       0
       0
       0
       0
       0
       0
       0
       0
       0
       0
       0
       0
       0
       0
       0
       0
       0
       0
       0
       0
       0
       0
       0
       0
       0
       0
       0
       0
       0
       0
       0
       0
       0
       0
       0
       0
       0
       0
       0
       0
       0
       0
       0
       0
       0
       0
       0
       0
       0
       0
       0
       0
       0
       0
       0
       0
       0
       0
       0
       0
       0
       0
       0
       0
       0
       0
       0
       0
       0
       0
       0
       0
       0
       0
       0
       0
       0
       0
       0
       0
       0
       0
       0
       0
       0
       0
       0
       0
       0
       0
       0
       0
       0
       0
       0
       0
       0
       0
       0
$ROI:
0
$PRESETS:
None
0
0
$ENER_FIT:
0.000000 0.000000
$MCA_CAL:
3
0.000000E+000 0.000000E+000 0.000000E+000 
$SHAPE_CAL:
3
0.000000E+000 0.000000E+000 0.000000E+000
