$SPEC_ID:
Run01_Am241
$SPEC_REM:
DET# 1
DETDESC# GRAD-LAB Easy-MCA-2k SN 14127175
AP# Maestro Version 7.01
$DATE_MEA:
10/12/2016 13:12:38
$MEAS_TIM:
1578 1601
$DATA:
0 2047
       0
       0
      33
      66
      37
      11
      11
       3
      14
       8
       8
       7
       3
       8
      12
       8
       2
       3
       4
       3
       4
       3
      11
      12
      12
       7
       4
       4
       1
       0
       2
       3
       2
       3
       3
       1
       2
       3
       3
       2
       2
       2
       1
       0
       3
       2
       1
       2
       2
       2
       2
       6
       3
       5
       3
       4
      10
       4
       4
       5
       3
       8
       6
       7
       8
      10
       8
       6
      14
      10
      11
      10
      11
       9
      16
      18
      12
      15
      18
      18
      16
      18
      21
      29
      11
      28
      29
      26
      17
      24
      24
      35
      28
      19
      33
      30
      22
      39
      40
      29
      38
      46
      37
      44
      44
      38
      38
      47
      43
      36
      30
      30
      36
      31
      35
      31
      48
      28
      40
      30
      38
      50
      43
      30
      46
      46
      45
      38
      49
      43
      45
      36
      42
      46
      44
      33
      42
      50
      45
      48
      39
      39
      34
      30
      43
      34
      42
      45
      37
      38
      44
      47
      46
      41
      50
      39
      41
      50
      41
      45
      41
      36
      36
      44
      51
      47
      37
      54
      45
      35
      41
      61
      43
      42
      53
      52
      44
      41
      55
      53
      49
      34
      41
      44
      55
      48
      52
      52
      36
      49
      53
      39
      53
      46
      49
      53
      38
      46
      43
      42
      35
      40
      50
      37
      65
      65
      40
      36
      60
      36
      53
      47
      33
      49
      55
      58
      48
      57
      42
      48
      56
      37
      55
      50
      57
      35
      61
      47
      33
      54
      35
      53
      47
      44
      43
      51
      53
      43
      52
      51
      52
      52
      62
      56
      47
      53
      47
      59
      48
      63
      58
      51
      54
      39
      47
      42
      46
      47
      62
      59
      48
      69
      89
      70
      93
     104
      86
      76
      72
      66
      61
      51
      48
      51
      56
      57
      62
      47
      57
      44
      50
      51
      58
      39
      48
      56
      59
      60
      63
      53
      65
      63
      56
      51
      46
      56
      52
      58
      59
      56
      61
      65
      53
      59
      73
      78
      69
      90
      67
      69
     102
      77
      73
      66
      69
      56
      62
      55
      52
      51
      49
      46
      60
      65
      68
      58
      55
      55
      59
      63
      57
      79
      71
      59
      71
      63
      62
      64
      52
      65
      65
      65
      56
      63
      60
      59
      59
      62
      74
      51
      44
      60
      72
      81
      65
      60
      92
      69
      80
      74
      73
      76
      81
      71
      94
      99
      74
      78
     100
     117
     122
     149
     218
     239
     256
     370
     420
     447
     490
     508
     504
     424
     378
     298
     233
     194
     160
     122
     131
     108
     117
      90
     106
      86
      99
     104
      96
      82
     116
      84
     125
     103
     119
     126
     110
     139
     124
     129
     133
     132
     141
     165
     175
     172
     161
     194
     225
     214
     257
     274
     334
     418
     520
     661
     922
    1311
    1799
    2412
    3211
    4231
    5333
    6339
    7343
    7973
    8020
    7801
    6994
    6003
    4700
    3449
    2451
    1672
    1127
     703
     448
     275
     207
     164
     124
     105
     114
      98
      90
     102
      90
      77
      92
      87
      83
     112
     126
     140
     138
     200
     199
     203
     198
     206
     206
     180
     191
     147
     127
      99
      97
      92
      89
      89
      80
      75
      95
     110
     121
      88
      98
     104
     116
      89
     112
     139
     126
     142
     170
     182
     213
     238
     279
     312
     331
     392
     410
     446
     543
     628
     671
     706
     788
     875
     932
    1130
    1293
    1690
    2198
    2849
    3444
    4395
    5023
    5639
    5909
    5710
    5443
    4869
    4110
    3314
    2634
    1964
    1518
    1015
     827
     617
     492
     426
     391
     325
     295
     259
     221
     226
     180
     153
     119
     102
      84
      75
      66
      46
      31
      52
      56
      58
      43
      42
      54
      49
      36
      24
      36
      27
      32
      27
      37
      23
      24
      23
      32
      31
      32
      27
      28
      28
      30
      30
      23
      36
      23
      29
      28
      35
      38
      39
      44
      35
      44
      40
      55
      44
      64
      66
      64
      58
      54
      48
      61
      65
      78
      86
     116
     109
     149
     195
     229
     298
     347
     405
     442
     515
     500
     487
     421
     378
     351
     281
     231
     183
     157
     144
     133
     119
     114
     124
     140
     159
     160
     153
     143
     141
     131
     101
      77
      76
      64
      48
      37
      37
      32
      24
      25
      21
      35
      20
      22
      17
      32
      32
      36
      29
      46
      30
      31
      34
      26
      40
      26
      20
      19
      21
      20
      31
      22
      17
      18
      16
      24
      22
      13
      18
      26
      18
      15
      24
      24
      15
      18
      16
      11
      17
      15
      20
      19
      28
      21
      17
      21
      24
      24
      20
      17
      21
      19
      26
      27
      21
      21
      18
      29
      16
      25
      33
      27
      21
      22
      21
      18
      29
      32
      30
      27
      26
      35
      38
      43
      68
      62
      54
      70
      65
      72
      62
      64
      46
      47
      45
      38
      30
      31
      18
      18
      30
      21
      11
      18
      16
      16
      15
      26
      16
      21
      16
      11
      19
      13
      11
      16
      15
      10
      19
      14
      17
      21
      15
      19
      16
      20
      17
      16
      19
      11
      21
      15
      19
      19
      19
      22
      22
      24
      21
      14
      24
       8
      17
      21
      21
      17
      17
      17
      18
      26
      11
      18
      12
      17
      24
      24
      25
      11
      24
      14
      18
      15
      16
      17
      26
      17
      23
      19
      16
      22
      18
      27
      27
      31
      23
      25
      29
      39
      20
      30
      28
      23
      20
      21
      19
      27
      25
      29
      28
      22
      22
      29
      22
      16
      20
      15
      22
      26
      15
      26
      15
      25
      21
      23
      12
      17
      12
       9
      17
      19
      18
      16
      20
      20
      24
      17
      19
      27
      17
      20
      22
      19
      22
      18
      24
      29
      24
      20
      17
      23
      20
      17
      17
      26
      15
      24
      22
      21
      27
      26
      14
      17
      18
      16
      14
      17
       9
      12
      10
      11
       5
      15
      15
      20
      18
      16
      16
      14
      19
      14
      14
      11
      13
       8
      10
      18
      10
       9
      22
      23
      17
       9
       7
      17
      17
      14
      11
      10
      15
      26
      20
      13
      22
      18
      11
      15
      13
      19
      18
      14
      21
      11
      12
      14
      15
      11
      19
      17
      12
      14
      20
      22
      20
      19
      18
      23
      20
      20
      18
      20
      19
      24
      17
      16
      19
      22
      17
      16
      15
      16
      23
      18
      20
       9
      12
      17
      12
      12
      13
      10
      12
      11
      11
       4
      10
       9
      11
      14
       8
      12
       7
       4
       3
       2
       5
       5
      11
       7
       9
      10
       7
       7
       6
       8
       6
       8
       8
       8
      10
       5
       9
       7
       7
       4
       7
       7
       6
       6
       7
       5
       6
       5
       3
       7
       3
       7
       6
      13
       9
       6
      11
       9
       5
       9
       6
       9
       7
       9
       8
       8
      12
      14
       6
       7
       7
       8
      11
       7
       6
       3
       6
      13
      10
       9
      17
       6
       9
       6
       8
       8
       9
       4
       9
       5
       5
       1
       4
       2
       4
       5
       3
       2
       0
       7
       2
       7
       3
       6
       0
       5
       2
       1
       1
       3
       1
       2
       3
       1
       3
       3
       4
       3
       2
       3
       2
       1
       2
       5
       0
       2
       3
       3
       5
       2
       1
       3
       1
       3
       3
       3
       2
       0
       4
       1
       7
       1
       2
       5
       6
       2
       3
       4
       3
       3
       0
       4
       2
       3
       3
       2
       5
       5
       1
       3
       5
       4
       3
       1
       5
       3
       5
       2
       0
       2
       3
       1
       2
       2
       2
       3
       5
       1
       0
       3
       1
       2
       2
       1
       1
       3
       2
       2
       2
       0
       1
       1
       2
       2
       0
       1
       0
       2
       3
       3
       2
       2
       0
       4
       1
       1
       2
       2
       3
       0
       2
       0
       1
       0
       1
       0
       2
       2
       0
       1
       2
       1
       0
       2
       1
       0
       1
       1
       9
       3
       3
       1
       0
       2
       4
       1
       2
       1
       1
       1
       3
       0
       1
       1
       2
       2
       1
       0
       1
       1
       1
       2
       2
       0
       2
       2
       0
       1
       0
       1
       1
       1
       0
       1
       0
       0
       1
       0
       1
       2
       1
       1
       0
       4
       3
       2
       2
       1
       4
       1
       0
       0
       1
       3
       0
       1
       0
       0
       2
       0
       2
       1
       3
       1
       1
       0
       3
       1
       3
       0
       0
       1
       0
       1
       1
       1
       0
       0
       1
       0
       0
       1
       3
       1
       2
       2
       1
       2
       1
       2
       2
       0
       0
       0
       1
       1
       2
       2
       0
       0
       0
       3
       0
       1
       1
       2
       0
       0
       0
       0
       0
       2
       0
       0
       1
       1
       0
       0
       0
       0
       1
       2
       2
       1
       1
       0
       0
       1
       0
       1
       0
       3
       0
       0
       0
       0
       1
       0
       2
       0
       1
       1
       0
       1
       0
       1
       1
       1
       2
       1
       0
       1
       0
       2
       0
       1
       0
       1
       0
       2
       0
       1
       1
       0
       0
       1
       0
       1
       0
       0
       1
       1
       0
       1
       1
       0
       0
       0
       0
       0
       0
       1
       1
       2
       0
       0
       3
       2
       0
       1
       0
       0
       0
       0
       0
       1
       0
       0
       1
       1
       0
       0
       0
       1
       1
       0
       0
       0
       0
       0
       4
       2
       1
       0
       1
       0
       1
       1
       0
       0
       1
       1
       0
       0
       0
       0
       0
       1
       0
       0
       0
       1
       0
       0
       1
       0
       0
       0
       0
       0
       2
       0
       0
       1
       1
       0
       1
       0
       0
       0
       0
       1
       2
       0
       0
       0
       1
       1
       2
       1
       0
       1
       0
       1
       1
       0
       0
       0
       0
       1
       0
       0
       1
       0
       0
       0
       0
       0
       1
       0
       0
       1
       0
       0
       1
       0
       1
       0
       0
       1
       0
       0
       1
       1
       1
       0
       2
       0
       0
       0
       2
       0
       0
       0
       0
       1
       0
       0
       0
       0
       1
       0
       0
       0
       0
       0
       0
       1
       1
       0
       0
       3
       0
       0
       0
       2
       0
       0
       0
       1
       0
       0
       1
       0
       0
       0
       0
       0
       0
       0
       0
       0
       0
       1
       0
       0
       1
       0
       1
       0
       0
       0
       1
       0
      10
       1
       0
       0
       0
       0
       0
       0
       0
       0
       0
       0
       0
       0
       0
       0
       0
       0
       0
       0
       0
       0
       0
       0
       0
       0
       0
       0
       0
       0
       0
       0
       0
       0
       0
       0
       0
       0
       0
       0
       0
       0
       0
       0
       0
       0
       0
       0
       0
       0
       0
       0
       0
       0
       0
       0
       0
       0
       0
       0
       0
       0
       0
       0
       0
       0
       0
       0
       0
       0
       0
       0
       0
       0
       0
       0
       0
       0
       0
       0
       0
       0
       0
       0
       0
       0
       0
       0
       0
       0
       0
       0
       0
       0
       0
       0
       0
       0
       0
       0
       0
       0
       0
       0
       0
       0
       0
       0
       0
       0
       0
       0
       0
       0
       0
       0
       0
       0
       0
       0
       0
       0
       0
       0
       0
       0
       0
       0
       0
       0
       0
       0
       0
       0
       0
       0
       0
       0
       0
       0
       0
       0
       0
       0
       0
       0
       0
       0
       0
       0
       0
       0
       0
       0
       0
       0
       0
       0
       0
       0
       0
       0
       0
       0
       0
       0
       0
       0
       0
       0
       0
       0
       0
       0
       0
       0
       0
       0
       0
       0
       0
       0
       0
       0
       0
       0
       0
       0
       0
       0
       0
       0
       0
       0
       0
       0
       0
       0
       0
       0
       0
       0
       0
       0
       0
       0
       0
       0
       0
       0
       0
       0
       0
       0
       0
       0
       0
       0
       0
       0
       0
       0
       0
       0
       0
       0
       0
       0
       0
       0
       0
       0
       0
       0
       0
       0
       0
       0
       0
       0
       0
       0
       0
       0
       0
       0
       0
       0
       0
       0
       0
       0
       0
       0
       0
       0
       0
       0
       0
       0
       0
       0
       0
       0
       0
       0
       0
       0
       0
       0
       0
       0
       0
       0
       0
       0
       0
       0
       0
       0
       0
       0
       0
       0
       0
       0
       0
       0
       0
       0
       0
       0
       0
       0
       0
       0
       0
       0
       0
       0
       0
       0
       0
       0
       0
       0
       0
       0
       0
       0
       0
       0
       0
       0
       0
       0
       0
       0
       0
       0
       0
       0
       0
       0
       0
       0
       0
       0
       0
       0
       0
       0
       0
       0
       0
       0
       0
       0
       0
       0
       0
       0
       0
       0
       0
       0
       0
       0
       0
       0
       0
       0
       0
       0
       0
       0
       0
       0
       0
       0
       0
       0
       0
       0
       0
       0
       0
       0
       0
       0
       0
       0
       0
       0
       0
       0
       0
       0
       0
       0
       0
       0
       0
       0
       0
       0
       0
       0
       0
       0
       0
       0
       0
       0
       0
       0
       0
       0
       0
       0
       0
       0
       0
       0
       0
       0
       0
       0
       0
       0
       0
       0
       0
       0
       0
       0
       0
       0
       0
       0
       0
       0
       0
       0
       0
       0
       0
       0
       0
       0
       0
       0
       0
       0
       0
       0
       0
       0
       0
       0
       0
       0
       0
       0
       0
       0
       0
       0
       0
       0
       0
       0
       0
       0
       0
       0
       0
       0
       0
       0
       0
       0
       0
       0
       0
       0
       0
       0
       0
       0
       0
       0
       0
       0
       0
       0
       0
       0
       0
       0
       0
       0
       0
       0
       0
       0
       0
       0
       0
       0
       0
       0
       0
       0
       0
       0
       0
       0
       0
       0
       0
       0
       0
       0
       0
       0
       0
       0
       0
       0
       0
       0
       0
$ROI:
0
$PRESETS:
None
0
0
$ENER_FIT:
0.000000 0.000000
$MCA_CAL:
3
0.000000E+000 0.000000E+000 0.000000E+000 
$SHAPE_CAL:
3
0.000000E+000 0.000000E+000 0.000000E+000
