$SPEC_ID:
Run01_Am241
$SPEC_REM:
DET# 1
DETDESC# GRAD-LAB Easy-MCA-2k SN 14127175
AP# Maestro Version 7.01
$DATE_MEA:
10/24/2016 13:28:51
$MEAS_TIM:
306 311
$DATA:
0 2047
       0
       0
       0
       0
       0
       0
       0
       0
       0
       0
       0
       0
       0
       1
       1
       1
       1
       0
       0
       0
       0
       0
       1
       0
       0
       0
       1
       0
       1
       0
       0
       0
       0
       0
       0
       0
       0
       1
       0
       0
       0
       0
       0
       0
       1
       0
       1
       1
       0
       1
       0
       0
       0
       2
       2
       1
       2
       1
       1
       2
       2
       2
       4
       5
       4
       2
       4
       2
       4
       1
       2
       3
       3
       4
       5
       8
       5
       7
       7
       5
       6
       3
       9
       3
       4
      12
      12
       5
       8
       8
       6
       6
      15
      14
      13
      10
      10
      11
      15
      13
      12
      16
      13
      14
      13
      10
       9
       1
       6
      15
       7
      12
       7
      17
      11
      14
       9
      13
      12
      14
      12
       8
      10
      14
       7
      12
      11
      11
      11
      12
      16
      15
      15
      12
      14
      11
      11
       9
      12
       7
      12
      11
      12
       8
      16
      16
      14
      17
      11
       9
      16
       9
      12
       8
      19
      16
      17
      11
       4
      11
      19
      15
      10
      11
      11
      12
      13
      11
      16
       9
      11
      11
      15
      13
      15
       8
      14
       8
       6
      11
      12
      14
      16
      16
      20
      13
      13
      16
      11
       9
      10
      23
      13
      13
      12
      11
      13
       7
      16
      13
      12
      17
      10
      13
      11
      15
      15
      21
      19
       7
       8
      13
      12
       9
      15
      15
      15
      12
      13
      12
      12
      10
      14
       7
      17
      17
      20
      14
      18
      12
      11
      14
      11
      15
      20
      15
      10
      18
      13
      27
      22
      17
      20
      16
      12
      11
      13
      12
      17
      13
      18
      25
      24
      17
      18
      16
      23
      18
      43
      56
      53
      74
     100
     101
     117
     108
     143
     107
      79
      69
      43
      38
      23
      22
      23
      15
      23
      15
      18
       9
      11
      21
      11
      17
      21
      21
      33
      33
      43
      38
      49
      45
      46
      47
      43
      33
      43
      36
      25
      26
      23
      21
      37
      41
      34
      36
      45
      35
      40
      41
      28
      45
      35
      37
      39
      39
      49
      52
      64
      80
      84
     121
     192
     300
     471
     754
    1197
    1696
    2334
    2969
    3685
    3991
    3973
    3572
    3134
    2484
    1838
    1298
     819
     496
     284
     168
      86
      41
      37
      30
      29
      15
      21
      16
      24
      21
      24
      24
      42
      51
      42
      70
      62
      93
     136
     216
     261
     316
     409
     444
     561
     534
     550
     469
     392
     332
     216
     113
      92
      71
      29
      17
      14
       4
       8
       5
       6
       7
       3
       8
       3
       3
       7
       3
       8
       4
      10
       6
       5
       3
       9
       1
       4
       7
       4
       6
       2
       6
       8
       6
       4
       3
       5
       4
       7
       7
       4
       8
       4
       4
       3
       6
       9
       6
       3
       4
       4
       5
       2
       5
       3
       2
       4
       2
       7
       2
       4
       3
       3
       6
       3
       7
       5
       4
       3
       3
      10
       8
       7
       2
       4
       1
       1
       5
       0
       4
       1
       9
       3
       4
       1
       6
       4
       5
       3
       5
       3
       1
       4
       3
       0
       8
       3
       2
       9
       3
       4
       3
       4
       4
       5
       3
       3
       1
       1
       2
       5
       4
       4
       5
       2
       3
       6
       4
       4
       3
       2
       2
       2
       4
       2
       4
       4
       5
       8
       5
       2
       6
       2
       2
       3
       4
       3
       2
       6
       2
       5
       3
       7
       5
       2
       9
       4
       3
       2
       4
       5
       4
       4
       7
       4
       2
       2
       3
       5
       1
       4
       5
       6
       6
       5
       1
       4
       7
       2
       2
       4
       6
       2
       5
       7
       4
       4
       2
       5
       4
       5
       6
       6
       0
       3
       5
       2
       7
       5
       6
       1
       7
       4
       4
       5
       3
       3
       4
       4
       4
       3
       4
       1
       8
       1
       3
       7
       6
       4
       8
       5
       4
       3
       3
       8
       3
       4
       1
       3
       2
       6
       3
       7
       2
       5
       6
       8
       5
       5
       4
       4
       5
       7
       2
       5
       7
       6
       3
       6
       5
       3
       7
       5
       8
       5
       8
       7
      10
       6
       5
       8
       2
       6
       5
       6
       7
       6
       3
       3
       7
       5
       9
       6
       3
       7
       6
       6
       7
       3
       6
       5
      12
      10
       4
       4
       7
       7
      10
       8
       6
      12
      11
      13
      15
      11
       6
       5
       8
       8
       5
       8
       4
       4
       8
       1
       4
       1
       4
       0
       3
       1
       2
       0
       1
       1
       3
       0
       5
       7
       7
       2
       2
       3
       2
       7
       3
       3
       4
       1
       3
      10
       4
       1
       3
       4
       6
       4
       6
       1
       2
       0
       1
       1
       2
       2
       1
       2
       2
       3
       2
       2
       6
       5
       3
       3
       5
       8
       1
       6
       2
       1
       2
       0
       2
       1
       5
       0
       0
       0
       1
       0
       1
       0
       0
       0
       2
       2
       0
       0
       1
       0
       0
       3
       0
       2
       0
       3
       2
       1
       1
       0
       0
       1
       1
       0
       0
       1
       0
       0
       0
       0
       0
       3
       0
       0
       0
       0
       0
       0
       1
       1
       1
       0
       1
       0
       0
       0
       0
       2
       0
       0
       0
       0
       1
       3
       2
       1
       1
       1
       0
       0
       0
       0
       1
       2
       1
       0
       3
       0
       2
       0
       1
       3
       1
       0
       0
       1
       1
       0
       2
       1
       1
       0
       0
       0
       1
       0
       3
       0
       0
       0
       1
       0
       0
       1
       0
       0
       0
       1
       1
       1
       1
       1
       0
       1
       0
       0
       0
       0
       0
       2
       2
       1
       0
       0
       0
       1
       1
       0
       1
       0
       0
       0
       0
       0
       0
       0
       0
       1
       1
       1
       0
       1
       0
       0
       0
       0
       1
       0
       0
       0
       1
       2
       1
       2
       0
       0
       1
       0
       1
       0
       0
       1
       0
       1
       1
       0
       0
       0
       0
       0
       0
       1
       1
       1
       0
       2
       0
       0
       0
       1
       0
       0
       1
       0
       1
       1
       0
       1
       0
       1
       0
       0
       0
       0
       3
       0
       0
       1
       0
       0
       0
       1
       0
       2
       0
       0
       0
       0
       0
       0
       0
       0
       0
       0
       0
       0
       0
       0
       1
       0
       1
       0
       0
       1
       0
       0
       1
       3
       0
       0
       1
       2
       1
       0
       0
       1
       0
       0
       0
       0
       1
       1
       2
       0
       1
       3
       1
       1
       2
       1
       0
       1
       0
       0
       1
       0
       1
       0
       2
       0
       0
       1
       1
       0
       1
       1
       0
       1
       0
       0
       1
       0
       1
       0
       2
       0
       0
       0
       1
       0
       0
       1
       1
       0
       0
       0
       1
       0
       0
       0
       0
       0
       0
       0
       1
       0
       2
       0
       1
       0
       0
       1
       0
       0
       0
       0
       0
       0
       0
       0
       0
       0
       0
       1
       0
       1
       1
       1
       1
       0
       0
       0
       1
       0
       0
       0
       2
       0
       0
       0
       0
       0
       0
       0
       0
       1
       0
       0
       0
       0
       2
       0
       1
       0
       0
       0
       1
       1
       1
       0
       1
       0
       1
       0
       0
       0
       1
       0
       0
       1
       0
       0
       0
       0
       0
       1
       0
       0
       1
       1
       0
       0
       0
       0
       0
       0
       0
       0
       0
       0
       0
       1
       2
       1
       0
       0
       0
       0
       0
       2
       0
       0
       2
       0
       0
       0
       0
       0
       1
       0
       0
       1
       2
       1
       0
       1
       1
       0
       0
       0
       1
       0
       0
       0
       0
       0
       0
       0
       0
       1
       0
       1
       0
       0
       0
       0
       0
       0
       0
       0
       0
       0
       0
       1
       1
       0
       0
       2
       0
       0
       0
       0
       0
       1
       0
       0
       1
       0
       1
       0
       0
       0
       0
       1
       1
       0
       0
       0
       0
       0
       0
       0
       0
       1
       0
       0
       0
       0
       1
       0
       0
       0
       0
       0
       0
       0
       0
       0
       1
       0
       0
       0
       0
       0
       0
       1
       0
       1
       0
       0
       0
       0
       0
       0
       0
       1
       0
       0
       0
       0
       0
       0
       0
       1
       0
       0
       0
       0
       0
       0
       0
       0
       0
       0
       0
       1
       0
       0
       0
       0
       0
       0
       0
       0
       0
       0
       0
       0
       0
       1
       0
       0
       0
       0
       0
       0
       0
       0
       0
       1
       0
       0
       0
       0
       0
       0
       0
       1
       0
       0
       0
       0
       0
       0
       0
       0
       0
       0
       0
       0
       0
       0
       0
       0
       0
       0
       0
       0
       0
       1
       0
       0
       0
       0
       0
       0
       0
       0
       0
       1
       0
       0
       0
       0
       0
       0
       0
       0
       0
       0
       1
       0
       0
       0
       0
       0
       0
       1
       0
       0
       0
       0
       0
       0
       0
       0
       0
       0
       0
       0
       0
       0
       0
       1
       0
       1
       1
       0
       0
       0
       0
       0
       0
       0
       0
       0
       0
       0
       0
       0
       0
       0
       0
       0
       0
       0
       0
       0
       0
       0
       0
       0
       0
       0
       0
       0
       0
       0
       0
       0
       0
       0
       0
       0
       0
       0
       0
       0
       0
       0
       1
       0
       0
       0
       0
       1
       0
       0
       0
       0
       0
       0
       0
       0
       0
       0
       0
       0
       0
       0
       0
       0
       1
       0
       0
       0
       0
       0
       0
       0
       0
       0
       0
       0
       0
       0
       0
       0
       0
       0
       0
       0
       0
       0
       0
       1
       0
       0
       0
       0
       0
       0
       0
       0
       0
       0
       0
       0
       0
       1
       0
       0
       0
       1
       0
       0
       0
       0
       0
       0
       0
       0
       0
       0
       0
       0
       0
       0
       0
       0
       0
       1
       0
       0
       0
       0
       0
       0
       0
       0
       0
       0
       0
       0
       0
       0
       0
       1
       0
       0
       0
       0
       0
       0
       0
       0
       0
       0
       0
       0
       0
       0
       0
       0
       0
       0
       0
       0
       0
       0
       0
       0
       0
       0
       0
       0
       0
       0
       0
       0
       0
       0
       0
       0
       1
       0
       0
       0
       0
       0
       0
       0
       0
       0
       0
       0
       0
       0
       0
       1
       0
       3
       1
       0
       0
       0
       0
       0
       0
       0
       0
       0
       0
       0
       0
       0
       0
       0
       0
       0
       0
       0
       0
       0
       0
       0
       0
       0
       0
       0
       0
       0
       0
       0
       0
       0
       0
       0
       0
       0
       0
       0
       0
       0
       0
       0
       0
       0
       0
       0
       0
       0
       0
       0
       0
       0
       0
       0
       0
       0
       0
       0
       0
       0
       0
       0
       0
       0
       0
       0
       0
       0
       0
       0
       0
       0
       0
       0
       0
       0
       0
       0
       0
       0
       0
       0
       0
       0
       0
       0
       0
       0
       0
       0
       0
       0
       0
       0
       0
       0
       0
       0
       0
       0
       0
       0
       0
       0
       0
       0
       0
       0
       0
       0
       0
       0
       0
       0
       0
       0
       0
       0
       0
       0
       0
       0
       0
       0
       0
       0
       0
       0
       0
       0
       0
       0
       0
       0
       0
       0
       0
       0
       0
       0
       0
       0
       0
       0
       0
       0
       0
       0
       0
       0
       0
       0
       0
       0
       0
       0
       0
       0
       0
       0
       0
       0
       0
       0
       0
       0
       0
       0
       0
       0
       0
       0
       0
       0
       0
       0
       0
       0
       0
       0
       0
       0
       0
       0
       0
       0
       0
       0
       0
       0
       0
       0
       0
       0
       0
       0
       0
       0
       0
       0
       0
       0
       0
       0
       0
       0
       0
       0
       0
       0
       0
       0
       0
       0
       0
       0
       0
       0
       0
       0
       0
       0
       0
       0
       0
       0
       0
       0
       0
       0
       0
       0
       0
       0
       0
       0
       0
       0
       0
       0
       0
       0
       0
       0
       0
       0
       0
       0
       0
       0
       0
       0
       0
       0
       0
       0
       0
       0
       0
       0
       0
       0
       0
       0
       0
       0
       0
       0
       0
       0
       0
       0
       0
       0
       0
       0
       0
       0
       0
       0
       0
       0
       0
       0
       0
       0
       0
       0
       0
       0
       0
       0
       0
       0
       0
       0
       0
       0
       0
       0
       0
       0
       0
       0
       0
       0
       0
       0
       0
       0
       0
       0
       0
       0
       0
       0
       0
       0
       0
       0
       0
       0
       0
       0
       0
       0
       0
       0
       0
       0
       0
       0
       0
       0
       0
       0
       0
       0
       0
       0
       0
       0
       0
       0
       0
       0
       0
       0
       0
       0
       0
       0
       0
       0
       0
       0
       0
       0
       0
       0
       0
       0
       0
       0
       0
       0
       0
       0
       0
       0
       0
       0
       0
       0
       0
       0
       0
       0
       0
       0
       0
       0
       0
       0
       0
       0
       0
       0
       0
       0
       0
       0
       0
       0
       0
       0
       0
       0
       0
       0
       0
       0
       0
       0
       0
       0
       0
       0
       0
       0
       0
       0
       0
       0
       0
       0
       0
       0
       0
       0
       0
       0
       0
       0
       0
       0
       0
       0
       0
       0
       0
       0
       0
       0
       0
       0
       0
       0
       0
       0
       0
       0
       0
       0
       0
       0
       0
       0
       0
       0
       0
       0
       0
       0
       0
       0
       0
       0
       0
       0
       0
       0
       0
       0
       0
       0
       0
       0
       0
       0
       0
       0
       0
       0
       0
       0
       0
       0
       0
       0
       0
       0
       0
       0
       0
       0
       0
       0
       0
       0
       0
       0
       0
       0
       0
       0
       0
       0
       0
       0
       0
       0
       0
       0
       0
       0
       0
       0
       0
       0
       0
$ROI:
0
$PRESETS:
None
0
0
$ENER_FIT:
0.000000 0.000000
$MCA_CAL:
3
0.000000E+000 0.000000E+000 0.000000E+000 
$SHAPE_CAL:
3
0.000000E+000 0.000000E+000 0.000000E+000
