$SPEC_ID:
Run01_Am241
$SPEC_REM:
DET# 1
DETDESC# GRAD-LAB Easy-MCA-2k SN 14127175
AP# Maestro Version 7.01
$DATE_MEA:
10/10/2016 11:59:29
$MEAS_TIM:
503 504
$DATA:
0 2047
       0
       0
       8
       2
       0
       0
       0
       0
       0
       0
       0
       0
       0
       1
       0
       0
       0
       0
       2
       0
       0
       0
       0
       0
       0
       0
       0
       0
       0
       0
       0
       0
       0
       0
       0
       0
       0
       0
       0
       0
       0
       1
       0
       0
       0
       0
       0
       0
       0
       0
       0
       0
       0
       0
       0
       2
       0
       1
       1
       1
       0
       1
       0
       0
       0
       2
       1
       0
       0
       1
       1
       0
       0
       0
       0
       1
       0
       2
       1
       1
       1
       1
       1
       2
       0
       3
       1
       0
       1
       1
       3
       3
       4
       2
       1
       5
       3
       3
       2
       0
       4
       2
       3
       5
       1
       2
       1
       1
       1
       4
       1
       1
       3
       0
       5
       5
       2
       6
       6
       2
       4
       5
       2
       5
       2
       4
       5
       2
       8
       1
       4
       5
       1
       2
       3
       4
       3
       3
       4
       2
       3
       1
       2
       2
       3
       3
       1
       1
       1
       3
       2
       2
       2
       0
       2
       2
       5
       1
       0
       1
       3
       3
       1
       1
       1
       3
       5
       3
       8
       1
       9
      11
       9
       7
      10
       9
      13
      13
      19
      25
      42
      56
     124
     183
     258
     385
     347
     405
     359
     287
     228
     155
     102
      64
      21
      13
      12
       7
      15
      21
      24
      37
      46
      51
      61
      71
      50
      37
      24
      19
      11
       5
       3
       2
       2
       1
       1
       1
       0
       0
       0
       0
       0
       0
       0
       0
       0
       0
       1
       0
       1
       1
       0
       0
       0
       0
       1
       0
       1
       0
       0
       1
       0
       1
       1
       0
       1
       2
       0
       0
       1
       0
       0
       1
       0
       1
       0
       0
       0
       3
       0
       1
       2
       1
       3
       1
       2
       2
       1
       0
       2
       0
       2
       0
       0
       0
       0
       0
       1
       0
       0
       0
       0
       1
       1
       1
       0
       0
       1
       0
       1
       1
       1
       0
       0
       0
       1
       0
       0
       0
       1
       0
       1
       2
       4
       1
       3
       3
       0
       1
       1
       2
       4
       0
       1
       0
       2
       0
       1
       1
       0
       1
       1
       3
       4
       3
       5
       4
       6
       5
       8
       3
       8
       7
       2
       4
       2
       3
       1
       0
       0
       2
       1
       0
       0
       1
       1
       0
       3
       3
       0
       2
       1
       2
       3
       0
       1
       3
       4
       3
       1
       2
       0
       1
       2
       2
       1
       2
       1
       2
       0
       0
       2
       1
       1
       0
       0
       0
       2
       0
       1
       1
       0
       1
       1
       0
       1
       0
       1
       3
       0
       0
       0
       0
       1
       1
       1
       3
       0
       0
       0
       1
       0
       1
       1
       0
       0
       1
       0
       1
       1
       1
       1
       2
       0
       1
       0
       0
       0
       0
       1
       1
       0
       2
       2
       4
       6
       4
       2
       7
       4
       3
       7
       3
       4
      10
       7
       4
       1
       2
       2
       0
       1
       0
       0
       0
       0
       0
       2
       1
       0
       1
       1
       2
       0
       0
       0
       0
       1
       0
       2
       0
       0
       0
       1
       0
       0
       2
       2
       2
       1
       2
       1
       2
       0
       2
       1
       1
       0
       2
       1
       2
       2
       1
       1
       0
       3
       2
       5
       4
       3
       3
       0
       0
       1
       1
       3
       4
       1
       2
       3
       2
       1
       2
       1
       2
       0
       1
       1
       1
       0
       4
       2
       1
       6
       3
       5
       4
       7
       4
       5
       6
       2
       0
       4
       3
       2
       4
       5
       2
       2
       1
       3
       1
       1
       1
       4
       2
       1
       2
       1
       3
       5
       4
       2
       3
       2
       0
       1
       0
       0
       1
       1
       3
       1
       3
       2
       4
       0
       0
       7
       3
       0
       4
       3
       1
       3
       3
       1
       1
       3
       0
       2
       2
       4
       2
       1
       0
       2
       1
       2
       4
       3
       3
       0
       0
       2
       4
       3
       3
       2
       4
       2
       1
       2
       0
       3
       4
       3
       3
       0
       1
       6
       3
       2
       2
       9
       6
       2
       2
       2
       3
       3
       3
       1
       7
       3
       6
       5
       4
       1
       1
       2
       1
       4
       3
       3
       5
       4
       3
       2
       4
       4
       2
       2
       1
       3
       4
       2
       5
       5
       3
       6
       3
       3
       5
       2
       4
       4
       5
       1
       2
       4
       6
       3
       3
       3
       2
       6
       4
       4
      10
       3
       6
       4
       5
       1
       6
       2
       7
       8
      13
       7
      13
      15
       9
       9
      11
      14
      12
      12
      15
      13
       9
      13
      16
      22
      21
      22
      11
      12
      19
      14
      10
       7
       5
       6
       8
       6
       7
       3
       6
       8
       2
       5
       6
       6
      10
      10
      12
       4
      13
      14
      19
      13
       8
       7
       5
       9
       5
       5
       6
       3
       4
       2
       1
       5
       1
       1
       0
       2
       0
       7
       1
       2
       4
       2
       7
       0
       3
       2
       2
       3
       4
       1
       3
       4
       6
       3
       2
       3
       4
       3
       2
       3
       6
       4
       1
       5
       4
       2
       3
       6
       7
       3
       9
       5
       3
       6
       7
       7
       8
       3
       5
       9
       3
       3
       5
       8
       2
       3
       4
       5
       3
       2
       2
       1
       1
       0
       3
       1
       2
       3
       4
       2
       4
       1
       4
       1
       3
       0
       3
       2
       6
       1
       2
       2
       1
       1
       1
       1
       3
       1
       0
       0
       0
       1
       0
       1
       2
       1
       2
       1
       2
       5
       0
       1
       2
       0
       1
       2
       1
       2
       3
       2
       0
       2
       2
       1
       2
       1
       5
       0
       1
       2
       2
       1
       1
       0
       0
       1
       0
       3
       3
       2
       2
       1
       1
       1
       3
       0
       1
       3
       1
       1
       1
       1
       1
       0
       0
       1
       0
       1
       3
       0
       3
       2
       3
       4
       0
       2
       4
       1
       1
       2
       1
       1
       0
       1
       4
       1
       2
       1
       1
       0
       2
       1
       1
       0
       0
       3
       1
       2
       0
       2
       0
       3
       0
       1
       0
       2
       1
       1
       0
       1
       0
       4
       0
       2
       2
       1
       1
       3
       2
       1
       1
       0
       1
       1
       2
       2
       2
       1
       0
       0
       0
       0
       1
       1
       1
       1
       3
       3
       0
       2
       2
       2
       0
       1
       0
       1
       0
       0
       0
       1
       0
       0
       0
       0
       0
       0
       1
       0
       0
       0
       2
       0
       3
       0
       0
       1
       1
       0
       2
       0
       1
       1
       1
       3
       0
       2
       1
       1
       0
       1
       0
       1
       2
       1
       2
       3
       1
       2
       0
       1
       2
       0
       1
       0
       1
       1
       1
       2
       1
       1
       0
       2
       3
       1
       0
       1
       0
       1
       2
       1
       0
       0
       1
       1
       1
       1
       0
       1
       0
       0
       1
       0
       3
       1
       0
       2
       0
       0
       1
       0
       0
       0
       1
       1
       1
       0
       0
       1
       0
       2
       1
       3
       0
       1
       0
       1
       1
       0
       1
       0
       0
       0
       0
       0
       0
       0
       1
       1
       2
       1
       0
       1
       0
       2
       1
       0
       0
       0
       0
       0
       0
       1
       1
       3
       0
       0
       0
       0
       0
       0
       0
       0
       1
       0
       0
       1
       0
       0
       0
       1
       0
       0
       1
       1
       0
       0
       1
       0
       0
       2
       1
       1
       1
       0
       0
       0
       0
       1
       1
       1
       1
       0
       1
       0
       0
       1
       0
       0
       0
       2
       0
       1
       0
       2
       0
       1
       0
       0
       0
       0
       1
       0
       2
       1
       0
       0
       0
       0
       0
       2
       0
       1
       0
       0
       0
       0
       1
       0
       0
       0
       0
       0
       1
       0
       0
       0
       0
       0
       1
       1
       0
       0
       1
       0
       0
       0
       0
       1
       1
       0
       0
       0
       1
       0
       0
       0
       0
       0
       1
       1
       1
       1
       0
       0
       0
       0
       0
       0
       0
       0
       0
       0
       1
       0
       0
       1
       2
       0
       0
       1
       1
       1
       0
       1
       0
       0
       0
       1
       1
       0
       0
       1
       0
       0
       0
       0
       0
       0
       0
       1
       0
       1
       0
       0
       0
       0
       1
       1
       1
       0
       1
       0
       1
       0
       0
       0
       0
       0
       0
       0
       0
       0
       0
       1
       0
       0
       0
       0
       0
       0
       0
       0
       0
       0
       0
       0
       0
       2
       0
       0
       0
       1
       0
       0
       0
       0
       0
       0
       0
       0
       0
       0
       0
       0
       0
       0
       0
       0
       0
       0
       0
       0
       0
       0
       0
       0
       0
       1
       0
       0
       0
       0
       0
       1
       1
       0
       0
       0
       1
       0
       0
       0
       0
       1
       1
       0
       0
       0
       0
       0
       0
       0
       0
       0
       0
       0
       0
       0
       0
       1
       0
       0
       0
       0
       0
       0
       0
       0
       0
       0
       0
       0
       0
       0
       0
       0
       0
       0
       0
       0
       1
       0
       0
       1
       0
       1
       0
       0
       0
       1
       0
       0
       0
       0
       0
       0
       0
       0
       0
       0
       0
       0
       0
       0
       0
       1
       0
       0
       0
       0
       0
       0
       0
       0
       0
       0
       0
       0
       0
       0
       0
       0
       0
       0
       0
       0
       0
       0
       0
       0
       0
       0
       0
       0
       0
       0
       0
       0
       0
       0
       0
       0
       0
       0
       0
       0
       0
       0
       0
       0
       0
       1
       0
       0
       0
       0
       0
       0
       0
       0
       0
       0
       0
       0
       0
       0
       0
       0
       0
       0
       0
       0
       0
       0
       0
       0
       0
       0
       0
       0
       0
       0
       0
       1
       0
       0
       0
       0
       0
       0
       0
       0
       0
       1
       0
       0
       0
       0
       0
       0
       0
       0
       0
       0
       0
       1
       0
       0
       0
       0
       0
       0
       0
       0
       0
       0
       0
       0
       0
       0
       0
       0
       0
       0
       0
       0
       0
       0
       0
       0
       0
       0
       0
       0
       0
       0
       0
       0
       0
       0
       0
       0
       0
       0
       0
       0
       0
       0
       0
       0
       0
       0
       0
       0
       0
       0
       0
       0
       0
       0
       0
       0
       0
       0
       0
       1
       0
       1
       0
       0
       0
       0
       0
       0
       0
       0
       0
       0
       0
       0
       0
       0
       0
       0
       0
       0
       0
       0
       0
       0
       0
       0
       0
       0
       0
       0
       0
       0
       0
       0
       0
       0
       0
       0
       0
       0
       0
       0
       0
       0
       0
       0
       0
       0
       0
       0
       0
       0
       0
       0
       0
       0
       0
       0
       0
       0
       0
       0
       0
       0
       0
       0
       0
       0
       0
       0
       0
       0
       0
       0
       0
       0
       0
       0
       0
       0
       0
       0
       0
       0
       0
       0
       0
       0
       0
       0
       0
       0
       0
       0
       0
       0
       0
       0
       0
       0
       0
       0
       0
       0
       0
       0
       0
       0
       0
       0
       0
       0
       0
       0
       0
       0
       0
       0
       0
       0
       0
       0
       0
       0
       0
       0
       0
       0
       0
       0
       0
       0
       0
       0
       0
       0
       0
       0
       0
       0
       0
       0
       0
       0
       0
       0
       0
       0
       0
       0
       0
       0
       0
       0
       0
       0
       0
       0
       0
       0
       0
       0
       0
       0
       0
       0
       0
       0
       0
       0
       0
       0
       0
       0
       0
       0
       0
       0
       0
       0
       0
       0
       0
       0
       0
       0
       0
       0
       0
       0
       0
       0
       0
       0
       0
       0
       0
       0
       0
       0
       0
       0
       0
       0
       0
       0
       0
       0
       0
       0
       0
       0
       0
       0
       0
       0
       0
       0
       0
       0
       0
       0
       0
       0
       0
       0
       0
       0
       0
       0
       0
       0
       0
       0
       0
       0
       0
       0
       0
       0
       0
       0
       0
       0
       0
       0
       0
       0
       0
       0
       0
       0
       0
       0
       0
       0
       0
       0
       0
       0
       0
       0
       0
       0
       0
       0
       0
       0
       0
       0
       0
       0
       0
       0
       0
       0
       0
       0
       0
       0
       0
       0
       0
       0
       0
       0
       0
       0
       0
       0
       0
       0
       0
       0
       0
       0
       0
       0
       0
       0
       0
       0
       0
       0
       0
       0
       0
       0
       0
       0
       0
       0
       0
       0
       0
       0
       0
       0
       0
       0
       0
       0
       0
       0
       0
       0
       0
       0
       0
       0
       0
       0
       0
       0
       0
       0
       0
       0
       0
       0
       0
       0
       0
       0
       0
       0
       0
       0
       0
       0
       0
       0
       0
       0
       0
       0
       0
       0
       0
       0
       0
       0
       0
       0
       0
       0
       0
       0
       0
       0
       0
       0
       0
       0
       0
       0
       0
       0
       0
       0
       0
       0
       0
       0
       0
       0
       0
       0
       0
       0
       0
       0
       0
       0
       0
       0
       0
       0
       0
       0
       0
       0
       0
       0
       0
       0
       0
       0
       0
       0
       0
       0
       0
       0
       0
       0
       0
       0
       0
       0
       0
       0
       0
       0
       0
       0
       0
       0
       0
       0
       0
       0
       0
       0
       0
       0
       0
       0
       0
       0
       0
       0
       0
       0
       0
       0
       0
       0
       0
       0
       0
       0
       0
       0
       0
       0
       0
       0
       0
       0
       0
       0
       0
       0
       0
       0
       0
       0
       0
       0
       0
       0
       0
       0
       0
       0
       0
       0
       0
       0
       0
       0
       0
       0
       0
       0
       0
       0
       0
       0
       0
       0
       0
       0
       0
       0
       0
       0
       0
       0
       0
       0
       0
       0
       0
       0
       0
       0
       0
       0
       0
       0
       0
       0
       0
       0
       0
$ROI:
0
$PRESETS:
None
0
0
$ENER_FIT:
0.000000 0.000000
$MCA_CAL:
3
0.000000E+000 0.000000E+000 0.000000E+000 
$SHAPE_CAL:
3
0.000000E+000 0.000000E+000 0.000000E+000
