$SPEC_ID:
Run01_Am241
$SPEC_REM:
DET# 1
DETDESC# GRAD-LAB Easy-MCA-2k SN 14127175
AP# Maestro Version 7.01
$DATE_MEA:
10/12/2016 14:14:45
$MEAS_TIM:
298 302
$DATA:
0 2047
       0
       0
       3
       0
       0
       0
       0
       0
       0
       0
       0
       2
       1
       0
       1
       2
       2
       1
       1
       1
       0
       1
       0
       0
       0
       0
       0
       0
       0
       0
       0
       1
       0
       0
       1
       1
       0
       0
       0
       1
       0
       1
       0
       0
       1
       1
       0
       1
       0
       1
       1
       1
       1
       0
       0
       1
       1
       1
       1
       1
       0
       2
       0
       1
       1
       3
       0
       2
       3
       3
       1
       5
       1
       2
       1
       5
       0
       2
       1
       3
       1
       3
       4
       3
       1
       0
       2
       6
       3
       3
       4
       2
       4
       7
       4
       4
       5
       1
       5
       5
       4
       6
       4
       4
       2
       5
       5
       6
       4
       2
       3
       4
       4
       3
       3
       6
       6
       7
       7
       3
       5
       5
       1
       7
       6
       8
       6
       7
       5
       3
       3
       9
       7
       4
       6
       3
       7
       7
       4
       7
       5
       5
       8
       7
       4
       6
       4
       7
       5
       4
       5
      11
       5
       8
       5
       4
       3
       5
       4
       3
       4
       6
       8
       4
      10
       2
       3
      10
       6
       9
       4
       8
      10
      12
       7
       5
       2
       7
       3
       0
       5
       7
      11
       6
       7
       3
       9
       2
       6
       5
       7
       6
       5
       4
       3
       6
       7
       7
       5
       4
       6
       6
       4
       8
       5
       5
       7
       5
      10
       8
       2
      11
       5
       8
       6
       7
       3
       2
       4
       7
      10
       4
       9
       5
       6
       6
      10
      11
       9
       5
       5
       5
       7
       2
       7
       4
       2
       7
       9
      12
       8
       5
       8
       3
       8
       5
       6
       8
       5
       8
       7
       2
      10
       6
       7
       9
       5
       5
       6
       8
      10
       9
       7
      11
      10
       9
      10
       8
       4
       9
       4
       4
       6
       6
       5
       8
       4
      11
      14
       5
       1
       4
       6
       3
      12
       6
       6
       8
       6
      11
       5
       3
       3
      14
       2
      10
       9
       7
       7
       5
       8
       3
       8
       5
       9
      14
      15
      23
      11
      17
      10
      12
      12
       7
       6
      10
       8
       3
      10
       3
       2
       6
       6
       4
       5
       7
       8
       4
       7
      10
       3
      11
      16
      11
      13
       7
       8
      10
      15
       7
       5
       5
      10
       8
       6
       5
       9
       9
       3
       5
       6
       4
       4
       7
      11
       5
       8
       5
       4
       3
       4
       6
       2
       4
      11
       9
       6
       4
       8
       4
       3
       7
       4
       8
       4
      10
       5
       7
       8
       5
       3
       4
      11
       3
       7
       8
       2
       5
       2
       5
       3
       6
       4
      10
      15
       9
       7
      11
       6
       8
       5
       5
       8
       8
       7
       3
       4
       6
       9
       5
       5
       3
       3
       4
       5
       8
       7
       3
       7
       3
      11
       4
       7
       9
       6
      11
       4
       6
       5
      10
       5
      12
       8
      12
       9
      11
       6
       7
      10
       5
       2
       8
       6
       6
      10
       4
       5
      11
       6
       4
       6
       9
       9
      11
      13
       8
       7
       4
       9
       3
       6
      10
       2
       2
       7
       5
       3
       8
       4
       7
      11
       5
       8
      12
       7
       5
       6
       4
       3
       5
       7
       6
       8
       8
       1
       7
       8
       6
       6
       7
       4
      11
       8
       6
      11
      13
      10
      10
       8
      12
       3
       9
      10
       6
       5
       8
      10
      12
      12
       7
      10
       7
       8
       8
      13
      12
      13
      16
      13
      12
      10
      13
      12
      13
      12
       9
      10
       8
      10
       7
       7
       8
       7
      11
      10
      15
      10
       9
      11
       6
       8
      12
       8
       6
      19
      13
      11
       6
      15
       6
       7
      15
       6
      12
       8
      16
      10
       7
      11
      12
       6
       8
       9
      14
      15
       8
       9
      11
      11
      12
       9
      11
       6
       9
      11
       8
       9
      11
       9
      12
      17
       8
      17
      11
      13
      15
       3
      15
       9
      13
      18
      19
      12
       7
      12
      12
      10
      16
      15
      14
      17
       8
      17
      12
      13
      19
      12
      21
      12
      11
      16
      25
      16
      19
      23
      27
      19
      22
      28
      26
      27
      20
      27
      20
      29
      20
      28
      16
      24
      19
      19
      22
      29
      16
      31
      34
      15
      28
      22
      17
      32
      24
      29
      35
      32
      33
      31
      35
      48
      31
      31
      46
      38
      46
      46
      50
      52
      57
      54
      55
      81
      71
      93
      82
     109
     146
     139
     182
     227
     240
     356
     440
     571
     773
     934
    1191
    1325
    1636
    1695
    1846
    1888
    1839
    1759
    1638
    1385
    1130
     922
     653
     545
     371
     230
     173
     109
      61
      44
      31
      33
      21
      24
      22
      23
      14
      17
      21
      16
      13
      10
      14
      15
      21
      26
      30
      28
      15
      23
      20
      13
      25
      28
      23
      15
       9
      11
      17
      13
      13
      13
      13
      19
      20
      13
       8
      12
      24
      18
      14
      17
      12
      19
      11
      17
      14
      17
      16
      27
      18
      14
      18
      17
      28
      35
      39
      44
      49
      62
      83
     115
     115
     141
     180
     219
     236
     262
     263
     266
     239
     255
     152
     179
     120
      80
      99
      58
      49
      51
      47
      58
      35
      37
      26
      26
      31
      23
      19
      14
      14
       4
       7
       1
       2
       1
       4
       1
       2
       1
       1
       2
       3
       1
       3
       2
       3
       1
       2
       3
       3
       5
       4
       1
       3
       1
       1
       1
       1
       5
       3
       2
       4
       6
       4
       2
       1
       1
       1
       0
       3
       1
       2
       3
       1
       3
       1
       1
       0
       3
       2
       1
       3
       3
       1
       2
       1
       2
       1
       6
       3
       5
       2
       2
       3
       6
       2
       1
       6
       4
       3
       2
       3
       2
       3
       2
       3
       4
       0
       4
       0
       1
       3
       0
       3
       0
       1
       6
       5
       2
       4
       1
       4
       2
       2
       1
       1
       0
       3
       9
       3
       1
       3
       2
       3
       0
       1
       3
       0
       4
       0
       4
       0
       6
       2
       0
       3
       2
       0
       2
       3
       0
       4
       4
       3
       0
       1
       0
       1
       2
       1
       3
       2
       4
       4
       1
       2
       6
       5
       0
       3
       3
       3
       4
       1
       1
       2
       1
       5
       6
       0
       2
       1
       0
       1
       0
       2
       4
       1
       3
       2
       1
       0
       2
       0
       1
       2
       2
       2
       2
       5
       3
       2
       2
       4
       2
       1
       1
       0
       2
       3
       1
       4
       1
       1
       2
       2
       0
       2
       2
       2
       3
       2
       1
       5
       2
       3
       4
       2
       4
       2
       4
       1
       3
       2
       2
       3
       2
       2
       3
       0
       1
       3
       2
       0
       3
       0
       2
       1
       1
       3
       4
       3
       1
       0
       3
       2
       4
       0
       1
       3
       3
       1
       0
       1
       2
       1
       0
       5
       5
       1
       1
       3
       4
       0
       0
       2
       1
       1
       1
       1
       1
       1
       5
       3
       1
       4
       2
       2
       4
       2
       3
       1
       2
       1
       0
       3
       4
       3
       3
       3
       1
       0
       1
       2
       2
       7
       4
       3
       2
       4
       1
       2
       0
       1
       2
       1
       1
       1
       0
       3
       2
       2
       2
       1
       4
       2
       1
       1
       0
       4
       0
       1
       2
       3
       2
       2
       1
       0
       2
       3
       0
       2
       4
       1
       0
       3
       2
       1
       3
       2
       3
       2
       2
       4
       0
       2
       1
       0
       1
       4
       4
       2
       1
       0
       0
       0
       2
       3
       3
       5
       2
       2
       3
       1
       1
       1
       0
       2
       1
       1
       2
       0
       4
       1
       3
       1
       4
       3
       2
       2
       3
       1
       4
       1
       0
       2
       1
       1
       4
       2
       2
       1
       3
       0
       1
       3
       4
       3
       1
       1
       2
       1
       3
       2
       1
       3
       1
       6
       3
       3
       1
       2
       3
       3
       4
       2
       1
       2
       2
       2
       1
       1
       4
       2
       4
       0
       5
       3
       2
       2
       4
       3
       1
       3
       3
       1
       1
       1
       2
       1
       3
       1
       3
       2
       5
       5
       1
       3
       2
       1
       3
       1
       4
       2
       2
       1
       2
       2
       3
       1
       2
       0
       0
       4
       1
       1
       3
       4
       0
       2
       3
       1
       2
       1
       0
       4
       2
       2
       2
       2
       2
       2
       1
       1
       2
       4
       2
       1
       3
       4
       1
       4
       2
       1
       3
       1
       7
       1
       4
       2
       0
       2
       0
       4
       5
       2
       3
       5
       3
       4
       3
       1
       1
       1
       2
       3
       4
       0
       2
       2
       1
       3
       2
       3
       3
       1
       1
       4
       2
       3
       5
       3
       1
       4
       2
       4
       5
       4
       2
       1
       2
       1
       4
       3
       3
       4
       4
       0
       5
       5
       8
       0
       4
       2
       1
       2
       2
       2
       2
       4
       4
       6
      11
       4
       4
       4
       3
       1
       1
       4
       5
       3
       9
       5
       3
       5
       4
       2
       2
       4
       3
       2
       3
       1
       5
       7
       4
       5
       4
       3
       3
       0
       1
       4
       2
       0
       1
       3
       1
       0
       4
       1
       0
       0
       0
       0
       0
       2
       0
       1
       0
       1
       1
       1
       0
       1
       1
       3
       2
       0
       1
       0
       1
       2
       1
       0
       0
       0
       1
       3
       3
       1
       1
       1
       2
       1
       1
       0
       0
       0
       0
       2
       2
       1
       0
       0
       2
       0
       2
       0
       0
       5
       5
       1
       1
       0
       2
       1
       0
       1
       1
       1
       0
       1
       1
       0
       1
       1
       2
       0
       2
       1
       1
       0
       0
       0
       1
       1
       3
       3
       0
       1
       0
       0
       0
       0
       0
       0
       1
       0
       0
       0
       1
       0
       1
       0
       0
       0
       0
       0
       0
       0
       0
       0
       0
       0
       2
       0
       0
       0
       0
       0
       0
       1
       0
       0
       0
       0
       1
       0
       0
       0
       0
       0
       0
       0
       0
       0
       0
       0
       0
       0
       1
       0
       0
       0
       0
       0
       1
       0
       0
       0
       0
       0
       2
       0
       0
       0
       0
       1
       0
       0
       0
       0
       0
       0
       0
       1
       0
       0
       0
       0
       0
       0
       0
       0
       0
       0
       2
      13
       5
       0
       0
       0
       0
       0
       0
       0
       0
       0
       0
       0
       0
       0
       0
       0
       0
       0
       0
       0
       0
       0
       0
       0
       0
       0
       0
       0
       0
       0
       0
       0
       0
       0
       0
       0
       0
       0
       0
       0
       0
       0
       0
       0
       0
       0
       0
       0
       0
       0
       0
       0
       0
       0
       0
       0
       0
       0
       0
       0
       0
       0
       0
       0
       0
       0
       0
       0
       0
       0
       0
       0
       0
       0
       0
       0
       0
       0
       0
       0
       0
       0
       0
       0
       0
       0
       0
       0
       0
       0
       0
       0
       0
       0
       0
       0
       0
       0
       0
       0
       0
       0
       0
       0
       0
       0
       0
       0
       0
       0
       0
       0
       0
       0
       0
       0
       0
       0
       0
       0
       0
       0
       0
       0
       0
       0
       0
       0
       0
       0
       0
       0
       0
       0
       0
       0
       0
       0
       0
       0
       0
       0
       0
       0
       0
       0
       0
       0
       0
       0
       0
       0
       0
       0
       0
       0
       0
       0
       0
       0
       0
       0
       0
       0
       0
       0
       0
       0
       0
       0
       0
       0
       0
       0
       0
       0
       0
       0
       0
       0
       0
       0
       0
       0
       0
       0
       0
       0
       0
       0
       0
       0
       0
       0
       0
       0
       0
       0
       0
       0
       0
       0
       0
       0
       0
       0
       0
       0
       0
       0
       0
       0
       0
       0
       0
       0
       0
       0
       0
       0
       0
       0
       0
       0
       0
       0
       0
       0
       0
       0
       0
       0
       0
       0
       0
       0
       0
       0
       0
       0
       0
       0
       0
       0
       0
       0
       0
       0
       0
       0
       0
       0
       0
       0
       0
       0
       0
       0
       0
       0
       0
       0
       0
       0
       0
       0
       0
       0
       0
       0
       0
       0
       0
       0
       0
       0
       0
       0
       0
       0
       0
       0
       0
       0
       0
       0
       0
       0
       0
       0
       0
       0
       0
       0
       0
       0
       0
       0
       0
       0
       0
       0
       0
       0
       0
       0
       0
       0
       0
       0
       0
       0
       0
       0
       0
       0
       0
       0
       0
       0
       0
       0
       0
       0
       0
       0
       0
       0
       0
       0
       0
       0
       0
       0
       0
       0
       0
       0
       0
       0
       0
       0
       0
       0
       0
       0
       0
       0
       0
       0
       0
       0
       0
       0
       0
       0
       0
       0
       0
       0
       0
       0
       0
       0
       0
       0
       0
       0
       0
       0
       0
       0
       0
       0
       0
       0
       0
       0
       0
       0
       0
       0
       0
       0
       0
       0
       0
       0
       0
       0
       0
       0
       0
       0
       0
       0
       0
       0
       0
       0
       0
       0
       0
       0
       0
       0
       0
       0
       0
       0
       0
       0
       0
       0
       0
       0
       0
       0
       0
       0
       0
       0
       0
       0
       0
       0
       0
       0
       0
       0
       0
       0
       0
       0
       0
       0
       0
       0
       0
       0
       0
       0
       0
       0
       0
       0
       0
       0
       0
       0
       0
       0
       0
       0
       0
       0
       0
       0
       0
       0
       0
       0
       0
       0
       0
       0
       0
       0
       0
       0
       0
       0
       0
       0
       0
       0
       0
       0
       0
       0
       0
       0
       0
       0
       0
       0
       0
       0
       0
       0
       0
       0
       0
       0
       0
       0
       0
       0
       0
       0
       0
       0
       0
       0
       0
       0
       0
       0
       0
       0
       0
       0
$ROI:
0
$PRESETS:
None
0
0
$ENER_FIT:
0.000000 0.000000
$MCA_CAL:
3
0.000000E+000 0.000000E+000 0.000000E+000 
$SHAPE_CAL:
3
0.000000E+000 0.000000E+000 0.000000E+000
