$SPEC_ID:
Run01_Am241
$SPEC_REM:
DET# 1
DETDESC# GRAD-LAB Easy-MCA-2k SN 14127175
AP# Maestro Version 7.01
$DATE_MEA:
10/12/2016 14:07:42
$MEAS_TIM:
296 300
$DATA:
0 2047
       0
       0
       0
       0
       0
       0
       0
       0
       0
       0
       1
       1
       0
       1
       5
       5
       0
       1
       1
       0
       2
       0
       0
       0
       1
       1
       0
       0
       1
       0
       0
       1
       0
       0
       1
       1
       0
       1
       0
       1
       1
       0
       2
       2
       0
       3
       2
       2
       1
       0
       0
       0
       2
       0
       1
       1
       2
       2
       2
       0
       2
       1
       2
       0
       1
       4
       7
       1
       2
       2
       1
       2
       0
       2
       2
       2
       4
       2
       4
       0
       2
       5
       5
       3
       1
       0
       2
       3
       5
       2
       2
       5
       5
       2
       4
       1
       6
       4
       5
       7
       8
       1
       4
       4
       6
       2
       6
       2
       4
       2
       8
       4
       3
       6
       3
       4
       9
       4
      12
       5
       6
       2
       6
       8
       7
       7
       4
       3
       6
       7
       6
       4
       3
       3
       7
       6
       8
       2
       4
      10
       7
       3
       7
       7
       6
       8
       6
       9
       7
       2
       8
       7
       8
       7
       7
       8
       3
       6
       3
       4
       6
       6
       7
       8
       7
       7
       6
      10
       5
       9
       2
       8
      10
       5
       6
       6
       5
       8
      10
       9
       3
       4
       7
       6
       6
       5
       6
       6
       5
       8
       7
       5
       5
       5
       4
       3
       7
       5
       8
       6
       5
       2
       9
       5
       4
       5
       6
      11
      12
       5
       9
       6
       6
       8
       6
       8
       7
       8
       6
       3
       6
       7
       8
       6
       9
       8
       5
      11
      11
       8
       8
       8
       7
       8
       9
       3
       7
       4
       4
       5
       7
       8
       6
       5
       5
       8
       9
       8
       9
      12
       9
       3
       9
       4
       4
       3
       3
       4
       9
       6
       2
       6
       4
      12
       9
      10
      12
       8
       6
      12
       8
       9
       8
      12
       5
       9
      10
       4
       4
       7
       9
       4
       9
       4
       8
       7
       7
       5
       6
      10
       9
       9
       8
       5
       4
      11
      10
       7
       8
       4
       6
       8
       6
      11
       9
      11
      14
      18
      11
      16
      18
      11
      17
      16
      10
      10
       8
       6
       2
       5
       4
       5
       8
       3
       9
      17
       8
       4
      16
       6
      10
       4
       8
       6
       9
       9
       5
      10
       3
       8
       6
      10
       7
       9
       6
       5
       8
       2
      10
       4
       8
       8
       5
       6
       8
       7
       6
      10
      10
      10
       8
      10
       6
       4
       8
       8
       8
       8
       8
       7
      13
       6
       5
       6
       6
       6
       8
       5
      16
       8
       7
       7
       7
       2
       4
      11
      13
       9
       7
       3
       8
       8
       4
       7
       6
       7
      11
      10
       8
       7
      13
       8
       5
       2
      10
       9
       7
       7
      11
       9
      10
      10
       6
       5
       5
       8
       6
       4
       5
       7
       6
       9
       7
       9
       6
       6
       8
      19
       5
      16
       6
      14
      15
      12
      14
      17
      16
      14
      13
       9
       8
      10
       8
       8
      10
       6
       7
       6
       8
       9
      12
      11
      11
       5
       8
       5
       7
       5
       4
      10
       8
       9
      12
      10
       8
       8
       8
      16
       9
       8
       6
      12
      13
       9
      11
       6
      10
       6
       9
      11
       6
       6
       8
       5
      14
       8
      13
      11
      11
      10
       8
      11
      15
      16
       9
      13
      13
       6
      14
       6
       7
      13
       3
      12
       8
       8
      10
      10
       7
      19
       7
      10
      16
      12
      10
      16
      14
      14
      16
       9
      15
       7
      13
      10
      13
       7
      14
      12
      14
       9
      16
      11
       6
      11
      12
       7
      15
       7
       8
      17
      11
      16
      10
      14
      14
       5
      13
      19
       9
      14
      13
      13
      14
      13
      16
      15
      18
      20
      15
      13
      14
      23
      16
      13
      20
      18
      13
      14
      12
      20
      16
      14
      20
      14
      15
      16
      18
      31
      20
      20
      14
      24
      20
      21
      22
      17
      20
      17
      20
      17
      24
      21
      24
      20
      18
      21
      23
      28
      29
      26
      25
      26
      46
      25
      30
      30
      37
      33
      37
      35
      28
      32
      43
      37
      47
      43
      47
      43
      41
      43
      53
      46
      55
      48
      63
      59
      76
      78
     101
     103
     121
     131
     166
     199
     251
     294
     355
     549
     649
     861
    1053
    1381
    1624
    1861
    2076
    2222
    2309
    2286
    2122
    1805
    1559
    1331
    1029
     738
     522
     339
     265
     168
      88
      86
      56
      42
      28
      27
      28
      23
      27
      18
       7
      16
      14
      17
      17
      15
      19
      18
      12
      11
      15
      17
      13
      13
      16
      10
       8
      12
      19
      20
      17
      17
      20
      18
      20
      16
      20
      10
      12
      20
      17
      11
      21
      20
      21
      27
      26
      32
      33
      37
      28
      31
      42
      54
      52
      72
      77
      97
     107
     126
     187
     218
     211
     282
     251
     303
     334
     322
     290
     293
     218
     165
     166
     112
     109
      76
      75
      72
      56
      47
      49
      39
      37
      29
      22
      17
      17
      13
      11
       8
       6
       4
       3
       4
       5
       3
       3
       7
       3
      11
       0
       4
       4
       3
       2
       4
       4
       3
       3
       4
       4
       8
       4
       4
       2
       9
       0
       2
       3
       2
       1
       3
       2
       0
       1
       4
      10
       2
       2
       3
       3
       3
       3
       2
       6
       3
       6
       3
       4
       4
       6
       3
       4
       6
       2
       4
       1
       3
       3
       1
       2
       3
       2
       2
       0
       5
       4
       1
       2
       3
       1
       5
       6
       0
       2
       4
       2
       5
       3
       2
       2
       1
       5
       4
       2
       9
       1
       4
       2
       3
       1
       1
       2
       3
       3
       1
       2
       0
       4
       2
       5
       1
       3
       3
       4
       3
       4
       1
       2
       5
       2
       5
       2
       2
       1
       4
       1
       2
       3
       3
       3
       1
       2
       2
       1
       3
       4
       1
       4
       4
       2
       1
       3
       2
       2
       2
       0
       5
       2
       2
       5
       3
       2
       1
       5
       2
       1
       3
       7
       2
       0
       3
       1
       6
       6
       0
       2
       3
       5
       3
       3
       3
       5
       7
       1
       2
       4
       1
       1
       1
       1
       1
       3
       3
       2
       2
       3
       1
       6
       5
       3
       3
       4
       5
       1
       4
       2
       4
       2
       1
       5
       4
       2
       4
       2
       1
       1
       2
       5
       4
       4
       1
       2
       4
       2
       3
       5
       2
       6
       2
       1
       5
       4
       6
       2
       2
       4
       0
       1
       3
       6
       2
       5
       3
       6
       1
       5
       5
       1
       4
       2
       2
       5
       3
       3
       1
       1
       2
       5
       2
       2
       2
       2
       1
       4
       1
       7
       3
       2
       2
       1
       3
       2
       4
       4
       0
       2
       3
       1
       3
       0
       2
       1
       2
       0
       2
       1
       2
       2
       5
       1
       4
       3
       2
       3
       2
       3
       2
       4
       2
       1
       5
       3
       4
       3
       2
       4
       2
       0
       2
       4
       2
       5
       2
       3
       3
       0
       4
       3
       3
       3
       0
       3
       3
       3
       1
       1
       1
       3
       4
       0
       3
       5
       4
       6
       1
       0
       2
       3
       3
       0
       3
       1
       2
       4
       5
       1
       2
       2
       4
       1
       0
       2
       0
       2
       1
       3
       6
       2
       3
       2
       4
       5
       5
       7
       0
       1
       1
       4
       4
       3
       0
       4
       3
       4
       0
       2
       2
       2
       2
       4
       5
       4
       0
       4
       2
       2
       6
       4
       3
       2
       7
       6
       4
       3
       5
       4
       2
       4
       2
       3
       1
       5
       3
       4
       5
       1
       1
       5
       5
       4
       2
       1
       4
       2
       2
       1
       6
       0
       2
       3
       3
       1
       1
       2
       1
       1
       3
       2
       5
       3
       3
       2
       3
       3
       1
       4
       4
       2
       6
       1
       3
       2
       0
       6
       4
       2
       2
       4
       1
       0
       4
       7
       1
       2
       4
       6
       3
       3
       4
       3
       5
       3
       5
       2
       2
       5
       3
       2
       2
       5
       1
       3
       1
       1
       3
       2
       5
       2
       3
       4
       4
       4
       6
       2
       5
       0
       3
       3
       4
       1
       1
       5
       3
       2
       5
       4
       4
       0
       5
       5
       3
       5
       1
       2
       3
       3
       5
       3
       7
       5
       4
       2
       3
       2
       1
       0
       3
       2
       3
       3
       8
       3
       3
       5
       4
       2
       3
       2
       8
       2
       4
       5
       3
       5
       6
       6
       6
       3
       3
      11
      10
       1
       3
       4
       6
       6
       6
       3
       7
       7
       1
       7
       6
       5
       8
       3
       9
       2
       3
       1
       2
       3
       0
       1
       0
       3
       6
       0
       0
       2
       0
       1
       1
       1
       1
       0
       0
       3
       0
       1
       0
       2
       1
       0
       0
       0
       0
       1
       0
       1
       1
       3
       1
       1
       1
       1
       2
       0
       0
       0
       0
       3
       3
       1
       1
       3
       0
       1
       1
       0
       0
       2
       1
       0
       1
       0
       1
       2
       1
       2
       1
       2
       2
       0
       2
       2
       2
       0
       2
       2
       3
       2
       2
       2
       0
       1
       1
       1
       0
       1
       0
       0
       0
       0
       1
       0
       1
       2
       0
       1
       0
       0
       0
       0
       0
       0
       0
       0
       0
       0
       0
       0
       0
       0
       2
       0
       0
       0
       1
       1
       0
       0
       0
       1
       1
       1
       0
       1
       0
       0
       0
       0
       0
       1
       0
       2
       0
       0
       0
       0
       0
       0
       0
       0
       1
       1
       0
       0
       0
       1
       0
       2
       0
       0
       0
       0
       0
       0
       0
       0
       0
       0
       0
       0
       1
       0
       0
       1
       0
       0
       0
       0
       0
       0
       0
       0
       0
       0
       0
       0
       0
       0
       0
       0
       0
       0
       0
       0
       0
       0
       0
       0
       0
       0
       0
       0
       0
       0
       0
       0
       0
       1
       0
       0
       0
       0
       0
       0
       0
       0
       0
       0
       0
       0
       1
       0
       0
       0
       0
       0
       0
       0
       0
       0
       1
       0
       0
       0
       0
       0
       0
       0
       0
       0
       0
       0
       0
       0
       0
       0
       0
       0
       0
       0
       0
       0
       0
       0
       0
       0
       0
       0
       0
       0
       1
       0
      13
       4
       0
       0
       0
       0
       0
       0
       0
       0
       0
       0
       0
       0
       0
       0
       0
       0
       0
       0
       0
       0
       0
       0
       0
       0
       0
       0
       0
       0
       0
       0
       0
       0
       0
       0
       0
       0
       0
       0
       0
       0
       0
       0
       0
       0
       0
       0
       0
       0
       0
       0
       0
       0
       0
       0
       0
       0
       0
       0
       0
       0
       0
       0
       0
       0
       0
       0
       0
       0
       0
       0
       0
       0
       0
       0
       0
       0
       0
       0
       0
       0
       0
       0
       0
       0
       0
       0
       0
       0
       0
       0
       0
       0
       0
       0
       0
       0
       0
       0
       0
       0
       0
       0
       0
       0
       0
       0
       0
       0
       0
       0
       0
       0
       0
       0
       0
       0
       0
       0
       0
       0
       0
       0
       0
       0
       0
       0
       0
       0
       0
       0
       0
       0
       0
       0
       0
       0
       0
       0
       0
       0
       0
       0
       0
       0
       0
       0
       0
       0
       0
       0
       0
       0
       0
       0
       0
       0
       0
       0
       0
       0
       0
       0
       0
       0
       0
       0
       0
       0
       0
       0
       0
       0
       0
       0
       0
       0
       0
       0
       0
       0
       0
       0
       0
       0
       0
       0
       0
       0
       0
       0
       0
       0
       0
       0
       0
       0
       0
       0
       0
       0
       0
       0
       0
       0
       0
       0
       0
       0
       0
       0
       0
       0
       0
       0
       0
       0
       0
       0
       0
       0
       0
       0
       0
       0
       0
       0
       0
       0
       0
       0
       0
       0
       0
       0
       0
       0
       0
       0
       0
       0
       0
       0
       0
       0
       0
       0
       0
       0
       0
       0
       0
       0
       0
       0
       0
       0
       0
       0
       0
       0
       0
       0
       0
       0
       0
       0
       0
       0
       0
       0
       0
       0
       0
       0
       0
       0
       0
       0
       0
       0
       0
       0
       0
       0
       0
       0
       0
       0
       0
       0
       0
       0
       0
       0
       0
       0
       0
       0
       0
       0
       0
       0
       0
       0
       0
       0
       0
       0
       0
       0
       0
       0
       0
       0
       0
       0
       0
       0
       0
       0
       0
       0
       0
       0
       0
       0
       0
       0
       0
       0
       0
       0
       0
       0
       0
       0
       0
       0
       0
       0
       0
       0
       0
       0
       0
       0
       0
       0
       0
       0
       0
       0
       0
       0
       0
       0
       0
       0
       0
       0
       0
       0
       0
       0
       0
       0
       0
       0
       0
       0
       0
       0
       0
       0
       0
       0
       0
       0
       0
       0
       0
       0
       0
       0
       0
       0
       0
       0
       0
       0
       0
       0
       0
       0
       0
       0
       0
       0
       0
       0
       0
       0
       0
       0
       0
       0
       0
       0
       0
       0
       0
       0
       0
       0
       0
       0
       0
       0
       0
       0
       0
       0
       0
       0
       0
       0
       0
       0
       0
       0
       0
       0
       0
       0
       0
       0
       0
       0
       0
       0
       0
       0
       0
       0
       0
       0
       0
       0
       0
       0
       0
       0
       0
       0
       0
       0
       0
       0
       0
       0
       0
       0
       0
       0
       0
       0
       0
       0
       0
       0
       0
       0
       0
       0
       0
       0
       0
       0
       0
       0
       0
       0
       0
       0
       0
       0
       0
       0
       0
       0
       0
       0
       0
       0
       0
       0
       0
       0
       0
       0
       0
       0
       0
       0
       0
       0
       0
       0
       0
       0
       0
$ROI:
0
$PRESETS:
None
0
0
$ENER_FIT:
0.000000 0.000000
$MCA_CAL:
3
0.000000E+000 0.000000E+000 0.000000E+000 
$SHAPE_CAL:
3
0.000000E+000 0.000000E+000 0.000000E+000
