$SPEC_ID:
Run01_Am241
$SPEC_REM:
DET# 1
DETDESC# GRAD-LAB Easy-MCA-2k SN 14127175
AP# Maestro Version 7.01
$DATE_MEA:
10/10/2016 14:39:08
$MEAS_TIM:
257 258
$DATA:
0 2047
       0
       0
       0
       0
       0
       0
       0
       0
       0
       0
       0
       0
       0
       0
       0
       0
       0
       1
       1
       0
       0
       0
       0
       0
       0
       0
       0
       0
       0
       2
       0
       0
       0
       0
       0
       0
       0
       0
       0
       0
       0
       0
       0
       0
       1
       0
       0
       0
       0
       0
       0
       0
       0
       2
       0
       0
       1
       0
       1
       0
       1
       1
       0
       1
       0
       0
       2
       1
       2
       1
       0
       2
       1
       0
       2
       1
       0
       1
       1
       1
       3
       1
       1
       2
       3
       2
       0
       0
       2
       1
       1
       0
       1
       0
       2
       0
       1
       1
       3
       2
       1
       1
       1
       3
       1
       0
       1
       1
       0
       3
       2
       3
       2
       1
       1
       1
       0
       2
       0
       0
       0
       2
       2
       1
       0
       2
       1
       1
       0
       2
       0
       1
       1
       3
       2
       2
       1
       3
       2
       7
       5
      14
       8
      15
      11
      12
      21
      12
      11
       4
       5
      15
      17
      15
      19
      25
      13
      10
       8
      10
       7
       3
       8
       3
       7
       5
       0
       3
       1
       1
       2
       1
       2
       2
       4
       0
       0
       2
       2
       2
       6
       2
       1
       2
       1
       0
       1
       1
       0
       1
       0
       1
       0
       1
       0
       0
       0
       0
       1
       1
       1
       0
       0
       1
       1
       1
       0
       0
       0
       0
       0
       3
       1
       1
       1
       1
       0
       0
       0
       0
       0
       1
       2
       0
       0
       2
       2
       0
       0
       1
       1
       0
       0
       0
       1
       1
       1
       2
       0
       0
       1
       1
       1
       0
       0
       0
       1
       1
       0
       0
       1
       1
       2
       1
       0
       3
       0
       0
       1
       0
       0
       1
       0
       3
       0
       1
       0
       2
       1
       0
       0
       0
       0
       1
       2
       0
       1
       1
       0
       1
       0
       0
       1
       0
       1
       0
       0
       1
       2
       0
       2
       1
       0
       0
       0
       0
       2
       1
       0
       1
       0
       3
       0
       1
       2
       2
       1
       4
       4
       3
       3
       4
       0
       3
       2
       3
       2
       0
       0
       1
       0
       0
       0
       2
       0
       0
       0
       1
       1
       3
       2
       0
       3
       2
       3
       1
       1
       0
       1
       5
       3
       1
       9
       6
       7
      10
      10
      12
       8
       5
       4
       4
       3
       2
       5
       2
       3
       2
       1
       1
       2
       0
       0
       1
       1
       2
       2
       2
       0
       2
       1
       0
       0
       1
       0
       1
       0
       1
       1
       0
       1
       0
       0
       0
       2
       1
       1
       3
       2
       1
       3
       2
       3
       1
       1
       9
       3
       9
       9
       8
       6
       5
       4
      10
       3
       3
       3
       2
       2
       3
       2
       2
       2
       1
       1
       2
       1
       2
       1
       0
       1
       0
       1
       0
       1
       0
       1
       2
       1
       5
       4
       5
       5
       2
       4
       1
       1
       4
       3
       1
       0
       2
       0
       1
       4
       2
       1
       0
       1
       1
       1
       2
       0
       1
       0
       0
       1
       2
       1
       1
       0
       2
       3
       3
       1
       4
       4
       2
       1
       3
       1
       1
       2
       1
       2
       1
       2
       0
       1
       3
       2
       3
       2
       1
       1
       0
       1
       0
       2
       1
       0
       1
       0
       2
       0
       0
       1
       1
       2
       0
       3
       4
       2
       1
       0
       0
       2
       1
       0
       3
       4
       4
       0
       5
       2
       4
       2
       2
       2
       3
       4
       3
       3
       2
       2
       2
       2
       1
       1
       2
       2
       0
       1
       3
       1
       0
       0
       1
       1
       1
       1
       1
       1
       2
       0
       1
       0
       3
       2
       0
       1
       0
       1
       1
       1
       3
       1
       1
       2
       1
       0
       3
       1
       2
       2
       0
       0
       2
       1
       0
       0
       2
       3
       2
       0
       1
       3
       0
       1
       0
       1
       1
       3
       1
       0
       0
       0
       1
       0
       1
       0
       3
       0
       0
       1
       1
       1
       2
       1
       2
       2
       1
       0
       2
       4
       1
       1
       5
       2
       2
       1
       2
       2
       1
       2
       2
       1
       0
       2
       2
       1
       4
       1
       0
       2
       4
       0
       1
       1
       2
       1
       2
       1
       1
       2
       3
       1
       1
       3
       2
       2
       3
       1
       2
       4
       0
       3
       4
       0
       2
       4
       1
       2
       1
       3
       4
       4
       1
       3
       3
       3
       1
       2
       2
       2
       2
       3
       0
       2
       2
       0
       2
       3
       3
       2
       1
       2
       3
       4
       7
       4
       4
       6
       4
       4
       3
       5
       5
       2
       3
       2
       5
       1
       4
       1
       3
       2
       4
       3
       6
       4
       2
       4
       4
       8
       2
      12
       4
      11
      13
      11
      16
      15
      15
      19
      20
      18
      17
      14
      13
      11
       5
      11
       8
       8
       3
       1
       5
       1
       4
       2
       1
       1
       3
       1
       1
       2
       1
       2
       3
       2
       0
       2
       2
       3
       0
       1
       2
       2
       1
       3
       0
       2
       3
       3
       0
       0
       3
       3
       0
       6
       0
       1
       5
       2
       1
       1
       4
       2
       0
       1
       1
       2
       1
       2
       2
       0
       1
       2
       4
       2
       3
       0
       2
       2
       1
       3
       4
       1
       0
       2
       0
       3
       4
       4
       7
       6
       2
       1
       2
       9
       5
       9
       4
       6
      12
       8
       6
       4
       5
       4
       1
       4
       2
       2
       5
       4
       1
       1
       3
       0
       3
       2
       1
       3
       1
       2
       0
       1
       1
       3
       3
       1
       0
       5
       0
       1
       2
       0
       2
       1
       2
       0
       1
       2
       2
       3
       1
       1
       2
       1
       0
       3
       2
       1
       0
       0
       0
       0
       0
       2
       2
       1
       3
       1
       2
       1
       0
       2
       0
       0
       2
       3
       1
       1
       4
       0
       2
       2
       0
       0
       3
       0
       2
       1
       1
       0
       2
       1
       4
       3
       2
       1
       1
       2
       0
       0
       3
       0
       2
       3
       2
       2
       4
       3
       1
       3
       1
       0
       3
       2
       0
       0
       1
       0
       2
       2
       2
       0
       1
       2
       2
       0
       1
       1
       3
       0
       1
       4
       2
       0
       1
       0
       0
       0
       2
       4
       1
       2
       3
       3
       8
       1
       2
       1
       0
       5
       3
       2
       0
       3
       6
       2
       2
       1
       3
       5
       2
       2
       5
       0
       2
       5
       3
       4
       4
       3
       1
       5
       1
       2
       4
       1
       4
       4
       1
       0
       1
       2
       2
       3
       2
       4
       3
       4
       2
       2
       3
       4
       3
       1
       2
       3
       1
       2
       2
       2
       3
       3
       2
       5
       3
       2
       0
       6
       5
       1
       5
       1
       7
       7
      10
       5
      17
      11
      14
      13
      21
      14
      26
      36
      35
      36
      38
      53
      59
      56
      73
      75
      72
      71
      91
      85
      92
      79
      69
      77
      81
      57
      47
      44
      38
      25
      13
      10
       9
       2
       7
       7
       2
       1
       4
       0
       1
       1
       0
       2
       1
       2
       1
       2
       2
       1
       0
       2
       1
       0
       0
       0
       0
       2
       0
       1
       2
       0
       3
       1
       1
       0
       1
       1
       0
       0
       2
       0
       1
       1
       1
       0
       1
       0
       0
       0
       1
       3
       2
       3
       0
       0
       0
       2
       0
       0
       0
       1
       0
       0
       1
       0
       0
       0
       0
       0
       1
       1
       0
       1
       1
       0
       0
       0
       1
       0
       0
       1
       1
       0
       1
       0
       0
       0
       0
       1
       1
       2
       2
       2
       0
       2
       2
       0
       1
       0
       1
       2
       0
       1
       1
       3
       2
       1
       1
       3
       3
       3
       4
       0
       7
       8
      11
      11
      15
      11
      12
      20
      17
      15
      12
      14
      12
       8
       6
       6
       3
       2
       5
       1
       0
       1
       1
       2
       0
       1
       1
       4
       3
       2
       4
       2
       3
       4
       3
       3
       1
       3
       3
       3
       1
       3
       0
       1
       0
       0
       0
       1
       0
       0
       0
       0
       0
       0
       0
       0
       0
       0
       0
       0
       0
       0
       0
       0
       0
       0
       0
       0
       0
       0
       0
       0
       0
       1
       0
       0
       1
       0
       0
       0
       0
       0
       0
       1
       0
       0
       0
       0
       0
       0
       1
       0
       0
       0
       0
       1
       0
       0
       0
       0
       2
       0
       0
       0
       0
       0
       0
       0
       0
       0
       0
       1
       0
       0
       1
       0
       0
       0
       0
       0
       0
       0
       0
       0
       0
       0
       0
       0
       0
       0
       0
       0
       0
       0
       0
       0
       0
       0
       0
       0
       0
       0
       0
       0
       0
       0
       0
       0
       0
       0
       0
       0
       0
       0
       0
       0
       0
       0
       0
       0
       0
       0
       0
       0
       0
       0
       0
       0
       0
       0
       0
       0
       0
       0
       0
       0
       0
       0
       0
       0
       0
       0
       0
       0
       0
       0
       0
       0
       0
       0
       0
       0
       0
       1
       0
       0
       0
       0
       0
       0
       1
       0
       0
       0
       0
       0
       0
       0
       0
       0
       1
       0
       0
       0
       0
       0
       0
       0
       0
       0
       0
       0
       0
       0
       0
       0
       0
       0
       0
       1
       1
       0
       0
       0
       0
       0
       0
       0
       0
       0
       0
       0
       0
       0
       0
       0
       0
       0
       0
       0
       0
       0
       0
       0
       0
       0
       0
       0
       0
       0
       0
       0
       0
       1
       0
       0
       0
       0
       0
       0
       0
       0
       0
       0
       0
       0
       0
       0
       0
       0
       0
       0
       0
       0
       0
       0
       0
       0
       0
       0
       0
       0
       0
       0
       0
       0
       0
       0
       0
       0
       0
       0
       0
       0
       0
       0
       0
       0
       0
       0
       0
       0
       0
       0
       0
       0
       0
       0
       0
       0
       0
       0
       0
       0
       0
       0
       0
       0
       0
       0
       0
       0
       0
       0
       0
       0
       0
       0
       0
       0
       0
       0
       0
       0
       0
       0
       0
       0
       0
       0
       0
       0
       0
       0
       0
       0
       0
       0
       0
       0
       0
       0
       0
       0
       0
       0
       0
       0
       0
       0
       0
       0
       0
       0
       0
       0
       1
       0
       4
       4
       0
       0
       0
       0
       0
       0
       0
       0
       0
       0
       0
       0
       0
       0
       0
       0
       0
       0
       0
       0
       0
       0
       0
       0
       0
       0
       0
       0
       0
       0
       0
       0
       0
       0
       0
       0
       0
       0
       0
       0
       0
       0
       0
       0
       0
       0
       0
       0
       0
       0
       0
       0
       0
       0
       0
       0
       0
       0
       0
       0
       0
       0
       0
       0
       0
       0
       0
       0
       0
       0
       0
       0
       0
       0
       0
       0
       0
       0
       0
       0
       0
       0
       0
       0
       0
       0
       0
       0
       0
       0
       0
       0
       0
       0
       0
       0
       0
       0
       0
       0
       0
       0
       0
       0
       0
       0
       0
       0
       0
       0
       0
       0
       0
       0
       0
       0
       0
       0
       0
       0
       0
       0
       0
       0
       0
       0
       0
       0
       0
       0
       0
       0
       0
       0
       0
       0
       0
       0
       0
       0
       0
       0
       0
       0
       0
       0
       0
       0
       0
       0
       0
       0
       0
       0
       0
       0
       0
       0
       0
       0
       0
       0
       0
       0
       0
       0
       0
       0
       0
       0
       0
       0
       0
       0
       0
       0
       0
       0
       0
       0
       0
       0
       0
       0
       0
       0
       0
       0
       0
       0
       0
       0
       0
       0
       0
       0
       0
       0
       0
       0
       0
       0
       0
       0
       0
       0
       0
       0
       0
       0
       0
       0
       0
       0
       0
       0
       0
       0
       0
       0
       0
       0
       0
       0
       0
       0
       0
       0
       0
       0
       0
       0
       0
       0
       0
       0
       0
       0
       0
       0
       0
       0
       0
       0
       0
       0
       0
       0
       0
       0
       0
       0
       0
       0
       0
       0
       0
       0
       0
       0
       0
       0
       0
       0
       0
       0
       0
       0
       0
       0
       0
       0
       0
       0
       0
       0
       0
       0
       0
       0
       0
       0
       0
       0
       0
       0
       0
       0
       0
       0
       0
       0
       0
       0
       0
       0
       0
       0
       0
       0
       0
       0
       0
       0
       0
       0
       0
       0
       0
       0
       0
       0
       0
       0
       0
       0
       0
       0
       0
       0
       0
       0
       0
       0
       0
       0
       0
       0
       0
       0
       0
       0
       0
       0
       0
       0
       0
       0
       0
       0
       0
       0
       0
       0
       0
       0
       0
       0
       0
       0
       0
       0
       0
       0
       0
       0
       0
       0
       0
       0
       0
       0
       0
       0
       0
       0
       0
       0
       0
       0
       0
       0
       0
       0
       0
       0
       0
       0
       0
       0
       0
       0
       0
       0
       0
       0
       0
       0
       0
       0
       0
       0
       0
       0
       0
       0
       0
       0
       0
       0
       0
       0
       0
       0
       0
       0
       0
       0
       0
       0
       0
       0
       0
       0
       0
       0
       0
       0
       0
       0
       0
       0
       0
       0
       0
       0
       0
       0
       0
       0
       0
       0
       0
       0
       0
       0
       0
       0
       0
       0
       0
       0
       0
       0
       0
       0
       0
       0
       0
       0
       0
       0
       0
       0
       0
       0
       0
       0
       0
       0
       0
       0
       0
       0
       0
       0
       0
       0
       0
       0
       0
       0
       0
       0
       0
       0
       0
       0
       0
       0
       0
       0
       0
       0
       0
       0
       0
       0
       0
       0
       0
       0
       0
       0
       0
       0
       0
       0
       0
       0
       0
       0
       0
       0
       0
       0
       0
       0
       0
       0
       0
$ROI:
0
$PRESETS:
None
0
0
$ENER_FIT:
0.000000 0.000000
$MCA_CAL:
3
0.000000E+000 0.000000E+000 0.000000E+000 
$SHAPE_CAL:
3
0.000000E+000 0.000000E+000 0.000000E+000
