$SPEC_ID:
Run01_Am241
$SPEC_REM:
DET# 1
DETDESC# GRAD-LAB Easy-MCA-2k SN 14127175
AP# Maestro Version 7.01
$DATE_MEA:
10/10/2016 12:09:45
$MEAS_TIM:
985 988
$DATA:
0 2047
       0
       0
      63
       6
       0
       0
       0
       0
       0
       0
       0
       0
       0
       1
       1
       1
       0
       1
       0
       0
       0
       0
       0
       0
       0
       0
       0
       0
       0
       0
       0
       0
       1
       1
       1
       0
       0
       1
       0
       0
       0
       0
       0
       0
       0
       1
       0
       2
       1
       2
       1
       1
       1
       2
       1
       0
       2
       2
       0
       5
       3
       0
       4
       1
       5
       4
       3
       2
       4
       3
       3
       4
       7
       7
       4
       8
       9
       2
       8
       5
       6
      10
       8
       7
       9
      11
       5
       8
       8
      12
      11
      13
       8
      12
      15
      11
      11
      10
       9
      13
       5
       9
      14
      14
      10
      12
      11
      11
      12
      19
      11
      14
      12
       9
      12
      12
      11
       5
      14
      12
       7
      20
      15
      16
      17
      13
      12
      11
      10
      13
      17
      19
      27
      30
      28
      22
      25
      26
      23
      24
      13
      15
      14
       9
      11
      20
      12
       8
      18
      16
      14
      22
      13
      15
       8
      19
      13
      14
      13
      11
      12
      10
      12
       7
      11
      11
      19
      11
       9
      14
      12
      12
      15
      17
      15
      12
      12
      10
       8
      13
       6
      18
      16
      24
      23
      25
      33
      40
      45
      52
      55
      43
      66
      54
      62
      73
     111
     172
     324
     512
     847
    1246
    1666
    2011
    2305
    2534
    2366
    1876
    1494
    1049
     603
     321
     206
     132
      61
      33
      51
      60
     106
     136
     201
     228
     327
     351
     412
     417
     311
     272
     162
     141
      65
      38
      26
       7
       7
       3
       1
       1
       3
       0
       1
       1
       1
       2
       0
       1
       2
       0
       2
       1
       1
       5
       2
       2
       1
       2
       1
       3
       0
       4
       3
       6
       9
       7
      10
       6
       7
       7
       2
       6
       1
       2
       1
       3
       0
       1
       1
       1
       2
       1
       1
       2
       2
       1
       1
       1
       0
       3
       2
       3
       4
       1
       0
       2
       2
       3
       0
       1
       1
       0
       1
       7
       2
       4
       4
       3
       7
       2
       5
       1
       3
       3
       1
       1
       2
       1
       1
       1
       1
       2
       1
       3
       0
       3
       4
       1
       6
       3
       6
       7
       7
       7
       4
       5
       3
       3
       2
       5
       2
       0
       1
       4
       5
       2
       1
       4
       7
       2
       3
       3
       3
       4
       2
       4
       4
       4
       2
       6
       2
       1
       1
       3
       4
       1
       2
       1
       1
       1
       3
       1
       0
       5
       1
       3
       3
       4
       2
       1
       5
       3
       4
       1
       2
       1
       2
       0
       4
       0
       1
       3
       3
       4
       4
       2
       5
       4
       3
       3
       3
       3
       3
       3
       3
       1
       3
       1
       2
       2
       3
       1
       3
       3
       2
       0
       1
       5
       4
       0
       2
       2
       1
       1
       4
       3
       5
       4
       6
       6
      15
       8
      11
      17
      12
      13
      17
      10
      11
       5
       5
       3
       6
       1
       0
       2
       1
       1
       1
       0
       0
       1
       1
       1
       2
       0
       1
       1
       1
       2
       3
       4
       5
       2
       2
       6
       3
       1
       1
       1
       1
       3
       2
       3
       0
       0
       1
       0
       1
       1
       0
       0
       4
       3
       4
       2
       3
       1
       4
       2
       4
       3
       1
       0
       3
       3
       3
       1
       2
       3
       2
       3
       0
       1
       3
       7
       3
       3
       1
       2
       5
      11
       4
       5
       5
      13
       7
      10
      12
      12
      10
      10
       7
       3
       3
       2
       8
       1
       2
       5
       4
       4
       3
       6
       4
       3
       6
       1
       4
       3
       6
       2
       3
       3
       2
       3
       4
       5
       4
       4
       1
       1
       3
       2
       5
       1
       2
       0
       1
       5
       6
       2
       9
       2
       6
       4
       4
       5
       2
       1
       8
       1
       2
       6
       2
       3
       1
       4
       2
       3
       7
       3
       1
       1
       5
       5
       4
       2
       5
       3
      11
       3
       2
       1
       3
       4
       1
       7
       7
       5
       7
       4
       7
       8
       2
       8
       3
       4
       5
       1
       5
       5
       2
       3
       2
       5
       6
       3
       6
       7
       6
       5
       7
       6
       6
       4
       2
       9
       7
       6
       7
       3
       4
       5
       4
       6
       6
       6
       2
       3
       3
       8
       9
       8
       5
       9
       5
       6
       3
       4
       5
       8
       8
       3
       4
       5
       8
       7
       6
      10
      11
       6
      11
      11
      10
       6
       5
       5
       5
      10
       9
      10
      13
      16
      14
      15
      18
      17
       7
      14
      13
      19
      17
      34
      22
      27
      27
      25
      30
      30
      26
      19
      22
      23
      30
      16
      10
      18
      15
      20
      13
      10
      16
      11
      13
      14
      11
      18
      10
      16
      16
      30
      15
      20
      26
      22
      23
      15
      20
      14
      11
      21
      10
       7
       7
       5
      10
       7
       3
       5
       7
       1
       3
       7
       3
       7
       8
       7
       3
       6
       4
       2
      11
       7
       1
       2
       6
       8
       2
      10
       6
       8
       9
       5
       8
       7
       4
       2
       5
       8
       8
      11
       6
       6
       8
      12
       5
       8
      10
       7
       4
      17
       5
       7
       2
       6
       9
       3
       5
       5
       9
       8
       6
       6
       6
       4
       4
       7
       7
       5
       3
       1
       2
       6
       6
       4
       4
       6
       6
      13
       4
       5
       6
       8
       4
       7
       4
       8
       7
       3
       3
       5
       4
       6
       8
       4
       3
       9
       1
       1
       5
       7
       1
       3
       5
       3
       3
       4
       1
       2
       6
       3
       5
       5
       4
       2
       6
       2
       5
       2
       1
       2
       5
       2
       2
       3
       3
       3
       1
       2
       2
       0
       3
       2
       5
       2
       3
       0
       5
       1
       3
       1
       4
       4
       2
       1
       4
       1
       1
       4
       5
       6
       3
       3
       4
       1
       3
       1
       2
       2
       2
       3
       1
       1
       1
       1
       5
       4
       2
       2
       1
       2
       4
       0
       2
       1
       2
       2
       1
       4
       3
       4
       1
       1
       3
       2
       3
       3
       4
       1
       0
       0
       4
       0
       1
       3
       4
       6
       2
       1
       2
       3
       3
       3
       1
       4
       2
       3
       1
       2
       3
       5
       0
       1
       1
       0
       0
       1
       0
       2
       2
       1
       0
       1
       2
       5
       1
       2
       4
       1
       2
       2
       1
       2
       3
       3
       0
       1
       1
       3
       1
       0
       3
       2
       6
       1
       2
       6
       0
       4
       1
       2
       1
       1
       3
       0
       4
       3
       1
       4
       2
       1
       1
       2
       2
       2
       2
       1
       2
       3
       2
       1
       0
       4
       0
       0
       1
       5
       2
       1
       2
       3
       3
       2
       1
       0
       1
       1
       0
       3
       2
       1
       2
       2
       2
       0
       0
       0
       2
       2
       0
       1
       2
       1
       4
       2
       2
       1
       3
       2
       0
       0
       6
       1
       1
       2
       1
       4
       5
       0
       0
       0
       4
       2
       2
       0
       4
       5
       1
       0
       0
       2
       0
       0
       1
       1
       3
       1
       1
       2
       3
       3
       2
       4
       1
       3
       1
       0
       0
       1
       1
       1
       2
       0
       3
       0
       0
       2
       2
       0
       4
       2
       0
       1
       0
       1
       0
       3
       0
       2
       0
       1
       1
       0
       2
       0
       1
       2
       1
       1
       0
       1
       1
       0
       0
       0
       2
       0
       0
       1
       0
       0
       0
       1
       0
       0
       1
       2
       0
       2
       1
       0
       0
       0
       0
       0
       3
       0
       0
       2
       3
       1
       1
       0
       2
       1
       0
       2
       2
       1
       0
       0
       0
       0
       3
       2
       1
       1
       1
       0
       2
       0
       1
       1
       1
       1
       1
       0
       1
       0
       1
       0
       0
       2
       1
       0
       0
       0
       0
       2
       1
       1
       0
       0
       0
       0
       1
       2
       1
       2
       0
       0
       0
       1
       2
       1
       1
       1
       0
       1
       0
       0
       1
       0
       1
       1
       1
       1
       0
       0
       0
       1
       0
       0
       0
       1
       0
       0
       0
       0
       3
       0
       0
       0
       0
       0
       0
       1
       0
       0
       0
       0
       1
       0
       0
       0
       1
       0
       1
       0
       1
       0
       0
       0
       0
       2
       0
       0
       1
       0
       0
       0
       0
       0
       1
       1
       0
       0
       0
       0
       0
       0
       0
       0
       1
       0
       0
       0
       2
       0
       2
       0
       0
       0
       0
       0
       0
       0
       0
       0
       0
       0
       0
       2
       0
       0
       0
       1
       0
       0
       0
       0
       2
       0
       1
       0
       0
       0
       1
       2
       1
       0
       0
       0
       1
       0
       0
       0
       0
       0
       1
       0
       1
       1
       0
       1
       0
       0
       0
       0
       1
       0
       0
       0
       0
       0
       0
       1
       1
       0
       1
       0
       2
       0
       0
       0
       0
       0
       0
       2
       0
       0
       0
       1
       2
       0
       0
       0
       2
       0
       0
       0
       0
       0
       1
       0
       0
       0
       1
       0
       1
       0
       0
       0
       0
       0
       0
       1
       0
       1
       0
       0
       0
       1
       0
       0
       0
       0
       0
       0
       1
       0
       0
       0
       0
       1
       0
       0
       0
       0
       1
       0
       1
       0
       0
       0
       0
       0
       0
       0
       0
       0
       1
       0
       0
       0
       1
       0
       2
       0
       0
       0
       1
       0
       0
       0
       0
       0
       0
       0
       0
       0
       0
       0
       1
       0
       0
       0
       0
       0
       0
       0
       0
       0
       0
       0
       0
       0
       0
       0
       0
       0
       0
       1
       0
       0
       1
       0
       0
       0
       0
       0
       0
       0
       0
       0
       1
       0
       0
       0
       0
       0
       0
       0
       0
       0
       0
       0
       0
       0
       0
       0
       0
       0
       1
       0
       0
       1
       0
       0
       0
       0
       0
       0
       0
       0
       0
       0
       0
       0
       0
       0
       0
       1
       0
       0
       0
       0
       0
       0
       0
       0
       0
       0
       0
       0
       0
       0
       0
       0
       0
       0
       0
       0
       0
       0
       0
       0
       0
       0
       1
       0
       0
       0
       0
       0
       0
       0
       0
       0
       0
       0
       0
       0
       0
       0
       0
       0
       0
       0
       0
       0
       0
       0
       1
       2
       0
       0
       0
       0
       0
       0
       0
       0
       0
       0
       0
       0
       0
       0
       0
       0
       0
       0
       0
       0
       0
       0
       0
       0
       0
       0
       0
       0
       0
       0
       0
       0
       0
       0
       0
       0
       0
       0
       0
       0
       0
       0
       0
       0
       0
       0
       0
       0
       0
       0
       0
       0
       0
       0
       0
       0
       0
       0
       0
       0
       0
       0
       0
       0
       0
       0
       0
       0
       0
       0
       0
       0
       0
       0
       0
       0
       0
       0
       0
       0
       0
       0
       0
       0
       0
       0
       0
       0
       0
       0
       0
       0
       0
       0
       0
       0
       0
       0
       0
       0
       0
       0
       0
       0
       0
       0
       0
       0
       0
       0
       0
       0
       0
       0
       0
       0
       0
       0
       0
       0
       0
       0
       0
       0
       0
       0
       0
       0
       0
       0
       0
       0
       0
       0
       0
       0
       0
       0
       0
       0
       0
       0
       0
       0
       0
       0
       0
       0
       0
       0
       0
       0
       0
       0
       0
       0
       0
       0
       0
       0
       0
       0
       0
       0
       0
       0
       0
       0
       0
       0
       0
       0
       0
       0
       0
       0
       0
       0
       0
       0
       0
       0
       0
       0
       0
       0
       0
       0
       0
       0
       0
       0
       0
       0
       0
       0
       0
       0
       0
       0
       0
       0
       0
       0
       0
       0
       0
       0
       0
       0
       0
       0
       0
       0
       0
       0
       0
       0
       0
       0
       0
       0
       0
       0
       0
       0
       0
       0
       0
       0
       0
       0
       0
       0
       0
       0
       0
       0
       0
       0
       0
       0
       0
       0
       0
       0
       0
       0
       0
       0
       0
       0
       0
       0
       0
       0
       0
       0
       0
       0
       0
       0
       0
       0
       0
       0
       0
       0
       0
       0
       0
       0
       0
       0
       0
       0
       0
       0
       0
       0
       0
       0
       0
       0
       0
       0
       0
       0
       0
       0
       0
       0
       0
       0
       0
       0
       0
       0
       0
       0
       0
       0
       0
       0
       0
       0
       0
       0
       0
       0
       0
       0
       0
       0
       0
       0
       0
       0
       0
       0
       0
       0
       0
       0
       0
       0
       0
       0
       0
       0
       0
       0
       0
       0
       0
       0
       0
       0
       0
       0
       0
       0
       0
       0
       0
       0
       0
       0
       0
       0
       0
       0
       0
       0
       0
       0
       0
       0
       0
       0
       0
       0
       0
       0
       0
       0
       0
       0
       0
       0
       0
       0
       0
       0
       0
       0
       0
       0
       0
       0
       0
       0
       0
       0
       0
       0
       0
       0
       0
       0
       0
       0
       0
       0
       0
       0
       0
       0
       0
       0
       0
       0
       0
       0
       0
       0
       0
       0
       0
       0
       0
       0
       0
       0
       0
       0
       0
       0
       0
       0
       0
       0
       0
       0
       0
       0
       0
       0
       0
       0
       0
       0
       0
       0
       0
       0
       0
       0
       0
       0
       0
       0
       0
       0
       0
       0
       0
       0
       0
       0
       0
       0
       0
       0
       0
       0
       0
       0
       0
       0
       0
       0
       0
       0
       0
       0
       0
       0
       0
       0
       0
       0
       0
       0
       0
       0
       0
       0
       0
       0
       0
       0
       0
       0
       0
       0
       0
       0
       0
       0
       0
       0
       0
       0
       0
       0
       0
       0
       0
       0
       0
       0
       0
       0
       0
       0
       0
       0
       0
       0
       0
       0
       0
       0
$ROI:
0
$PRESETS:
None
0
0
$ENER_FIT:
0.000000 0.000000
$MCA_CAL:
3
0.000000E+000 0.000000E+000 0.000000E+000 
$SHAPE_CAL:
3
0.000000E+000 0.000000E+000 0.000000E+000
