$SPEC_ID:
Run01_Am241
$SPEC_REM:
DET# 1
DETDESC# GRAD-LAB Easy-MCA-2k SN 14127175
AP# Maestro Version 7.01
$DATE_MEA:
10/12/2016 14:37:14
$MEAS_TIM:
637 638
$DATA:
0 2047
       0
       0
      81
       7
       2
       2
       6
      18
      14
      12
      13
       9
       6
       6
       6
       0
       3
       1
       0
       0
       0
       0
       1
       2
       0
       0
       1
       0
       0
       1
       1
       0
       0
       1
       0
       0
       0
       0
       0
       1
       1
       0
       0
       0
       0
       2
       1
       0
       0
       0
       1
       1
       0
       0
       1
       1
       1
       1
       1
       1
       2
       2
       2
       3
       2
       1
       0
       1
       3
       4
       0
       2
       3
       1
       3
       2
       5
       2
       4
       0
       1
       3
       7
       3
       2
       2
       2
       4
       4
       2
       4
       3
       3
       4
       5
       5
       3
       3
       4
       4
       3
       0
       3
       3
       2
       2
       3
       0
       2
       2
       2
       3
       6
       6
       6
       2
       2
       3
       3
       2
       5
       6
       5
       8
       9
       7
       9
      15
      14
      39
      27
      31
      32
      23
      16
      27
      20
      35
      15
      23
      21
      18
      18
      22
       9
      11
       8
       8
       7
       7
       9
       7
       3
       2
       4
       4
       4
       2
       3
       1
       2
       1
       2
       4
       4
       4
       4
       4
       0
       1
       4
       2
       0
       0
       0
       1
       3
       1
       1
       3
       2
       4
       3
       1
       2
       0
       1
       0
       1
       1
       1
       4
       1
       0
       1
       1
       1
       0
       1
       2
       1
       1
       3
       2
       3
       1
       3
       1
       0
       5
       2
       0
       2
       1
       4
       0
       1
       3
       2
       2
       2
       0
       6
       1
       3
       2
       2
       2
       2
       3
       1
       1
       2
       1
       1
       2
       2
       1
       3
       8
       5
       1
       1
       2
       5
       2
       3
       1
       3
       4
       1
       3
       0
       3
       1
       3
       3
       1
       3
       1
       2
       7
       8
       7
       6
       4
       5
       3
       2
       7
       6
       2
       1
       3
       1
       1
       3
       1
       3
       1
       1
       1
       6
       2
       2
       0
       1
       2
       2
       0
       1
       3
       4
       7
       2
       2
       2
       1
       3
       1
       2
       2
       7
       6
       2
       5
       5
       6
      13
       8
       9
       6
       4
       5
       3
       3
       2
       2
       3
       3
       1
       2
       4
       3
       3
       0
       1
       2
       4
       4
       3
       3
       6
       5
       5
       2
       2
       3
       2
       3
       3
       0
       0
       2
       1
       3
       1
       1
       2
       5
       4
       1
       5
       3
       6
       4
       6
       3
       3
       2
       3
       3
       4
       3
       2
       1
       1
       1
       1
       5
       0
       0
       3
       3
       3
       2
       1
       2
       4
       2
       1
       1
       3
       2
       0
       2
       1
       5
       2
       0
       4
       2
       2
       0
       6
       3
       6
       0
       7
       5
       2
       2
       3
       1
       1
       2
       3
       2
       5
       2
       3
       1
       1
       2
       0
       1
       2
       8
       5
       5
       8
       4
       8
       4
       1
       6
       4
       5
       3
       6
       9
      13
       7
      10
      16
       8
       9
      10
      10
       3
       3
       5
       4
       2
       4
       0
       4
       1
       2
       1
       4
       1
       0
       4
       3
       0
       3
       0
       1
       2
       5
       4
       4
       2
       1
       1
       4
       3
       4
       6
       6
       5
       7
       3
       5
       2
       5
       6
       2
       5
       3
       2
       3
       2
       2
       0
       4
       1
       2
       1
       2
       3
       7
       3
       5
       2
       3
       4
       6
       7
       3
       1
       2
       2
       4
       0
       4
       8
       2
       4
       1
       8
       4
       3
       4
       7
       7
      10
      10
       5
      12
       9
       5
       6
       5
       4
       6
       3
       3
       3
       3
       4
       5
       5
       3
       5
       4
       1
       0
       0
       5
       1
       5
       5
       4
       2
       6
       4
       4
       6
       5
       5
       6
       2
       1
       6
       7
       2
       1
       2
       1
       2
       2
       5
       5
       2
       3
       2
       5
       4
       2
       2
       6
       4
       6
       5
       6
       2
       5
       0
       5
       1
       2
       5
       2
       2
       7
       3
       6
       6
       6
       3
       1
       2
       6
       5
       3
       2
       5
       9
       4
       3
       6
       4
       6
       2
       8
       5
       3
       3
       3
       6
       8
       4
       7
       3
       3
       5
       4
       3
       6
       6
       3
       3
       7
       6
       7
       3
       4
       5
       9
       3
       4
       6
       8
       2
       5
      12
       8
       4
       8
       5
       4
       3
       6
       6
      12
       0
       3
       3
       3
       2
       5
       5
       3
      13
       4
       5
       6
       4
       6
       3
       4
       5
       6
       5
       8
       9
       9
       8
       3
       8
       8
       5
       8
       5
       5
      11
       5
      12
      10
       6
      12
      15
       2
       9
      12
       9
      16
       9
       9
      13
       6
       9
      15
      10
       9
      12
      11
       7
      15
      11
      13
      15
       8
      14
      20
      17
      16
      20
      32
      33
      25
      33
      35
      43
      41
      31
      36
      29
      21
      29
      21
       8
      10
      10
       6
       7
       4
       5
       4
       3
       5
       4
       4
       3
       2
       2
       7
       7
       4
       5
      10
       1
       6
       2
       3
       3
       9
      11
       5
       7
       8
       8
       7
       6
       7
      10
       7
       6
       3
       2
       3
       7
       3
       7
       5
       8
       7
       6
       5
       6
      15
       3
       4
       7
       6
       4
      12
       5
       4
       6
       9
       8
       5
       2
       6
       5
       2
       3
       5
       1
       4
       9
       4
       6
       3
       9
       7
       8
       5
       2
      15
       7
       9
      14
       5
      12
      12
       7
       7
       4
       4
       6
       4
       5
       4
       3
       5
       8
       5
      11
       4
       3
      10
       8
       5
       4
       9
       9
       4
       3
       1
       3
       6
       3
       5
       5
       8
       2
       4
       6
       1
       9
       5
       1
       6
       6
       0
       2
       7
       6
       4
       5
       7
       9
       5
       4
       5
       4
       7
       5
       6
       5
       4
       9
       4
      12
       4
      11
       5
      11
       4
       8
      10
       9
       8
       9
       4
       9
       6
      10
       7
      10
       8
       4
       7
       9
       7
       5
      10
      13
      11
      13
       7
       9
       8
       8
       8
      12
       7
       8
       6
       8
       7
       6
      10
      11
      11
      14
      16
       9
      11
      14
      13
       9
      13
      15
      10
      13
      14
      17
      15
      11
      17
      35
      27
      29
      28
      38
      55
      53
      66
      63
      91
     125
     179
     181
     186
     223
     250
     264
     324
     315
     330
     362
     383
     381
     360
     331
     284
     280
     254
     210
     182
     134
     107
      64
      53
      41
      24
      19
       9
      10
       6
       4
       7
       2
       4
       5
       2
       7
       4
       4
       3
       3
       4
       4
       2
       3
       1
       6
       3
       4
       2
       1
       2
       3
       0
       3
       3
       2
       1
       7
       2
       3
       3
       4
       1
       2
       1
       7
       0
       1
       6
       3
       1
       4
       7
       2
       2
       4
       5
       3
       2
       3
       1
       4
       2
       0
       2
       3
       1
       2
       0
       2
       3
       4
       2
       2
       2
       2
       1
       2
       2
       1
       2
       4
       2
       4
       4
       2
       3
       6
       7
       5
       3
       2
       3
       6
       8
       5
       9
       8
       8
      10
      12
      15
      18
      24
      24
      34
      41
      52
      36
      48
      53
      59
      46
      50
      57
      43
      31
      27
      23
      22
      15
      12
       6
       8
       6
      10
       6
       9
       3
       7
       7
      11
       7
      13
      10
       9
      10
       6
       6
      12
       6
       4
       4
       2
       3
       2
       1
       0
       2
       0
       0
       0
       0
       0
       1
       0
       1
       0
       1
       0
       2
       3
       0
       1
       0
       2
       3
       0
       0
       0
       1
       1
       1
       0
       0
       0
       0
       0
       0
       0
       0
       0
       0
       1
       0
       0
       0
       0
       0
       0
       0
       0
       2
       0
       0
       0
       0
       0
       1
       0
       0
       0
       1
       1
       1
       0
       1
       0
       1
       0
       1
       2
       0
       0
       0
       0
       1
       0
       1
       0
       0
       1
       1
       0
       0
       0
       0
       0
       1
       0
       0
       0
       1
       1
       0
       0
       1
       1
       1
       0
       1
       0
       0
       0
       0
       0
       1
       1
       0
       0
       0
       0
       0
       1
       0
       0
       0
       0
       2
       0
       0
       0
       0
       0
       0
       0
       0
       0
       1
       0
       0
       2
       1
       0
       0
       0
       0
       1
       0
       0
       0
       1
       0
       0
       0
       0
       0
       0
       0
       1
       0
       0
       0
       0
       1
       1
       0
       0
       0
       0
       0
       0
       0
       0
       0
       0
       0
       0
       0
       1
       3
       0
       0
       0
       0
       0
       0
       0
       0
       0
       0
       0
       0
       0
       0
       1
       1
       0
       0
       0
       0
       0
       0
       0
       0
       0
       0
       0
       0
       1
       0
       0
       0
       0
       1
       0
       0
       0
       0
       0
       0
       0
       0
       0
       1
       0
       0
       1
       0
       0
       0
       0
       0
       1
       0
       0
       1
       0
       0
       0
       0
       0
       0
       0
       0
       1
       0
       0
       0
       0
       0
       0
       1
       0
       0
       1
       0
       0
       0
       0
       0
       0
       0
       0
       0
       0
       2
       0
       0
       1
       0
       0
       0
       0
       1
       0
       0
       0
       0
       1
       0
       1
       1
       0
       1
       0
       0
       0
       0
       0
       0
       0
       0
       0
       0
       0
       1
       0
       0
       1
       0
       0
       0
       0
       0
       0
       0
       1
       2
       0
       0
       0
       0
       0
       0
       0
       0
       0
       0
       0
       0
       0
       0
       0
       0
       1
       0
       0
       0
       0
       0
       0
       0
       0
       0
       0
       0
       1
       0
       0
       0
       0
       0
       0
       0
       1
       0
       0
       1
       0
       0
       0
       0
       0
       0
       2
       0
       0
       0
       1
       0
       0
       0
       0
       0
       0
       0
       0
       0
       0
       0
       0
       0
       0
       0
       0
       0
       0
       0
       1
       0
       0
       0
       0
       0
       0
       0
       0
       1
       0
       0
       0
       1
       0
       0
       0
       0
       0
       0
       0
       1
       0
       0
       0
       0
       0
       0
       0
       0
       0
       0
       0
       0
       0
       0
       0
       0
       0
       0
       0
       0
       0
       0
       0
       0
       0
       0
       0
       0
       0
       0
       0
       0
       0
       0
       0
       0
       0
       0
       1
       0
       0
       0
       0
       0
       0
       0
       0
       0
      31
      20
       0
       0
       0
       0
       0
       0
       0
       0
       0
       0
       0
       0
       0
       0
       0
       0
       0
       0
       0
       0
       0
       0
       0
       0
       0
       0
       0
       0
       0
       0
       0
       0
       0
       0
       0
       0
       0
       0
       0
       0
       0
       0
       0
       0
       0
       0
       0
       0
       0
       0
       0
       0
       0
       0
       0
       0
       0
       0
       0
       0
       0
       0
       0
       0
       0
       0
       0
       0
       0
       0
       0
       0
       0
       0
       0
       0
       0
       0
       0
       0
       0
       0
       0
       0
       0
       0
       0
       0
       0
       0
       0
       0
       0
       0
       0
       0
       0
       0
       0
       0
       0
       0
       0
       0
       0
       0
       0
       0
       0
       0
       0
       0
       0
       0
       0
       0
       0
       0
       0
       0
       0
       0
       0
       0
       0
       0
       0
       0
       0
       0
       0
       0
       0
       0
       0
       0
       0
       0
       0
       0
       0
       0
       0
       0
       0
       0
       0
       0
       0
       0
       0
       0
       0
       0
       0
       0
       0
       0
       0
       0
       0
       0
       0
       0
       0
       0
       0
       0
       0
       0
       0
       0
       0
       0
       0
       0
       0
       0
       0
       0
       0
       0
       0
       0
       0
       0
       0
       0
       0
       0
       0
       0
       0
       0
       0
       0
       0
       0
       0
       0
       0
       0
       0
       0
       0
       0
       0
       0
       0
       0
       0
       0
       0
       0
       0
       0
       0
       0
       0
       0
       0
       0
       0
       0
       0
       0
       0
       0
       0
       0
       0
       0
       0
       0
       0
       0
       0
       0
       0
       0
       0
       0
       0
       0
       0
       0
       0
       0
       0
       0
       0
       0
       0
       0
       0
       0
       0
       0
       0
       0
       0
       0
       0
       0
       0
       0
       0
       0
       0
       0
       0
       0
       0
       0
       0
       0
       0
       0
       0
       0
       0
       0
       0
       0
       0
       0
       0
       0
       0
       0
       0
       0
       0
       0
       0
       0
       0
       0
       0
       0
       0
       0
       0
       0
       0
       0
       0
       0
       0
       0
       0
       0
       0
       0
       0
       0
       0
       0
       0
       0
       0
       0
       0
       0
       0
       0
       0
       0
       0
       0
       0
       0
       0
       0
       0
       0
       0
       0
       0
       0
       0
       0
       0
       0
       0
       0
       0
       0
       0
       0
       0
       0
       0
       0
       0
       0
       0
       0
       0
       0
       0
       0
       0
       0
       0
       0
       0
       0
       0
       0
       0
       0
       0
       0
       0
       0
       0
       0
       0
       0
       0
       0
       0
       0
       0
       0
       0
       0
       0
       0
       0
       0
       0
       0
       0
       0
       0
       0
       0
       0
       0
       0
       0
       0
       0
       0
       0
       0
       0
       0
       0
       0
       0
       0
       0
       0
       0
       0
       0
       0
       0
       0
       0
       0
       0
       0
       0
       0
       0
       0
       0
       0
       0
       0
       0
       0
       0
       0
       0
       0
       0
       0
       0
       0
       0
       0
       0
       0
       0
       0
       0
       0
       0
       0
       0
       0
       0
       0
       0
       0
       0
       0
       0
       0
       0
       0
       0
       0
       0
       0
       0
       0
       0
       0
       0
       0
       0
       0
       0
       0
       0
       0
       0
       0
       0
       0
       0
       0
       0
       0
       0
       0
       0
       0
       0
       0
       0
       0
       0
       0
       0
       0
       0
       0
       0
       0
       0
       0
       0
       0
       0
$ROI:
0
$PRESETS:
None
0
0
$ENER_FIT:
0.000000 0.000000
$MCA_CAL:
3
0.000000E+000 0.000000E+000 0.000000E+000 
$SHAPE_CAL:
3
0.000000E+000 0.000000E+000 0.000000E+000
