$SPEC_ID:
Run01_Am241
$SPEC_REM:
DET# 1
DETDESC# GRAD-LAB Easy-MCA-2k SN 14127175
AP# Maestro Version 7.01
$DATE_MEA:
10/10/2016 12:52:09
$MEAS_TIM:
447 456
$DATA:
0 2047
       0
       0
       0
       0
       0
       0
       0
       0
       0
       0
       0
       0
       0
       1
       2
       0
       3
       1
       0
       0
       1
       0
       0
       1
       0
       0
       0
       0
       0
       0
       0
       0
       0
       0
       2
       2
       0
       0
       0
       2
       2
       0
       0
       0
       0
       0
       0
       0
       2
       1
       2
       1
       1
       5
       3
       2
       1
       1
       2
       3
       3
       4
       6
      11
       6
       5
       2
       6
       6
       7
      14
       9
      11
      10
       9
      11
      11
      10
       8
      12
      14
      14
      12
       8
      16
      17
      13
      17
      15
      13
       9
      12
      17
       9
      24
      13
      18
      13
      20
      13
      19
      20
      21
      29
      22
      18
      15
      20
      17
      21
      25
      21
      17
      32
      19
      17
      15
      16
      24
      28
      23
      19
      24
      15
      26
      22
      24
      19
      15
      21
      25
      15
      27
      22
      23
      18
      28
      16
      21
      19
      17
      28
      22
      22
      19
      23
      14
      19
      13
      23
      25
      12
      24
      21
      30
      22
      22
      24
      21
      21
      19
      21
      17
      21
      25
      24
      25
      18
      22
      26
      18
      20
      15
      19
      25
      14
      27
      17
      16
      21
      33
      15
      20
      17
      28
      16
      17
      24
      24
      19
      16
      27
      15
      18
      22
      23
      18
      17
      35
      30
      25
      34
      22
      23
      26
      19
      27
      30
      25
      34
      25
      18
      14
      21
      22
      25
      28
      24
      27
      28
      26
      19
      28
      29
      23
      21
      30
      21
      27
      37
      31
      41
      37
      38
      40
      36
      38
      43
      33
      42
      37
      30
      32
      20
      35
      32
      34
      28
      28
      27
      27
      23
      24
      32
      28
      25
      28
      25
      30
      16
      35
      34
      34
      30
      37
      37
      24
      31
      37
      30
      34
      34
      34
      24
      33
      41
      47
      31
      30
      51
      56
      52
      77
      78
      87
      99
      81
      99
      79
      81
      89
      93
      89
      92
     108
     100
     122
     178
     271
     485
     801
    1358
    1995
    2861
    4061
    5212
    6042
    6574
    6716
    6125
    5066
    4086
    3012
    1994
    1289
     753
     425
     240
     127
      81
      61
      30
      38
      31
      38
      41
      38
      50
      50
      62
      80
     105
     156
     235
     335
     472
     576
     752
     839
     964
     926
     927
     782
     668
     463
     363
     203
     119
      94
      38
      31
      18
      11
      10
      11
      11
       6
       7
       3
       8
      14
       5
       8
      11
      13
       9
       9
       9
       8
       9
      12
       7
      10
       5
      16
       6
       7
       8
       8
       6
       9
       7
       9
      12
       6
       5
       3
       8
      11
       5
       8
      10
       6
       5
       9
       5
      11
       3
       5
       5
       9
       5
       5
      11
      11
       8
       5
       3
       7
       3
       8
       5
       5
       9
       6
       5
       8
       7
       7
       4
       7
       7
       5
       7
       8
      10
      12
      14
      13
      12
      11
      11
      15
       5
      12
      10
       5
       8
      12
      13
       8
       9
       8
       5
       7
       9
       6
       9
       7
       9
      10
       7
       5
       6
      10
      10
       8
      10
       6
       4
      10
       7
       6
       7
       9
       7
       9
       9
       6
       7
       6
       5
       5
       5
       8
      12
       3
       5
       6
       8
       8
       6
       5
       6
      11
       6
      11
       7
       7
      10
       4
       9
      15
       4
       8
      12
       9
       6
       7
       8
       7
       9
       6
      11
      10
      11
      11
       5
      14
      13
       7
       9
       8
      12
       9
      10
      11
      15
      11
      10
       8
      11
      11
      14
       9
      12
      13
       8
      11
       7
       8
       7
      10
      13
       7
      10
       5
       9
       5
       5
       7
       5
       5
       9
       8
       8
      13
       9
      17
      10
       6
       8
      10
      10
      11
       9
      13
       8
       9
       9
      12
      13
      11
      12
      13
       6
      12
      11
       7
       5
      11
       9
      12
      12
       6
      10
      11
       4
      12
      11
      12
       7
      13
      16
      18
       8
       6
       8
      12
      20
      13
      20
      21
      19
      13
      19
      15
       7
      12
      11
       7
      14
      19
      19
      12
      17
      17
      27
      18
      34
      23
      23
      28
      19
      13
      15
      11
       9
       8
       6
       6
       5
       3
       3
       4
       3
       5
       5
       7
       6
       4
       8
       1
       4
       7
       3
       4
       4
       5
      11
       2
       9
       7
       2
       7
       2
       8
       4
       6
       2
       1
       2
       4
       0
       3
       2
       3
       1
       2
       1
       2
       1
       1
       0
       0
       1
       2
       3
       0
       3
       3
       2
       2
       3
       1
       6
       3
       2
       2
       4
       3
       4
       4
       8
       5
       4
       5
       7
       4
       3
       2
       7
       3
       1
       1
       1
       1
       3
       2
       4
       5
       9
       4
       3
      11
       6
       4
       8
       5
       6
      11
      18
      13
      11
       8
      10
       9
       5
      10
       2
       4
       4
       4
       0
       1
       1
       4
       2
       2
       0
       1
       2
       3
       3
       0
       4
       0
       0
       1
       2
       2
       4
       4
       4
       1
       3
       1
       1
       5
       1
       1
       0
       1
       3
       2
       3
       2
       1
       1
       2
       3
       2
       0
       3
       0
       3
       4
       2
       1
       2
       2
       4
       2
       0
       4
       2
       1
       1
       4
       0
       3
       1
       2
       1
       2
       0
       1
       1
       5
       2
       2
       4
       2
       3
       1
       2
       2
       1
       2
       2
       7
       7
       4
       2
       3
       3
       4
       0
       1
       0
       0
       2
       0
       4
       2
       4
       0
       0
       0
       5
       0
       1
       3
       2
       2
       1
       2
       2
       0
       0
       1
       2
       1
       0
       0
       0
       3
       2
       0
       1
       1
       4
       0
       0
       1
       0
       0
       1
       1
       0
       1
       0
       1
       0
       0
       0
       1
       2
       2
       1
       2
       1
       3
       0
       0
       1
       1
       1
       2
       0
       0
       2
       0
       1
       1
       1
       3
       3
       2
       1
       1
       3
       0
       1
       0
       3
       1
       1
       2
       1
       1
       1
       1
       2
       1
       2
       2
       0
       0
       1
       0
       1
       1
       1
       1
       0
       3
       3
       0
       0
       2
       0
       2
       1
       0
       3
       1
       2
       1
       0
       2
       2
       0
       2
       1
       1
       0
       3
       3
       1
       0
       0
       1
       2
       0
       1
       2
       3
       0
       1
       1
       1
       4
       1
       0
       1
       2
       0
       2
       1
       1
       0
       2
       0
       2
       2
       0
       1
       1
       1
       1
       0
       1
       1
       1
       2
       6
       3
       0
       0
       1
       2
       1
       0
       1
       2
       1
       1
       0
       2
       0
       2
       1
       0
       2
       0
       2
       2
       1
       3
       0
       2
       0
       1
       0
       1
       1
       1
       2
       0
       0
       2
       2
       0
       2
       1
       1
       0
       1
       0
       1
       0
       0
       1
       1
       2
       3
       1
       2
       0
       0
       1
       0
       1
       0
       2
       0
       0
       0
       1
       0
       0
       0
       2
       1
       0
       2
       0
       0
       1
       3
       1
       1
       1
       0
       0
       1
       0
       1
       0
       1
       2
       1
       0
       0
       0
       0
       0
       0
       0
       1
       0
       0
       1
       1
       2
       1
       1
       1
       0
       1
       0
       1
       1
       0
       0
       2
       0
       0
       0
       1
       2
       0
       0
       0
       0
       1
       0
       1
       4
       0
       0
       1
       0
       1
       1
       0
       0
       0
       1
       1
       0
       0
       2
       0
       1
       0
       1
       2
       0
       1
       1
       0
       1
       0
       0
       0
       0
       1
       1
       0
       1
       0
       4
       1
       0
       2
       0
       0
       0
       0
       1
       2
       0
       0
       1
       0
       0
       0
       0
       0
       0
       0
       0
       0
       0
       1
       0
       0
       0
       0
       0
       0
       1
       0
       0
       0
       0
       0
       0
       0
       0
       0
       0
       0
       0
       0
       2
       0
       0
       0
       0
       1
       1
       0
       0
       0
       1
       1
       0
       0
       1
       1
       1
       0
       1
       0
       0
       0
       0
       0
       0
       0
       0
       0
       1
       0
       0
       0
       0
       1
       0
       0
       1
       0
       0
       0
       0
       0
       0
       0
       0
       0
       0
       0
       1
       0
       0
       0
       0
       0
       1
       0
       0
       0
       0
       1
       0
       0
       0
       0
       0
       1
       0
       0
       0
       0
       0
       0
       0
       0
       0
       0
       0
       1
       0
       0
       0
       0
       1
       0
       0
       1
       0
       0
       0
       0
       0
       1
       0
       0
       0
       0
       0
       0
       1
       0
       0
       0
       0
       0
       0
       1
       0
       0
       0
       0
       0
       0
       0
       0
       0
       1
       0
       0
       0
       0
       0
       0
       0
       0
       1
       0
       0
       0
       0
       0
       0
       0
       0
       0
       0
       0
       1
       0
       0
       0
       0
       1
       0
       0
       0
       0
       0
       1
       1
       0
       0
       0
       0
       0
       0
       0
       2
       0
       0
       1
       0
       0
       0
       1
       0
       0
       1
       0
       0
       0
       0
       0
       0
       0
       0
       0
       0
       1
       0
       0
       0
       0
       1
       0
       0
       0
       0
       1
       0
       0
       0
       0
       0
       0
       0
       0
       0
       0
       1
       0
       0
       0
       0
       0
       0
       0
       1
       0
       0
       1
       0
       0
       0
       0
       0
       0
       0
       0
       0
       0
       1
       0
       0
       0
       0
       0
       0
       0
       0
       0
       0
       0
       0
       0
       0
       0
       0
       0
       0
       0
       0
       1
       0
       0
       1
       0
       0
       0
       0
       0
       0
       0
       1
       0
       0
       0
       0
       1
       0
       0
       1
       0
       0
       0
       0
       1
       0
       0
       0
       0
       0
       0
       0
       1
       0
       0
       0
       1
       0
       0
       0
       0
       0
       0
       0
       0
       0
       0
       0
       0
       0
       0
       0
       0
       0
       0
       0
       0
       0
       0
       0
       0
       0
       0
       0
       0
       0
       0
       0
       0
       0
       0
       0
       0
       1
       0
       0
       0
       0
       0
       0
       0
       0
       0
       0
       0
       0
       0
       0
       0
       0
       0
       0
       0
       0
       0
       0
       0
       0
       0
       0
       0
       0
       0
       0
       0
       0
       0
       0
       0
       0
       0
       0
       0
       0
       0
       0
       0
       0
       0
       0
       0
       0
       0
       0
       0
       0
       0
       1
       0
       0
       0
       0
       0
       0
       0
       0
       0
       0
       0
       0
       0
       0
       0
       0
       0
       0
       0
       0
       0
       0
       0
       0
       0
       0
       0
       0
       0
       0
       0
       0
       0
       0
       0
       0
       0
       0
       0
       0
       0
       0
       0
       0
       0
       0
       0
       0
       0
       0
       0
       0
       0
       0
       0
       0
       0
       0
       0
       0
       0
       0
       0
       0
       0
       0
       0
       0
       0
       0
       0
       0
       0
       0
       0
       0
       0
       0
       0
       0
       0
       0
       0
       0
       0
       0
       0
       0
       0
       0
       0
       0
       0
       0
       0
       0
       0
       0
       0
       0
       0
       0
       0
       0
       0
       0
       0
       0
       0
       0
       0
       0
       0
       0
       0
       0
       0
       0
       0
       0
       0
       0
       0
       0
       0
       0
       0
       0
       0
       0
       0
       0
       0
       0
       0
       0
       0
       0
       0
       0
       0
       0
       0
       0
       0
       0
       0
       0
       0
       0
       0
       0
       0
       0
       0
       0
       0
       0
       0
       0
       0
       0
       0
       0
       0
       0
       0
       0
       0
       0
       0
       0
       0
       0
       0
       0
       0
       0
       0
       0
       0
       0
       0
       0
       0
       0
       0
       0
       0
       0
       0
       0
       0
       0
       0
       0
       0
       0
       0
       0
       0
       0
       0
       0
       0
       0
       0
       0
       0
       0
       0
       0
       0
       0
       0
       0
       0
       0
       0
       0
       0
       0
       0
       0
       0
       0
       0
       0
       0
       0
       0
       0
       0
       0
       0
       0
       0
       0
       0
       0
       0
       0
       0
       0
       0
       0
       0
       0
       0
       0
       0
       0
       0
       0
       0
       0
       0
       0
       0
       0
       0
       0
       0
       0
       0
       0
       0
       0
       0
       0
       0
       0
       0
       0
       0
       0
       0
       0
       0
       0
       0
       0
       0
       0
       0
       0
       0
       0
       0
       0
       0
       0
       0
       0
       0
       0
       0
       0
       0
       0
       0
       0
       0
       0
       0
       0
       0
       0
       0
       0
       0
       0
       0
       0
       0
       0
       0
       0
       0
       0
       0
       0
       0
       0
       0
       0
       0
       0
       0
       0
       0
       0
       0
       0
       0
       0
       0
       0
       0
       0
       0
       0
       0
       0
       0
       0
       0
       0
       0
       0
       0
       0
       0
       0
       0
       0
       0
       0
       0
       0
       0
       0
       0
       0
       0
       0
       0
       0
       0
       0
       0
       0
       0
       0
       0
       0
       0
       0
       0
       0
       0
       0
       0
       0
       0
       0
       0
       0
       0
       0
       0
       0
       0
       0
       0
       0
       0
       0
       0
       0
       0
       0
       0
       0
       0
       0
       0
       0
       0
       0
       0
       0
       0
       0
       0
       0
       0
       0
       0
       0
       0
       0
       0
       0
       0
       0
       0
       0
       0
       0
       0
       0
       0
       0
       0
       0
       0
       0
       0
       0
       0
       0
       0
       0
       0
       0
       0
       0
       0
       0
       0
       0
       0
       0
       0
       0
       0
       0
       0
       0
       0
       0
       0
       0
       0
       0
       0
       0
       0
       0
       0
       0
       0
       0
       0
       0
       0
       0
       0
       0
       0
       0
       0
       0
       0
       0
       0
       0
       0
       0
       0
       0
       0
       0
       0
       0
       0
       0
       0
       0
       0
       0
       0
       0
       0
       0
       0
       0
       0
       0
       0
       0
$ROI:
0
$PRESETS:
None
0
0
$ENER_FIT:
0.000000 0.000000
$MCA_CAL:
3
0.000000E+000 0.000000E+000 0.000000E+000 
$SHAPE_CAL:
3
0.000000E+000 0.000000E+000 0.000000E+000
