$SPEC_ID:
Run01_Am241
$SPEC_REM:
DET# 1
DETDESC# GRAD-LAB Easy-MCA-2k SN 14127175
AP# Maestro Version 7.01
$DATE_MEA:
10/05/2016 14:46:46
$MEAS_TIM:
286 289
$DATA:
0 2047
       0
       0
      35
       0
       0
       0
       0
       0
       0
       0
       0
       0
       2
       0
       0
       0
       1
       0
       1
       1
       0
       0
       0
       1
       0
       0
       0
       0
       0
       0
       0
       0
       0
       0
       0
       0
       0
       0
       0
       1
       0
       0
       1
       1
       0
       1
       1
       1
       0
       0
       1
       0
       1
       0
       0
       2
       2
       0
       1
       5
       0
       3
       1
       1
       0
       1
       1
       5
       2
       4
       3
       4
       1
       4
       6
       3
       3
      10
       3
       4
       7
       4
       7
       1
       7
       9
       6
       8
       7
       6
       5
       5
       6
      11
       6
       5
       7
      10
       9
      10
       7
      12
       5
       9
       7
       6
       5
       9
       5
       6
       3
       5
       4
       8
       4
      11
       6
      11
      10
       5
       4
       5
      10
      11
       5
      12
       9
       9
       7
       7
       7
       5
       5
       5
       7
       5
      10
      14
       8
       9
       8
       3
       7
       8
       9
      11
      13
      12
      14
       9
       6
      11
      10
       8
      15
       4
      12
       2
      13
       7
       5
       7
      11
      10
       9
      10
      14
       6
      11
      10
       6
       7
      12
       7
      11
      11
       8
       8
      11
       9
       7
       7
      12
       7
       7
      13
      14
      13
       8
       2
       8
       8
      12
       7
       9
       6
      18
       9
      10
       6
       3
      12
       7
       4
      11
      12
       9
      13
      12
      12
      10
      13
      14
      15
      13
      19
       8
      15
      10
       8
      10
       6
      15
      10
      13
       8
      11
      10
       8
      12
       4
      11
      10
       5
      12
      10
      13
      12
       8
      13
       7
      14
      12
       9
      11
       8
      14
      12
      10
       8
      12
      12
      14
      10
       8
       9
       8
      13
       6
      16
      23
      14
      25
      28
      29
      32
      27
      37
      33
      21
      27
      27
      32
      30
      39
      68
      75
     166
     301
     484
     789
    1120
    1604
    1929
    2198
    2482
    2427
    2221
    1868
    1495
     993
     647
     403
     229
     127
      55
      30
      27
      19
      13
      10
      12
      16
      20
      23
      26
      35
      52
      95
     102
     153
     237
     279
     360
     354
     357
     304
     291
     218
     155
     110
      63
      40
      24
      12
       9
      11
      10
       2
       3
       2
       2
       6
       3
       2
       2
       3
       3
       2
       4
       5
       2
       2
       1
       4
       2
       6
       3
       2
       1
       2
       3
       2
       0
       1
       3
       2
       1
       2
       2
       1
       2
       5
       1
       1
       1
       2
       0
       2
       2
       2
       2
       1
       1
       0
       4
       1
       2
       2
       2
       2
       0
       1
       0
       2
       2
       3
       2
       0
       0
       2
       3
       2
       4
       1
       0
       3
       3
       2
       1
       1
       2
       1
       2
       2
       2
       3
       0
       3
       0
       3
       2
       2
       1
       5
       3
       2
       0
       2
       3
       1
       3
       1
       0
       2
       5
       4
       1
       3
       6
       4
       5
       3
       2
       7
       5
       3
       3
       6
       1
       1
       1
       1
       1
       2
       1
       0
       1
       1
       2
       2
       2
       5
       1
       1
       2
       0
       5
       1
       1
       1
       1
       3
       0
       2
       1
       2
       0
       1
       1
       0
       0
       0
       1
       7
       3
       1
       0
       3
       3
       3
       1
       2
       2
       0
       1
       1
       2
       0
       5
       2
       2
       0
       1
       2
       4
       4
       1
       3
       0
       6
       0
       0
       4
       3
       1
       1
       3
       2
       2
       5
       4
       4
       4
       4
       4
       5
       5
       3
       5
       3
       2
       5
       2
       1
       2
       2
       1
       2
       2
       3
       4
       1
       3
       3
       0
       4
       4
       3
       4
       2
       2
       2
       1
       2
       3
       3
       2
       2
       5
       1
       4
       2
       5
       4
       1
       6
       3
       6
       5
       6
       1
       3
       5
       4
       3
       4
      10
       5
       5
       2
       2
       1
       4
       5
       0
       2
       2
       1
       1
       4
       4
       0
       1
       2
       0
       3
       2
       1
       2
       2
       2
       0
       0
       1
       0
       1
       1
       1
       1
       2
       0
       0
       2
       0
       0
       1
       1
       2
       1
       0
       0
       3
       1
       1
       0
       0
       0
       1
       0
       2
       0
       0
       1
       0
       0
       0
       1
       3
       2
       1
       1
       0
       0
       1
       0
       0
       1
       1
       1
       0
       0
       1
       1
       0
       0
       0
       1
       0
       0
       0
       2
       1
       0
       0
       1
       2
       0
       1
       1
       0
       2
       2
       1
       1
       0
       1
       2
       0
       0
       0
       3
       2
       1
       1
       2
       3
       0
       1
       3
       2
       3
       1
       2
       0
       2
       4
       1
       2
       4
       2
       1
       0
       1
       0
       1
       2
       2
       0
       1
       1
       0
       2
       1
       1
       4
       3
       5
       3
       2
       3
       3
       0
       4
       2
       5
       2
       3
       4
       5
       2
       2
       5
       1
       0
       0
       0
       2
       0
       0
       0
       1
       0
       0
       2
       1
       1
       1
       0
       1
       0
       0
       0
       0
       0
       0
       0
       0
       0
       1
       0
       1
       1
       0
       1
       0
       1
       1
       0
       0
       1
       1
       2
       2
       0
       0
       0
       0
       1
       1
       0
       1
       1
       2
       0
       0
       0
       2
       2
       0
       1
       1
       0
       1
       0
       1
       1
       1
       1
       1
       1
       1
       0
       0
       0
       4
       2
       1
       1
       0
       1
       0
       2
       7
       0
       1
       0
       0
       0
       2
       0
       2
       0
       1
       0
       0
       1
       0
       0
       1
       0
       0
       1
       0
       0
       0
       0
       1
       2
       0
       0
       0
       0
       1
       0
       0
       0
       0
       0
       1
       0
       1
       1
       1
       0
       0
       0
       1
       1
       0
       0
       1
       1
       0
       1
       1
       0
       1
       0
       0
       0
       0
       1
       0
       0
       0
       0
       0
       0
       2
       0
       0
       0
       0
       1
       0
       0
       1
       0
       0
       0
       0
       1
       0
       1
       0
       0
       1
       1
       0
       0
       0
       0
       0
       0
       0
       0
       1
       0
       2
       0
       0
       1
       0
       1
       0
       0
       1
       0
       0
       0
       0
       0
       1
       0
       0
       0
       0
       0
       0
       0
       1
       0
       0
       0
       1
       0
       1
       0
       0
       0
       0
       0
       0
       0
       2
       0
       0
       0
       1
       0
       0
       1
       2
       0
       0
       0
       0
       0
       0
       0
       1
       0
       0
       0
       1
       0
       1
       0
       0
       0
       0
       0
       0
       0
       0
       1
       0
       0
       0
       1
       0
       1
       0
       1
       0
       2
       0
       0
       1
       0
       1
       0
       0
       1
       1
       0
       0
       0
       0
       1
       0
       0
       1
       0
       1
       0
       1
       0
       0
       0
       0
       1
       0
       0
       0
       0
       0
       0
       0
       0
       3
       0
       1
       0
       0
       1
       0
       0
       0
       0
       0
       0
       0
       1
       0
       0
       0
       0
       0
       1
       0
       0
       0
       0
       0
       0
       0
       0
       1
       0
       0
       0
       0
       0
       1
       0
       0
       0
       0
       1
       0
       0
       0
       0
       0
       0
       0
       0
       0
       0
       0
       0
       0
       0
       0
       0
       0
       0
       0
       0
       0
       0
       0
       0
       0
       0
       0
       0
       0
       0
       0
       0
       0
       1
       0
       0
       0
       2
       0
       0
       0
       1
       0
       0
       0
       0
       0
       0
       0
       0
       0
       1
       1
       0
       0
       0
       0
       0
       0
       0
       0
       0
       0
       0
       0
       0
       0
       1
       0
       0
       0
       0
       2
       0
       0
       1
       0
       0
       0
       1
       0
       0
       0
       0
       0
       0
       0
       0
       0
       1
       0
       0
       0
       0
       0
       0
       0
       0
       0
       1
       0
       0
       0
       0
       0
       0
       0
       0
       0
       0
       0
       0
       0
       0
       0
       0
       0
       0
       0
       0
       0
       0
       0
       0
       0
       0
       0
       0
       0
       0
       0
       0
       0
       0
       1
       0
       0
       0
       0
       0
       0
       0
       0
       1
       0
       0
       0
       0
       0
       0
       0
       0
       0
       1
       0
       0
       0
       0
       1
       0
       0
       0
       0
       0
       1
       0
       0
       0
       0
       0
       0
       0
       0
       0
       0
       0
       0
       0
       0
       0
       0
       0
       0
       0
       0
       0
       0
       0
       0
       0
       0
       0
       0
       0
       1
       0
       0
       0
       0
       0
       0
       0
       0
       0
       0
       0
       0
       0
       0
       1
       0
       0
       0
       0
       0
       0
       0
       0
       0
       0
       0
       0
       0
       0
       0
       0
       0
       0
       0
       1
       1
       0
       0
       0
       0
       0
       0
       0
       0
       0
       0
       0
       0
       0
       0
       0
       0
       0
       0
       0
       0
       0
       0
       0
       0
       0
       0
       0
       0
       0
       0
       0
       0
       0
       0
       1
       0
       0
       0
       0
       0
       1
       0
       0
       0
       0
       0
       0
       1
       0
       0
       0
       0
       0
       0
       0
       0
       0
       0
       0
       0
       0
       0
       0
       0
       0
       0
       0
       0
       0
       0
       0
       0
       0
       0
       0
       0
       0
       0
       0
       0
       0
       0
       0
       0
       0
       0
       0
       0
       0
       0
       0
       0
       0
       0
       0
       0
       0
       0
       0
       0
       0
       0
       0
       0
       0
       0
       0
       0
       0
       0
       0
       0
       0
       0
       0
       0
       0
       0
       0
       0
       0
       0
       0
       0
       0
       0
       0
       0
       0
       0
       0
       0
       0
       0
       1
       0
       0
       0
       0
       0
       0
       0
       0
       0
       0
       0
       0
       0
       0
       0
       0
       0
       0
       0
       0
       0
       0
       0
       0
       0
       0
       0
       0
       0
       0
       0
       0
       0
       0
       0
       0
       0
       0
       0
       0
       0
       0
       0
       0
       0
       0
       0
       0
       0
       0
       0
       0
       0
       0
       0
       0
       0
       0
       0
       0
       0
       0
       0
       0
       0
       0
       0
       0
       0
       0
       0
       0
       0
       0
       0
       0
       0
       0
       0
       0
       0
       0
       0
       0
       0
       0
       0
       0
       0
       0
       0
       0
       0
       0
       0
       0
       0
       0
       0
       0
       0
       0
       0
       0
       0
       0
       0
       0
       0
       0
       0
       0
       0
       0
       0
       0
       0
       0
       0
       0
       0
       0
       0
       0
       0
       0
       0
       0
       0
       0
       0
       0
       0
       0
       0
       0
       0
       0
       0
       0
       0
       0
       0
       0
       0
       0
       0
       0
       0
       0
       0
       0
       0
       0
       0
       0
       0
       0
       0
       0
       0
       0
       0
       0
       0
       0
       0
       0
       0
       0
       0
       0
       0
       0
       0
       0
       0
       0
       0
       0
       0
       0
       0
       0
       0
       0
       0
       0
       0
       0
       0
       0
       0
       0
       0
       0
       0
       0
       0
       0
       0
       0
       0
       0
       0
       0
       0
       0
       0
       0
       0
       0
       0
       0
       0
       0
       0
       0
       0
       0
       0
       0
       0
       0
       0
       0
       0
       0
       0
       0
       0
       0
       0
       0
       0
       0
       0
       0
       0
       0
       0
       0
       0
       0
       0
       0
       0
       0
       0
       0
       0
       0
       0
       0
       0
       0
       0
       0
       0
       0
       0
       0
       0
       0
       0
       0
       0
       0
       0
       0
       0
       0
       0
       0
       0
       0
       0
       0
       0
       0
       0
       0
       0
       0
       0
       0
       0
       0
       0
       0
       0
       0
       0
       0
       0
       0
       0
       0
       0
       0
       0
       0
       0
       0
       0
       0
       0
       0
       0
       0
       0
       0
       0
       0
       0
       0
       0
       0
       0
       0
       0
       0
       0
       0
       0
       0
       0
       0
       0
       0
       0
       0
       0
       0
       0
       0
       0
       0
       0
       0
       0
       0
       0
       0
       0
       0
       0
       0
       0
       0
       0
       0
       0
       0
       0
       0
       0
       0
       0
       0
       0
       0
       0
       0
       0
       0
       0
       0
       0
       0
       0
       0
       0
       0
       0
       0
       0
       0
       0
       0
       0
       0
       0
       0
       0
       0
       0
       0
       0
       0
       0
       0
       0
       0
       0
       0
       0
       0
       0
       0
       0
       0
       0
       0
       0
       0
       0
       0
       0
       0
       0
       0
       0
       0
       0
       0
       0
       0
       0
       0
       0
       0
       0
       0
       0
       0
       0
       0
       0
       0
       0
       0
       0
       0
       0
       0
       0
       0
       0
       0
       0
       0
       0
       0
       0
       0
       0
       0
       0
       0
       0
       0
       0
       0
       0
       0
       0
       0
       0
       0
       0
       0
       0
       0
       0
       0
       0
       0
       0
       0
       0
       0
       0
       0
       0
       0
       0
       0
       0
       0
       0
       0
       0
       0
       0
       0
       0
       0
       0
       0
       0
       0
       0
       0
       0
       0
       0
       0
       0
       0
       0
       0
       0
       0
       0
       0
       0
       0
       0
       0
       0
       0
       0
       0
       0
       0
       0
       0
       0
       0
       0
       0
       0
       0
       0
       0
       0
       0
       0
       0
       0
       0
       0
       0
       0
       0
       0
       0
       0
       0
       0
       0
       0
       0
       0
       0
       0
       0
       0
       0
       0
       0
       0
       0
       0
       0
       0
       0
       0
       0
       0
       0
       0
       0
       0
       0
       0
       0
       0
       0
       0
       0
       0
       0
       0
       0
       0
       0
       0
       0
       0
       0
       0
       0
       0
       0
       0
       0
       0
       0
       0
       0
       0
       0
       0
       0
       0
       0
       0
       0
       0
       0
       0
       0
       0
       0
       0
       0
       0
       0
       0
       0
       0
       0
       0
       0
       0
       0
       0
       0
       0
       0
       0
       0
       0
       0
       0
       0
       0
       0
       0
$ROI:
0
$PRESETS:
None
0
0
$ENER_FIT:
0.000000 0.000000
$MCA_CAL:
3
0.000000E+000 0.000000E+000 0.000000E+000 
$SHAPE_CAL:
3
0.000000E+000 0.000000E+000 0.000000E+000
