$SPEC_ID:
Run01_Am241
$SPEC_REM:
DET# 1
DETDESC# GRAD-LAB Easy-MCA-2k SN 14127175
AP# Maestro Version 7.01
$DATE_MEA:
10/12/2016 12:28:11
$MEAS_TIM:
2598 2600
$DATA:
0 2047
       0
       0
      91
      24
       3
       2
       0
       0
       1
       3
       5
       2
       2
       7
       5
       6
       6
       4
       3
       0
       0
       1
       1
       0
       0
       1
       0
       0
       1
       0
       1
       0
       0
       0
       0
       0
       0
       0
       0
       0
       0
       0
       0
       0
       0
       0
       0
       0
       0
       0
       0
       0
       1
       1
       0
       0
       0
       1
       1
       0
       2
       1
       2
       1
       1
       4
       1
       0
       1
       1
       1
       1
       3
       2
       1
       3
       1
       0
       4
       1
       2
       1
       1
       1
       3
       3
       3
       4
       1
       0
       2
       4
       2
       4
       1
       2
       3
       3
       7
       4
       2
       2
       3
       1
       2
       1
       2
       0
       5
       4
       1
       1
       2
       0
       4
       1
       3
       6
       3
       5
       7
       8
       9
      11
       6
      11
      11
       5
       5
       6
      10
       8
       7
      10
       6
       7
      13
      12
       4
      10
       7
       5
       5
       5
       5
       1
       7
      10
       5
       4
      11
       7
       4
       8
       6
       2
       5
       9
       5
       4
       4
       5
       2
       2
       3
       1
       2
       4
       5
       2
       2
       2
       3
       2
       1
       3
       3
       2
       5
       0
       4
       2
       1
       2
       3
       7
       2
       5
       3
       7
       4
       5
       4
       3
       4
       1
       3
       6
       0
       2
       3
       1
       3
       3
       6
       3
       2
       4
       4
       0
       3
       2
       2
       3
       2
       3
       7
       4
       4
       4
       7
       1
       6
       5
       4
       3
       2
       4
       6
       2
       1
       2
       6
       3
       2
       5
       3
       2
       3
       0
       1
       0
       6
       5
       1
       4
       3
       7
       3
       4
       3
       2
       2
       2
       6
       4
       4
       5
       3
       3
       7
      11
      17
      18
       6
      13
       8
      20
       8
       4
       5
       2
       2
       2
       1
       4
       4
       3
       7
       5
       4
       3
       5
       5
       1
       5
       2
       3
       2
       6
       5
       6
       8
       4
       3
       4
       4
       1
       4
       5
       5
       2
       5
       3
       7
       3
       6
       8
      14
      12
       8
      11
       6
       4
       5
       4
       2
       3
       4
       7
       2
       2
       8
       7
       8
      18
      18
      35
      37
      52
      68
      56
      55
      52
      41
      27
      31
      15
      14
      10
       7
       8
       5
       4
       3
       4
       3
       2
       5
       7
      12
       8
      15
      22
      18
      12
      19
      15
       9
       7
      13
      15
      12
      11
       4
       7
       4
      13
      11
      11
       3
      10
       8
       4
       9
       3
       7
       7
       4
       3
       3
       4
       4
       6
       2
       6
       3
       2
       2
       4
       2
       5
       5
       6
       7
       5
       6
       7
       3
       2
       2
       2
       0
       7
       5
       4
       0
       5
       6
       8
       6
       4
       5
       8
       4
       6
       2
       7
       6
       4
       9
       4
       5
       4
      10
      12
      10
      15
      18
      17
      25
      27
      33
      36
      38
      31
      22
      25
      17
      16
      14
       5
      10
       7
       9
       6
       2
       7
       8
       5
       7
       4
       3
       9
       4
       6
       9
       9
       6
      14
      12
      12
       7
       4
       9
       6
       5
      10
       7
       5
      10
      15
      15
      20
      14
      14
      23
      23
      23
      11
      20
      14
      17
      11
      21
      15
       8
      10
      18
      15
      17
      15
      13
      11
      13
      11
      13
       8
      16
      15
       8
      11
      16
      14
      12
       8
      12
      14
      15
      14
      22
      20
      18
      24
      30
      26
      26
      41
      23
      28
      35
      33
      26
      21
      19
      15
      13
      20
      19
      17
      20
      17
      18
      15
       8
      18
      22
      25
      21
      14
      25
      22
      22
      20
      20
      33
      31
      25
      30
      51
      58
      56
      63
      78
     106
     103
     109
     146
     120
     128
     124
     162
     125
      89
      74
      58
      49
      39
      25
      15
      17
      19
      27
      22
       8
      14
      21
      15
      13
      21
      16
      14
      22
      11
      13
      11
      13
      10
      19
      26
      16
      15
      11
      16
      20
      18
      17
      17
      18
      21
      21
      18
      24
      15
      19
      23
      15
      23
      23
      11
      19
      16
      17
      19
      19
      15
      15
      23
      24
      22
      18
      16
      21
      20
      15
      17
      31
      13
      15
      17
       7
      29
      16
      22
      25
      21
      32
      14
      13
      19
      24
      21
      22
      18
      31
      21
      27
      26
      25
      23
      16
      23
      24
      26
      28
      27
      24
      22
      19
      30
      24
      36
      33
      41
      34
      42
      34
      40
      45
      47
      48
      39
      52
      74
      82
      57
      77
      92
      58
      76
      72
      69
      83
      92
     104
      96
     101
     118
     117
     132
      85
     110
     106
     115
      95
      99
     103
      73
      79
      63
      76
      71
      69
      58
      47
      53
      42
      53
      56
      45
      56
      50
      59
      50
      50
      52
      58
      50
      37
      39
      36
      33
      28
      27
      18
       9
      13
      21
       9
      14
      18
      16
      12
      10
      15
      13
      15
      16
      23
      13
      18
      23
      10
      13
      11
      22
      22
      18
      17
      19
      17
      16
      13
      12
      20
      21
      20
      16
      19
      12
      20
      22
      27
      29
      22
      18
      33
      28
      29
      27
      26
      33
      21
      20
      40
      27
      21
      26
      30
      18
      24
      23
      15
      16
      18
      23
      25
      19
       8
      19
      11
      16
      13
      14
      14
       9
      16
      14
      14
      17
      15
      17
      13
      25
      13
      11
      10
      13
      10
       7
      16
      12
      10
       8
      13
      12
       8
      10
      11
       8
      15
       9
      13
      15
      10
       9
      11
      10
      11
       6
      11
      11
       7
      11
      11
      12
       7
      11
      10
       7
      10
      11
       7
       8
       5
      12
       8
       6
       4
       3
      13
      12
       5
       9
       6
      12
       9
       5
       6
      12
       7
       7
       9
       9
       8
       8
       9
       8
       7
       6
       4
       7
       5
       9
       3
      15
       4
       7
       6
       6
       7
      11
      10
       6
      11
       8
      11
       7
       7
      13
       5
       6
       6
       9
       9
       8
       6
       9
       5
       8
       7
      14
       8
       7
       8
       8
       8
       3
       7
       5
       7
      10
       8
       3
       9
       6
       5
       5
       3
       5
       8
       6
       7
       5
       7
       7
       2
       6
       4
       6
       4
       6
       4
       2
       6
       8
       8
      11
       3
       9
       6
       6
       8
       7
       5
      10
       3
       5
       1
       1
       3
       2
       6
       5
       3
       7
       4
       9
       6
       6
       7
       7
       4
       5
       2
       9
       3
       4
      10
       5
       3
       3
       3
       8
       7
       5
       7
       3
       3
       2
       8
      10
       4
       4
       7
       3
       8
       4
       6
       4
       1
       4
       6
       1
       5
       5
       1
       3
       2
       5
       1
       6
       4
       6
       6
       6
       2
       1
       2
       3
       4
       5
       6
       4
       6
       5
       4
       1
       7
       3
       1
       4
       4
       6
       3
       4
       4
       5
       7
       0
       4
       2
       3
       8
       5
       2
       4
       4
       5
       1
       3
       4
       4
       4
       5
       5
       4
       1
       1
       4
       3
       1
       4
       0
       5
       4
       2
       3
       0
       3
       1
       4
       2
       4
       6
       1
       3
       2
       1
       5
       2
       1
       2
       3
       0
       2
       4
       2
       6
       2
       5
       2
       4
       4
       3
       1
       5
       4
       2
       2
       2
       4
       3
       0
       2
       1
       3
       4
       0
       3
       4
       2
       5
       5
       2
       1
       2
       1
       3
       5
       3
       3
       5
       1
       4
       3
       0
       1
       2
       3
       2
       2
       3
       2
       3
       0
       1
       3
       3
       6
       2
       2
       1
       4
       1
       3
       1
       2
       4
       1
       1
       2
       2
       1
       3
       1
       1
       2
       3
       1
       4
       0
       2
       3
       1
       1
       1
       1
       1
       5
       1
       3
       1
       2
       1
       3
       3
       4
       1
       2
       1
       1
       0
       1
       1
       2
       2
       3
       0
       0
       0
       2
       1
       3
       0
       1
       2
       1
       3
       0
       3
       0
       2
       3
       2
       1
       0
       2
       1
       0
       3
       1
       1
       1
       2
       0
       2
       3
       1
       2
       0
       0
       2
       0
       2
       0
       3
       2
       2
       2
       0
       1
       1
       1
       2
       0
       2
       0
       2
       2
       2
       0
       1
       2
       0
       1
       1
       1
       1
       0
       1
       1
       4
       1
       0
       1
       0
       0
       0
       2
       3
       2
       2
       1
       1
       0
       1
       0
       1
       1
       0
       4
       0
       1
       3
       1
       0
       3
       2
       0
       0
       0
       1
       1
       1
       2
       2
       1
       2
       0
       0
       1
       1
       1
       2
       0
       1
       0
       3
       0
       1
       0
       1
       0
       1
       1
       2
       1
       1
       1
       0
       0
       1
       0
       0
       1
       1
       0
       0
       1
       1
       1
       1
       1
       0
       0
       0
       2
       1
       1
       0
       1
       1
       0
       1
       0
       1
       0
       1
       0
       0
       0
       0
       2
       2
       0
       0
       0
       2
       0
       1
       1
       0
       1
       0
       1
       1
       1
       1
       0
       0
       0
       1
       0
       1
       0
       3
       0
       0
       1
       0
       0
       2
       1
       2
       0
       0
       0
       0
       0
       0
       0
       2
       0
       0
       0
       0
       0
       0
       0
       0
       1
       0
       2
       1
       2
       0
       2
       1
       0
       1
       0
       0
       2
       0
       0
       0
       0
       1
       0
       0
       0
       0
       0
       1
       0
       0
       0
       1
       0
       0
       1
       0
       0
       0
       0
       0
       0
       0
       0
       0
       0
       0
       1
       0
       0
       0
       0
       0
       0
       0
       0
       0
       0
       0
       0
       1
       0
       0
       0
       1
       0
       0
       0
       0
       1
       1
       0
       0
       0
       0
       0
       0
       0
       0
       0
       0
       1
       0
       0
       0
       0
       0
       0
       1
       0
       0
       0
       0
       0
       0
       0
       0
       0
       0
       1
       0
       1
       0
       0
       0
       0
       0
       0
       0
       1
       0
       0
       1
       0
       1
       0
       1
       0
       0
       1
       0
       0
       0
       0
       0
       0
       0
       0
       0
       0
       1
       0
       0
       0
       0
       0
       0
       0
       0
       0
       0
       0
       0
       0
       0
       0
       0
       0
       0
       1
       0
       0
       0
       0
       0
       0
       1
       3
       9
       7
       0
       0
       0
       0
       0
       0
       0
       0
       0
       0
       0
       0
       0
       0
       0
       0
       0
       0
       0
       0
       0
       0
       0
       0
       0
       0
       0
       0
       0
       0
       0
       0
       0
       0
       0
       0
       0
       0
       0
       0
       0
       0
       0
       0
       0
       0
       0
       0
       0
       0
       0
       0
       0
       0
       0
       0
       0
       0
       0
       0
       0
       0
       0
       0
       0
       0
       0
       0
       0
       0
       0
       0
       0
       0
       0
       0
       0
       0
       0
       0
       0
       0
       0
       0
       0
       0
       0
       0
       0
       0
       0
       0
       0
       0
       0
       0
       0
       0
       0
       0
       0
       0
       0
       0
       0
       0
       0
       0
       0
       0
       0
       0
       0
       0
       0
       0
       0
       0
       0
       0
       0
       0
       0
       0
       0
       0
       0
       0
       0
       0
       0
       0
       0
       0
       0
       0
       0
       0
       0
       0
       0
       0
       0
       0
       0
       0
       0
       0
       0
       0
       0
       0
       0
       0
       0
       0
       0
       0
       0
       0
       0
       0
       0
       0
       0
       0
       0
       0
       0
       0
       0
       0
       0
       0
       0
       0
       0
       0
       0
       0
       0
       0
       0
       0
       0
       0
       0
       0
       0
       0
       0
       0
       0
       0
       0
       0
       0
       0
       0
       0
       0
       0
       0
       0
       0
       0
       0
       0
       0
       0
       0
       0
       0
       0
       0
       0
       0
       0
       0
       0
       0
       0
       0
       0
       0
       0
       0
       0
       0
       0
       0
       0
       0
       0
       0
       0
       0
       0
       0
       0
       0
       0
       0
       0
       0
       0
       0
       0
       0
       0
       0
       0
       0
       0
       0
       0
       0
       0
       0
       0
       0
       0
       0
       0
       0
       0
       0
       0
       0
       0
       0
       0
       0
       0
       0
       0
       0
       0
       0
       0
       0
       0
       0
       0
       0
       0
       0
       0
       0
       0
       0
       0
       0
       0
       0
       0
       0
       0
       0
       0
       0
       0
       0
       0
       0
       0
       0
       0
       0
       0
       0
       0
       0
       0
       0
       0
       0
       0
       0
       0
       0
       0
       0
       0
       0
       0
       0
       0
       0
       0
       0
       0
       0
       0
       0
       0
       0
       0
       0
       0
       0
       0
       0
       0
       0
       0
       0
       0
       0
       0
       0
       0
       0
       0
       0
       0
       0
       0
       0
       0
       0
       0
       0
       0
       0
       0
       0
       0
       0
       0
       0
       0
       0
       0
       0
       0
       0
       0
       0
       0
       0
       0
       0
       0
       0
       0
       0
       0
       0
       0
       0
       0
       0
       0
       0
       0
       0
       0
       0
       0
       0
       0
       0
       0
       0
       0
       0
       0
       0
       0
       0
       0
       0
       0
       0
       0
       0
       0
       0
       0
       0
       0
       0
       0
       0
       0
       0
       0
       0
       0
       0
       0
       0
       0
       0
       0
       0
       0
       0
       0
       0
       0
       0
       0
       0
       0
       0
       0
       0
       0
       0
       0
       0
       0
       0
       0
       0
       0
       0
       0
       0
       0
       0
       0
       0
       0
       0
       0
       0
       0
       0
       0
       0
       0
       0
       0
       0
       0
       0
       0
       0
       0
       0
       0
       0
       0
       0
       0
       0
       0
       0
       0
       0
       0
       0
       0
       0
       0
       0
       0
       0
       0
       0
       0
       0
       0
       0
       0
       0
       0
       0
       0
$ROI:
0
$PRESETS:
None
0
0
$ENER_FIT:
0.000000 0.000000
$MCA_CAL:
3
0.000000E+000 0.000000E+000 0.000000E+000 
$SHAPE_CAL:
3
0.000000E+000 0.000000E+000 0.000000E+000
