$SPEC_ID:
Run01_Am241
$SPEC_REM:
DET# 1
DETDESC# GRAD-LAB Easy-MCA-2k SN 14127175
AP# Maestro Version 7.01
$DATE_MEA:
10/12/2016 14:29:46
$MEAS_TIM:
333 335
$DATA:
0 2047
       0
       0
       0
       0
       0
       0
       0
       0
       0
       0
       1
       0
       0
       0
       4
       2
       1
       0
       1
       0
       2
       0
       0
       1
       1
       0
       0
       0
       0
       0
       0
       0
       0
       0
       0
       0
       0
       0
       0
       0
       0
       0
       0
       1
       0
       0
       0
       0
       1
       0
       0
       1
       1
       0
       0
       0
       1
       1
       1
       0
       1
       1
       2
       1
       2
       1
       1
       0
       1
       3
       2
       4
       0
       4
       4
       4
       4
       1
       6
       1
       3
       1
       1
       2
       0
       4
       3
       4
       4
       3
       5
       3
       4
       5
       5
       6
       2
       6
       8
       2
       2
       2
       8
       4
       7
       6
       5
       9
       5
       3
       3
       8
       2
       4
       5
       8
       5
       7
       5
       4
       8
       8
       3
       5
       7
       6
      10
       2
       6
       8
       9
       9
       6
       5
       4
       8
       5
       6
       5
       4
       8
       4
      10
       5
       5
       5
       3
       6
       3
       4
       8
       4
       5
       3
       9
       5
       6
       5
       6
       4
       4
       8
       3
       8
       1
       5
       7
       5
       3
       7
       8
       6
       5
       8
       5
      12
       6
      11
       3
       5
       5
       6
       4
       9
       5
       8
       6
       4
       6
       9
      11
       5
       8
       3
       5
       3
       6
      11
       8
       5
       9
       5
       4
      11
      11
       4
       5
       4
       2
       7
       4
       7
       6
       6
       8
       7
       6
       7
       5
       7
       8
       9
       7
      10
       8
      10
       9
       3
       6
      11
       3
       6
       5
      10
       7
      11
      10
       6
       8
       6
       9
       8
       7
      13
       7
      10
       8
      10
       9
       8
       3
      10
       7
       5
       5
       7
       6
      11
       8
       9
      12
       8
      14
       6
       5
      12
      12
      10
       9
       9
       9
       6
      10
       7
      15
       5
      13
       6
       7
      12
      12
      10
       6
      10
       4
       8
      16
      12
      15
      21
      20
      23
      27
      40
      37
      30
      45
      47
      32
      45
      34
      25
      15
      12
      15
      21
      20
      12
      21
      17
      13
      15
      14
      24
      21
      20
      21
      12
      25
      17
      27
      20
      14
      27
      36
      43
      74
      95
     155
     215
     302
     440
     577
     686
     874
     991
     988
     949
     808
     699
     516
     376
     265
     148
     123
      79
      41
      50
      37
      34
      32
      27
      23
      19
      17
      20
      16
      19
      14
      12
      20
      14
      21
      20
      25
      19
      30
      19
      22
      26
      30
      34
      63
      64
      83
     127
     152
     226
     278
     395
     473
     573
     747
     769
     815
     801
     852
     758
     675
     552
     441
     389
     303
     338
     283
     284
     273
     270
     238
     213
     183
     147
      95
      89
      58
      42
      32
      23
      15
       5
       8
       9
      10
       6
       3
       4
       4
       5
       6
       6
       8
       0
       6
       3
       2
       0
       6
       2
       0
       6
       7
      11
       8
       6
       8
      11
       6
      19
       8
      14
      20
      28
      33
      36
      43
      51
      65
      77
      86
      67
      83
      59
      59
      48
      31
      22
      22
      30
      33
      18
      32
      33
      29
      41
      30
      25
      25
      27
       8
      17
      11
       6
       4
       5
       6
       3
       5
       8
       9
       7
       2
       6
       6
       3
       5
       2
       4
       0
       0
       1
       4
       2
       0
       1
       0
       0
       0
       1
       5
       1
       1
       1
       1
       0
       0
       2
       1
       1
       4
       2
       2
       2
       1
       0
       2
       1
       2
       5
       1
       3
       2
       4
       3
       2
       7
       3
       1
       2
       0
       2
       4
       0
       0
       2
       2
       0
       1
       2
       1
       0
       1
       3
       4
       1
       2
       1
       3
       1
       2
       1
       1
       4
       0
       0
       2
       2
       1
       1
       1
       2
       1
       0
       0
       0
       2
       0
       3
       2
       2
       1
       1
       1
       2
       2
       0
       0
       2
       2
       0
       1
       0
       2
       0
       1
       2
       4
       3
       2
       4
       3
       1
       2
       1
       0
       3
       1
       0
       3
       2
       0
       3
       2
       5
       4
       1
       4
       6
       3
       2
       8
       3
       3
       1
       1
       2
       2
       1
       2
       2
       5
       2
       3
       2
       0
       1
       0
       5
       2
       2
       0
       4
       0
       1
       3
       3
       2
       3
       4
       1
       3
       1
       6
       2
       1
       3
       1
       2
       2
       5
       3
       4
       4
       2
       2
       3
       1
       5
       2
       4
       5
       0
       1
       2
       2
       4
       0
       1
       6
       5
       1
       3
       4
       3
       4
       2
       1
       5
       0
       4
       2
       2
       1
       4
       1
       0
       1
       3
       4
       4
       4
       3
       0
       0
       3
       7
       1
       3
       7
       1
       3
       4
       1
       6
       2
       3
       3
       1
       6
       4
       5
      10
      11
       9
      11
      11
       9
       6
       9
       5
       6
       9
       5
       5
       3
      10
       6
       3
       0
       2
       1
       4
       2
       0
       3
       4
       3
       5
       2
       0
       1
       3
       0
       1
       1
       4
       0
       4
       3
       3
       2
       1
       0
       2
       3
       0
       1
       5
       0
       1
       2
       0
       1
       1
       1
       2
       2
       1
       1
       2
       1
       3
       4
       1
       1
       2
       1
       0
       5
       6
       2
       1
       0
       3
       0
       1
       2
       0
       1
       1
       2
       0
       1
       1
       1
       2
       0
       2
       2
       0
       1
       0
       2
       2
       2
       1
       0
       1
       0
       0
       1
       1
       1
       1
       0
       1
       1
       0
       2
       1
       1
       0
       3
       0
       1
       2
       2
       1
       1
       1
       1
       0
       0
       2
       0
       2
       1
       0
       1
       0
       0
       1
       2
       1
       1
       1
       0
       0
       0
       1
       1
       1
       0
       2
       1
       1
       1
       2
       1
       3
       3
       1
       0
       0
       1
       0
       1
       0
       1
       1
       2
       1
       1
       1
       0
       0
       1
       1
       0
       0
       0
       1
       1
       1
       0
       0
       0
       0
       0
       2
       0
       2
       1
       2
       0
       1
       1
       0
       0
       0
       1
       1
       1
       0
       0
       1
       0
       0
       1
       1
       1
       1
       0
       0
       0
       1
       1
       1
       0
       0
       1
       0
       0
       0
       0
       0
       1
       1
       0
       0
       0
       1
       0
       0
       1
       1
       0
       0
       1
       0
       0
       0
       1
       2
       1
       0
       1
       0
       0
       0
       1
       0
       1
       0
       0
       3
       1
       0
       1
       0
       1
       1
       0
       1
       1
       0
       1
       2
       1
       0
       0
       0
       0
       2
       0
       0
       1
       2
       0
       0
       2
       1
       0
       2
       2
       0
       2
       2
       0
       0
       3
       0
       0
       1
       0
       0
       0
       0
       2
       1
       1
       0
       0
       0
       0
       0
       0
       1
       0
       0
       0
       0
       0
       2
       0
       0
       0
       0
       1
       0
       0
       2
       2
       1
       1
       0
       1
       0
       0
       0
       0
       0
       2
       0
       2
       0
       1
       0
       0
       1
       0
       0
       0
       0
       0
       0
       0
       1
       3
       0
       0
       0
       0
       1
       0
       0
       0
       1
       0
       0
       0
       1
       1
       0
       0
       1
       0
       0
       1
       1
       0
       0
       0
       1
       0
       2
       0
       0
       0
       1
       0
       1
       0
       0
       0
       0
       2
       1
       0
       0
       0
       1
       0
       2
       1
       0
       0
       0
       1
       0
       0
       2
       0
       0
       0
       1
       0
       0
       0
       1
       0
       0
       0
       0
       0
       0
       2
       1
       0
       0
       0
       0
       0
       0
       0
       1
       0
       0
       0
       0
       2
       1
       0
       0
       2
       0
       1
       0
       0
       0
       0
       0
       0
       0
       1
       1
       0
       0
       0
       1
       0
       0
       0
       1
       0
       0
       0
       1
       0
       0
       0
       0
       0
       0
       0
       0
       0
       1
       0
       1
       0
       0
       0
       0
       0
       0
       0
       0
       0
       0
       0
       0
       1
       0
       0
       2
       0
       0
       0
       0
       0
       0
       0
       1
       0
       0
       1
       0
       0
       0
       1
       0
       0
       0
       0
       0
       0
       0
       0
       0
       0
       0
       0
       0
       0
       0
       1
       0
       1
       0
       0
       0
       0
       1
       0
       0
       0
       0
       0
       0
       0
       0
       0
       0
       0
       0
       0
       0
       0
       0
       1
       0
       0
       0
       0
       0
       0
       0
       0
       0
       1
       0
       0
       0
       0
       0
       0
       0
       0
       0
       0
       0
       0
       0
       0
       0
       0
       1
       0
       1
       0
       1
       0
       0
       0
       1
       1
       0
       0
       0
       0
       0
       0
       1
       0
       0
       1
       0
       0
       1
       1
       0
       1
       0
       0
       0
       0
       0
       0
       0
       0
       0
       0
       0
       0
       0
       0
       0
       0
       0
       1
       0
       0
       0
       1
       1
       0
       0
       0
       0
       0
       0
       0
       0
       0
       0
       0
       0
       0
       0
       0
       0
       0
       0
       0
       0
       0
       0
       0
       1
       0
       1
       0
       1
       0
       0
       0
       1
       1
       1
       0
       0
       0
       0
       0
       0
       0
       0
       0
       0
       0
       0
       0
       0
       0
       0
       0
       0
       1
       0
       0
       0
       0
       0
       0
       0
       0
       0
       0
       0
       0
       0
       0
       0
       0
       0
       0
       0
       0
       0
       0
       0
       0
       0
       1
       0
       0
       0
       0
       0
       0
       0
       0
       0
       1
       0
       0
       0
       0
       0
       0
       0
       1
       0
       0
       0
       0
       0
       0
       0
       0
       0
       0
       0
       1
       0
       0
       0
       0
       0
       0
       1
       0
       0
       0
       0
       0
       0
       0
       0
       0
       0
       0
       0
       0
       0
       0
       0
       0
       0
       0
       0
       0
       0
       0
       0
       0
       0
       0
       0
       0
       0
       0
       0
       0
       0
       0
       0
       0
       0
       0
       0
       0
       0
       0
       0
       0
       0
       0
       0
       0
       0
       0
       0
       0
       0
       0
       0
       0
       0
       0
       0
       0
       0
       0
       0
       0
       0
       0
       0
       0
       0
       0
       0
       0
       0
       0
       0
       0
       0
       0
       0
       0
       0
       0
       0
       0
       0
       1
       0
       0
       0
       0
       0
       0
       0
       0
       0
       0
       0
       0
       0
       0
       0
       0
       1
       1
       0
       0
       0
       0
       0
       0
       0
       0
       0
       0
       0
       0
       0
       0
       0
       0
       0
       0
       0
       0
       0
       0
       0
       0
       0
       0
       0
       0
       0
       0
       0
       0
       0
       0
       0
       0
       0
       0
       0
       0
       0
       0
       0
       0
       0
       0
       0
       0
       0
       0
       0
       0
       0
       0
       0
       0
       0
       0
       0
       0
       0
       0
       0
       0
       0
       0
       0
       0
       0
       0
       0
       0
       0
       0
       0
       0
       0
       0
       0
       0
       0
       0
       0
       0
       0
       0
       0
       0
       0
       0
       0
       0
       0
       0
       0
       0
       0
       0
       0
       0
       0
       0
       0
       0
       0
       0
       0
       0
       0
       0
       0
       0
       0
       0
       0
       0
       0
       0
       0
       0
       0
       0
       0
       0
       0
       0
       0
       0
       0
       0
       0
       0
       0
       0
       0
       0
       0
       0
       0
       0
       0
       0
       0
       0
       0
       0
       0
       0
       0
       0
       0
       0
       0
       0
       0
       0
       0
       0
       0
       0
       0
       0
       0
       0
       0
       0
       0
       0
       0
       0
       0
       0
       0
       0
       0
       0
       0
       0
       0
       0
       0
       0
       0
       0
       0
       0
       0
       0
       0
       0
       0
       0
       0
       0
       0
       0
       0
       0
       0
       0
       0
       0
       0
       0
       0
       0
       0
       0
       0
       0
       0
       0
       0
       0
       0
       0
       0
       0
       0
       0
       0
       0
       0
       0
       0
       0
       0
       0
       0
       0
       0
       0
       0
       0
       0
       0
       0
       0
       0
       0
       0
       0
       0
       0
       0
       0
       0
       0
       0
       0
       0
       0
       0
       0
       0
       0
       0
       0
       0
       0
       0
       0
       0
       0
       0
       0
       0
       0
       0
       0
       0
       0
       0
       0
       0
       0
       0
       0
       0
       0
       0
       0
       0
       0
       0
       0
       0
       0
       0
       0
       0
       0
       0
       0
       0
       0
       0
       0
       0
       0
       0
       0
       0
       0
       0
       0
       0
       0
       0
       0
       0
       0
       0
       0
       0
       0
       0
       0
       0
       0
       0
       0
       0
       0
       0
       0
       0
       0
       0
       0
       0
       0
       0
       0
       0
       0
       0
       0
       0
       0
       0
       0
       0
       0
       0
       0
       0
       0
       0
       0
       0
       0
       0
       0
       0
       0
       0
       0
       0
       0
       0
       0
       0
       0
       0
       0
       0
       0
       0
       0
       0
       0
       0
       0
       0
       0
       0
       0
       0
       0
       0
       0
       0
       0
       0
       0
       0
       0
       0
       0
       0
       0
       0
       0
       0
       0
       0
       0
       0
       0
       0
       0
       0
       0
       0
       0
       0
       0
       0
       0
       0
       0
       0
       0
       0
       0
       0
       0
       0
       0
       0
       0
       0
       0
       0
       0
       0
       0
       0
       0
       0
       0
       0
       0
       0
       0
       0
       0
       0
       0
       0
       0
       0
       0
       0
       0
       0
       0
       0
       0
       0
       0
       0
       0
       0
       0
       0
       0
       0
       0
       0
       0
       0
       0
       0
       0
       0
       0
       0
       0
       0
       0
       0
       0
       0
       0
       0
       0
       0
       0
       0
       0
       0
       0
       0
       0
       0
       0
       0
       0
       0
       0
       0
       0
       0
       0
       0
       0
       0
       0
       0
       0
       0
       0
       0
       0
       0
       0
       0
       0
       0
       0
$ROI:
0
$PRESETS:
None
0
0
$ENER_FIT:
0.000000 0.000000
$MCA_CAL:
3
0.000000E+000 0.000000E+000 0.000000E+000 
$SHAPE_CAL:
3
0.000000E+000 0.000000E+000 0.000000E+000
