$SPEC_ID:
Run01_Am241
$SPEC_REM:
DET# 1
DETDESC# GRAD-LAB Easy-MCA-2k SN 14127175
AP# Maestro Version 7.01
$DATE_MEA:
10/10/2016 13:26:53
$MEAS_TIM:
299 305
$DATA:
0 2047
       0
       0
       0
       0
       0
       0
       0
       0
       0
       0
       0
       1
       0
       1
       5
       8
       0
       1
       3
       1
       2
       2
       0
       0
       2
       1
       2
       0
       1
       0
       2
       3
       2
       2
       0
       1
       0
       0
       2
       2
       1
       3
       0
       1
       1
       0
       0
       1
       0
       0
       1
       0
       3
       1
       2
       1
       1
       2
       0
       2
       3
       2
       4
       3
       5
       6
       4
       6
       3
       4
       4
       8
       8
       4
       8
       5
      11
       2
       7
       3
       5
       9
      13
       7
      13
      14
       7
      10
       7
       8
       9
       3
      10
       9
      13
      17
       9
      13
      10
      19
      22
      15
      11
      12
      10
      14
      11
      15
      14
      19
      16
      14
      12
      18
       8
      13
      15
      13
      11
      14
      11
      12
      14
      21
      19
      15
      13
      11
      21
      12
       8
      17
      23
      15
      17
      17
      12
      15
      16
      19
      15
      10
      17
      11
      14
      13
      13
      22
      22
      19
      12
      18
      17
      14
      17
      13
      15
      15
      14
      10
      19
      22
       9
       7
      12
      13
       9
      21
      19
      11
      24
      17
      17
      16
      20
      11
      11
      23
      17
      11
      10
      12
      19
      18
      22
      11
      18
      15
      15
      14
      13
      12
      18
      21
      25
      20
      25
      17
      19
      24
      15
      12
      13
      15
      11
      17
      16
      17
      26
      14
      15
      12
      20
      21
      20
      19
      18
      16
      11
      16
      18
      17
      17
      23
      16
      13
      22
      21
      18
      18
      17
      12
      20
      16
      18
      16
      20
      20
      14
      13
      15
      20
      18
      20
      17
      14
      15
      10
      20
      26
      13
      16
      17
      30
      24
      18
      22
      37
      27
      33
      36
      36
      34
      30
      24
      30
      24
      18
      22
      29
      18
      18
      18
      25
      18
      15
      20
      18
      16
      28
      24
      20
      17
      26
      25
      21
      34
      23
      30
      31
      32
      27
      19
      33
      27
      25
      31
      30
      31
      29
      25
      34
      36
      40
      41
      48
      45
      47
      47
      48
      58
      59
      56
      67
      63
      51
      64
      77
     105
     125
     168
     270
     400
     620
    1006
    1486
    2277
    2992
    3763
    4558
    4932
    5060
    4672
    4034
    3247
    2384
    1602
    1060
     619
     376
     223
     128
      64
      52
      29
      29
      23
      26
      31
      33
      36
      31
      32
      42
      38
      67
      67
     105
     132
     183
     243
     357
     462
     576
     641
     783
     705
     670
     640
     487
     335
     260
     170
      88
      59
      42
      28
      19
       8
      13
      12
      12
       8
      11
       9
       7
      10
       9
       3
       4
       8
      17
       5
       9
       8
      11
      11
       8
      13
       7
      10
       9
       8
       7
      11
       7
       8
      13
       9
       8
       1
       8
      12
       6
       5
       6
       3
      10
       8
       6
       3
       6
       6
       4
      10
       3
       7
       9
       9
       9
       8
       7
      10
       6
       7
      10
       4
       8
       7
       5
       7
       3
       6
       6
       8
       9
       5
       7
       8
       6
       7
       4
      10
       9
       7
       7
       4
       2
       4
       7
       6
       3
       9
       7
       7
       6
       6
       5
      10
       4
       3
       7
      11
       5
       2
       5
       4
       8
       4
       8
      12
       3
       8
       5
       5
       9
       8
       6
       3
       3
       8
       5
       4
       5
       6
       4
       4
       9
       9
       6
       3
       3
       7
       6
       6
       6
       9
       4
       1
       4
       7
       6
       7
       3
       2
       9
       4
       4
       8
       2
       9
       4
       5
      10
       5
       4
      11
       6
       7
       4
       2
      10
       3
       6
      10
       5
      14
       9
       4
       2
       6
       9
      12
       4
       4
       5
       5
       7
       6
       4
       6
       4
       5
       4
       8
       5
      11
       8
       5
      11
       7
      10
      12
       5
       5
       5
       6
      10
       3
       2
       2
       5
       7
      10
      11
       6
       7
      11
      10
       4
       8
       6
       5
      10
       6
       7
       8
      12
       9
       8
      12
       3
       9
       7
       3
       5
      12
       8
       9
      12
      11
       7
       8
       3
       8
      14
       6
       4
       3
       6
      12
      10
       5
       6
       5
       7
       7
       8
       7
      12
       8
       7
      14
       6
       8
      13
      10
      10
       9
      13
      10
      11
       9
       4
      10
      10
      11
      13
      11
      14
      12
       9
      19
       9
      14
      16
      16
      16
      15
      17
      10
      14
      14
      26
      25
      19
      16
      10
      11
      12
      14
      11
       8
       8
       3
       4
       7
       2
       3
       4
       6
       4
       5
       3
       1
       2
       3
       7
       6
       3
       4
       6
       2
       9
       6
       6
       4
       6
       8
       7
       2
       9
       1
       6
       9
       3
       9
       7
       3
       3
       3
       6
       2
       4
       5
       5
       5
       7
       5
       7
       7
       5
      10
       9
       5
       8
       8
       4
       3
       4
       8
       0
       1
       5
       2
       3
       3
       3
       1
       0
       0
       0
       1
       1
       2
       1
       1
       3
       0
       1
       2
       0
       1
       3
       1
       1
       0
       2
       2
       1
       2
       1
       1
       0
       0
       1
       0
       0
       3
       3
       2
       2
       0
       1
       1
       1
       1
       2
       1
       0
       2
       0
       1
       2
       0
       1
       0
       0
       1
       2
       2
       0
       1
       2
       0
       1
       1
       1
       0
       2
       0
       0
       0
       2
       0
       1
       0
       4
       1
       1
       3
       2
       1
       2
       0
       1
       0
       0
       1
       1
       1
       1
       0
       0
       1
       5
       0
       0
       0
       1
       0
       1
       3
       2
       1
       0
       1
       2
       1
       0
       0
       0
       0
       3
       2
       0
       1
       0
       0
       1
       1
       0
       1
       1
       1
       1
       1
       0
       1
       0
       1
       0
       0
       2
       0
       0
       1
       0
       0
       1
       1
       2
       0
       1
       2
       0
       1
       1
       0
       0
       0
       0
       2
       2
       0
       3
       2
       1
       0
       0
       0
       1
       0
       1
       0
       0
       0
       0
       1
       1
       1
       0
       1
       2
       0
       1
       0
       0
       3
       0
       0
       1
       0
       1
       0
       0
       0
       0
       0
       0
       0
       0
       1
       0
       0
       0
       0
       0
       0
       0
       0
       0
       1
       0
       2
       1
       0
       2
       0
       0
       1
       1
       2
       2
       1
       0
       0
       0
       0
       0
       0
       1
       0
       0
       0
       2
       0
       0
       1
       4
       1
       0
       0
       0
       0
       0
       2
       0
       0
       3
       2
       0
       1
       1
       0
       2
       0
       0
       0
       1
       2
       0
       1
       2
       1
       0
       0
       0
       0
       1
       0
       0
       0
       1
       0
       1
       1
       0
       0
       1
       0
       0
       0
       0
       1
       0
       1
       1
       0
       1
       0
       0
       2
       0
       0
       0
       0
       1
       1
       0
       0
       0
       2
       0
       2
       0
       2
       3
       0
       1
       0
       0
       1
       0
       1
       0
       0
       0
       1
       0
       0
       0
       0
       1
       1
       0
       0
       0
       1
       0
       1
       0
       0
       0
       1
       0
       0
       0
       1
       0
       0
       0
       1
       1
       1
       0
       0
       0
       1
       1
       0
       0
       4
       1
       0
       2
       0
       0
       0
       0
       0
       2
       0
       0
       0
       0
       0
       0
       0
       0
       0
       0
       0
       0
       0
       0
       0
       0
       1
       0
       1
       0
       0
       0
       0
       0
       0
       0
       0
       0
       0
       0
       0
       0
       0
       0
       0
       0
       0
       0
       0
       0
       0
       0
       0
       0
       0
       0
       0
       0
       0
       0
       0
       0
       0
       0
       1
       0
       0
       1
       0
       0
       0
       1
       0
       0
       0
       1
       0
       0
       0
       0
       0
       0
       0
       0
       1
       0
       0
       0
       0
       0
       0
       0
       0
       0
       1
       0
       0
       0
       0
       0
       0
       0
       0
       0
       0
       0
       1
       0
       0
       1
       0
       1
       0
       0
       2
       0
       0
       0
       0
       0
       1
       0
       0
       0
       0
       0
       0
       0
       0
       0
       0
       0
       0
       0
       0
       0
       0
       0
       0
       0
       0
       0
       0
       0
       0
       0
       0
       1
       0
       1
       1
       0
       0
       0
       0
       1
       0
       0
       0
       0
       0
       0
       0
       0
       1
       0
       0
       0
       0
       0
       0
       0
       0
       0
       0
       0
       0
       0
       1
       0
       0
       0
       0
       1
       0
       1
       1
       1
       0
       0
       0
       0
       0
       0
       0
       0
       0
       0
       0
       0
       0
       0
       0
       0
       0
       0
       0
       0
       0
       0
       0
       0
       0
       2
       0
       0
       0
       0
       0
       0
       0
       0
       1
       0
       1
       0
       0
       0
       0
       0
       1
       0
       0
       0
       0
       0
       0
       0
       0
       0
       0
       0
       0
       0
       0
       0
       0
       1
       0
       0
       0
       0
       1
       0
       0
       0
       0
       0
       0
       0
       0
       0
       0
       0
       0
       0
       0
       0
       0
       1
       0
       0
       0
       0
       0
       0
       0
       0
       0
       1
       0
       0
       0
       0
       0
       0
       0
       0
       0
       1
       0
       0
       1
       0
       1
       0
       1
       0
       0
       0
       0
       0
       0
       0
       0
       0
       0
       0
       0
       0
       0
       0
       1
       0
       0
       0
       0
       1
       1
       0
       0
       0
       0
       0
       0
       0
       0
       0
       0
       0
       0
       0
       0
       0
       0
       0
       0
       0
       0
       0
       0
       0
       0
       0
       0
       0
       0
       0
       0
       0
       0
       0
       0
       0
       0
       0
       0
       0
       0
       0
       0
       0
       0
       0
       0
       0
       0
       0
       0
       0
       0
       0
       0
       0
       0
       0
       0
       0
       0
       0
       0
       0
       0
       0
       0
       0
       0
       0
       0
       0
       0
       0
       0
       0
       0
       0
       0
       0
       0
       0
       0
       0
       0
       0
       0
       0
       0
       0
       1
       0
       0
       0
       0
       0
       0
       0
       0
       0
       0
       0
       0
       0
       0
       1
       0
       0
       1
       0
       0
       0
       0
       0
       0
       0
       0
       0
       0
       0
       0
       0
       0
       0
       0
       0
       0
       0
       0
       0
       0
       0
       0
       0
       0
       0
       0
       0
       0
       0
       0
       0
       0
       0
       0
       0
       0
       0
       0
       0
       0
       0
       0
       1
       0
       3
       0
       0
       0
       0
       0
       0
       0
       0
       0
       0
       0
       0
       0
       0
       0
       0
       0
       0
       0
       0
       0
       0
       0
       0
       0
       0
       0
       0
       0
       0
       0
       0
       0
       0
       0
       0
       0
       0
       0
       0
       0
       0
       0
       0
       0
       0
       0
       0
       0
       0
       0
       0
       0
       0
       0
       0
       0
       0
       0
       0
       0
       0
       0
       0
       0
       0
       0
       0
       0
       0
       0
       0
       0
       0
       0
       0
       0
       0
       0
       0
       0
       0
       0
       0
       0
       0
       0
       0
       0
       0
       0
       0
       0
       0
       0
       0
       0
       0
       0
       0
       0
       0
       0
       0
       0
       0
       0
       0
       0
       0
       0
       0
       0
       0
       0
       0
       0
       0
       0
       0
       0
       0
       0
       0
       0
       0
       0
       0
       0
       0
       0
       0
       0
       0
       0
       0
       0
       0
       0
       0
       0
       0
       0
       0
       0
       0
       0
       0
       0
       0
       0
       0
       0
       0
       0
       0
       0
       0
       0
       0
       0
       0
       0
       0
       0
       0
       0
       0
       0
       0
       0
       0
       0
       0
       0
       0
       0
       0
       0
       0
       0
       0
       0
       0
       0
       0
       0
       0
       0
       0
       0
       0
       0
       0
       0
       0
       0
       0
       0
       0
       0
       0
       0
       0
       0
       0
       0
       0
       0
       0
       0
       0
       0
       0
       0
       0
       0
       0
       0
       0
       0
       0
       0
       0
       0
       0
       0
       0
       0
       0
       0
       0
       0
       0
       0
       0
       0
       0
       0
       0
       0
       0
       0
       0
       0
       0
       0
       0
       0
       0
       0
       0
       0
       0
       0
       0
       0
       0
       0
       0
       0
       0
       0
       0
       0
       0
       0
       0
       0
       0
       0
       0
       0
       0
       0
       0
       0
       0
       0
       0
       0
       0
       0
       0
       0
       0
       0
       0
       0
       0
       0
       0
       0
       0
       0
       0
       0
       0
       0
       0
       0
       0
       0
       0
       0
       0
       0
       0
       0
       0
       0
       0
       0
       0
       0
       0
       0
       0
       0
       0
       0
       0
       0
       0
       0
       0
       0
       0
       0
       0
       0
       0
       0
       0
       0
       0
       0
       0
       0
       0
       0
       0
       0
       0
       0
       0
       0
       0
       0
       0
       0
       0
       0
       0
       0
       0
       0
       0
       0
       0
       0
       0
       0
       0
       0
       0
       0
       0
       0
       0
       0
       0
       0
       0
       0
       0
       0
       0
       0
       0
       0
       0
       0
       0
       0
       0
       0
       0
       0
       0
       0
       0
       0
       0
       0
       0
       0
       0
       0
       0
       0
       0
       0
       0
       0
       0
       0
       0
       0
       0
       0
       0
       0
       0
       0
       0
       0
       0
       0
       0
       0
       0
       0
       0
       0
       0
       0
       0
       0
       0
       0
       0
       0
       0
       0
       0
       0
       0
       0
       0
       0
       0
       0
       0
       0
       0
       0
       0
       0
       0
       0
       0
       0
       0
       0
       0
       0
       0
       0
       0
       0
       0
       0
       0
       0
       0
       0
       0
       0
       0
       0
       0
       0
       0
       0
       0
       0
       0
       0
       0
       0
       0
       0
       0
       0
       0
       0
       0
       0
       0
       0
       0
       0
       0
       0
       0
       0
       0
       0
       0
       0
       0
       0
       0
       0
       0
       0
       0
       0
       0
       0
       0
$ROI:
0
$PRESETS:
None
0
0
$ENER_FIT:
0.000000 0.000000
$MCA_CAL:
3
0.000000E+000 0.000000E+000 0.000000E+000 
$SHAPE_CAL:
3
0.000000E+000 0.000000E+000 0.000000E+000
