$SPEC_ID:
Run01_Am241
$SPEC_REM:
DET# 1
DETDESC# GRAD-LAB Easy-MCA-2k SN 14127175
AP# Maestro Version 7.01
$DATE_MEA:
10/10/2016 13:39:27
$MEAS_TIM:
301 308
$DATA:
0 2047
       0
       0
     475
      26
       1
       0
       0
       0
       0
       0
       0
       1
       0
       0
      13
      18
       5
       2
       2
       3
       6
       3
       5
       2
       0
       4
       3
       0
       4
       5
       3
       0
       1
       3
       0
       3
       1
       2
       5
       4
       0
       2
       2
       3
       1
       1
       3
       2
       3
       3
       3
       1
       1
       2
       1
       1
       1
       3
       1
       1
       4
       1
       3
       1
       0
       2
       3
       2
       0
       3
       6
       4
       2
       3
       5
       1
       5
       4
       4
       4
       4
       4
       4
       3
       3
       6
       5
       2
       7
       5
       4
       6
       5
       9
       4
       5
       4
       5
       6
       3
      10
       6
       4
       9
       8
       3
       6
       6
       4
      11
       5
       7
      10
       8
       9
       9
       5
      10
       5
       6
      10
       9
       8
       9
       6
       9
       6
      13
       6
       5
       8
       5
       8
       9
      10
       5
       7
       4
       5
       9
       9
       3
      10
      13
      11
      12
      10
       6
       9
       9
       7
      11
      11
       7
      11
       7
      10
       9
      13
       5
       9
       5
       5
      13
      11
      12
      11
       2
       7
       8
       7
      12
      13
       9
      12
      10
       5
       8
       9
      11
       6
       5
      15
      11
      10
      11
       9
      11
      11
       7
      11
       6
       8
      10
      10
       8
       9
       8
      10
      18
       4
      11
      10
       9
       9
      14
      10
       9
       8
      14
      12
      13
       9
       8
       8
      10
      13
      15
      13
      10
       6
       8
      10
      11
      16
       8
       7
       7
       8
      14
       8
      11
      12
      11
      13
       5
       8
      10
       8
      15
       9
      15
      10
      12
      10
      16
       6
      15
      19
      11
      11
      11
      12
       9
       8
      10
      14
      16
      10
      14
      14
      12
      12
      13
      15
      20
      18
      10
      10
      22
       9
      11
      15
      11
      11
       9
      12
       5
      13
      16
      10
       9
      11
      12
      12
      11
      10
      12
       9
       8
      22
      11
      13
      11
       9
      12
      12
      10
      13
      12
      15
      11
      12
       8
      14
      14
      24
      18
      17
      21
      22
      18
       9
      17
       9
      17
      18
       8
      11
      11
       9
      10
      19
      14
       8
       5
      13
      14
       8
      16
      17
      25
      24
      19
      18
      19
      23
      18
      20
      24
      12
       9
      14
      19
      13
      12
       8
      11
      15
       8
      20
      18
      11
       5
      12
      14
      17
      12
       9
       7
      14
      11
      10
      16
      10
      16
      10
      12
      13
      11
      18
      16
      10
      12
       7
      19
      19
      11
      24
      12
      20
      16
      16
      16
      26
      26
      19
      13
      14
      15
      19
      14
      10
      16
      17
      17
      16
      14
      10
      15
      17
       9
      10
      13
      17
       6
      13
      10
      11
      12
      15
      16
      13
      17
      12
      14
      11
       5
      15
      17
      12
      20
      15
      14
      24
      15
      15
      23
      13
      21
      27
      16
      21
      22
      29
      20
      29
      22
      24
      17
      19
      11
      11
      13
      19
      11
      15
       9
      11
      16
      15
      16
       8
      15
      17
      20
      15
      13
      11
      10
      13
      12
       9
      14
      10
      16
       8
      23
      20
      19
      14
      15
      20
      18
      11
      21
      18
      17
      15
      23
      22
       7
      16
      16
      11
      20
      13
      22
      15
      14
      18
      14
      17
      17
      12
      19
      15
      11
      17
      22
      14
      17
       9
      22
      16
      20
      17
      20
      12
      14
      19
      20
      29
      22
      24
      26
      28
      25
      24
      14
      14
      23
      18
      18
      15
      24
      27
      26
      25
      23
      22
      22
      23
      19
      22
      23
      21
      31
      30
      23
      23
      25
      31
      28
      22
      28
      32
      25
      20
      38
      32
      28
      32
      23
      29
      32
      23
      32
      35
      35
      35
      27
      27
      38
      42
      37
      35
      52
      48
      38
      38
      41
      49
      47
      55
      47
      55
      62
      55
      50
      54
      55
      48
      63
      77
      68
      73
      78
      77
      79
     102
     106
     123
     149
     147
     182
     206
     235
     291
     371
     446
     614
     757
    1017
    1258
    1690
    2080
    2479
    2968
    3270
    3456
    3578
    3347
    3239
    2904
    2378
    1934
    1484
    1073
     751
     523
     360
     234
     110
     115
      86
      60
      51
      43
      32
      28
      27
      28
      28
      21
      14
      25
      24
      16
      26
      21
      23
      29
      18
      24
      24
      22
      26
      20
      13
      29
      13
      26
      28
      20
      16
      30
      27
      25
      21
      29
      21
      31
      40
      29
      41
      42
      29
      45
      55
      48
      55
      60
      81
      90
     115
     127
     166
     198
     285
     344
     393
     422
     436
     476
     488
     492
     382
     382
     264
     240
     183
     163
     128
     111
      98
      87
      89
      57
      68
      58
      39
      28
      33
      22
      20
      14
       2
      11
      14
      11
       7
       8
       7
      15
       6
      13
       8
       4
       7
       9
       8
       6
       5
      14
       9
       7
       8
       5
      10
      12
       7
       7
      11
       9
       7
       6
       9
       4
       9
       2
       5
       5
       5
       8
       6
      12
       6
      11
       8
       3
       8
       6
       4
       8
      10
       8
       7
       7
       5
       8
       8
       7
       6
       3
       5
       7
       7
      13
       2
      11
      12
      10
       5
       4
       9
       6
       4
       7
      11
       4
       4
       4
       5
       6
       8
       7
       9
       7
       3
       9
       6
       3
       6
       9
       4
       5
       6
       3
       8
       8
       8
       8
      12
       3
       8
      11
       9
       6
       4
       6
      14
       5
      10
       6
       5
       5
       1
       6
       5
       6
       4
       5
      11
       4
       3
      11
       7
       5
       5
       5
       6
       6
       4
       4
       8
       5
       8
      11
       3
      12
       4
       8
       7
       8
       3
       6
      11
       8
       2
       5
       7
       9
       7
       1
       7
       5
       7
       7
       7
       6
       5
       5
       8
       5
       9
       8
       4
      10
       4
       5
       4
       8
       7
      11
       9
       2
       5
       2
       6
       5
       8
       6
       5
       6
       4
       6
       5
      11
       5
       5
       8
       9
       6
      11
       6
       9
       5
       4
       6
       6
       5
       3
       9
       7
      13
       9
      11
      12
       5
       2
      10
       5
       5
       8
       3
       4
       6
       7
       3
       8
       7
       4
       6
       7
       8
       8
       8
      10
       4
       7
       6
      10
       6
       6
       5
       5
      10
       4
       8
       4
       3
       7
       8
       4
       7
       7
       5
       1
       8
       5
       6
       3
       4
       8
       3
      12
       6
      10
       8
       9
       4
       6
       5
       3
       7
       4
       5
       3
       6
       9
       7
       7
       4
       3
       2
       6
       4
       4
       5
       5
       4
       5
       6
       6
       8
       8
       8
       5
       5
       4
       8
       4
      12
       7
       6
       4
       5
       4
       8
       6
       6
      10
       7
       7
       7
       5
       6
       6
       7
       4
      11
       4
       6
       7
       9
       4
       4
       9
       4
       8
      10
       6
       6
       2
       4
      10
       8
       9
       3
       5
       5
       7
       9
       4
       6
       9
       3
       2
       5
       6
       8
       6
       7
       7
       3
       2
       1
       5
       7
      10
       8
       9
       4
       6
       5
       5
       4
       9
      12
       2
       3
      11
       5
       4
       5
       7
       4
       7
       2
       7
       5
       6
       9
       4
       7
       4
       7
       5
       5
       4
       7
       4
       5
       2
       1
       8
       2
       9
       3
       4
       1
       3
       8
       7
       6
       8
       6
       6
      10
      10
       8
       6
       8
       3
       6
       8
       3
       3
       6
       3
       7
       9
       2
       1
       9
      10
       5
       8
       5
      10
       6
       6
       4
       7
       6
       7
      11
      11
       7
       9
       9
       8
       6
       4
       7
       5
       9
      10
       7
       5
       6
       4
      13
       7
       4
       7
      11
       9
       9
       2
      10
      10
       9
       7
       9
       7
       5
      13
       2
      10
       5
       8
       8
       2
       9
       9
       9
       6
      13
      14
       7
       6
       3
       6
       8
       6
      10
       4
      10
       9
       4
       8
       5
      10
       7
      10
      11
      13
      12
       9
      10
      10
       8
      13
       9
      10
       7
      14
       5
      13
      10
      11
       8
      10
      17
      13
      12
      12
      10
      12
       8
       9
      12
      12
       7
       9
      11
      11
       5
      11
       7
       9
       4
       3
       4
       1
       5
       1
       4
       1
       1
       1
       1
       1
       3
       4
       1
       4
       0
       3
       0
       1
       0
       2
       3
       4
       4
       2
       3
       1
       3
       2
       4
       2
       2
       1
       1
       6
       2
       5
       3
       1
       3
       3
       1
       5
       5
       3
       5
       1
       5
       1
       3
       1
       2
       5
       6
       2
       1
       3
       1
       4
       4
       5
       0
       5
       1
       2
       4
       2
       5
       1
       0
       2
       1
       3
       0
       2
       0
       2
       0
       0
       1
       0
       0
       0
       1
       0
       0
       0
       0
       1
       0
       0
       0
       4
       0
       1
       0
       0
       2
       0
       0
       2
       1
       1
       0
       0
       1
       0
       0
       0
       1
       1
       1
       0
       1
       0
       0
       0
       1
       1
       0
       1
       0
       1
       0
       0
       0
       1
       1
       0
       0
       0
       0
       0
       0
       0
       0
       0
       1
       1
       0
       0
       2
       0
       0
       0
       0
       0
       0
       0
       0
       0
       0
       0
       0
       0
       1
       0
       0
       1
       1
       1
       0
       0
       0
       1
       0
       0
       1
       1
       1
       0
       0
       0
       0
       0
       0
       0
       0
       1
       1
       1
       1
       0
       0
       1
       1
       0
       0
       0
       0
       0
       1
       0
       1
       1
       0
       0
       0
       0
       0
       0
       1
       0
       0
       0
       0
       1
       0
       0
       1
       0
       0
       0
       0
       1
       1
       1
       1
       0
       0
       0
       0
       0
       0
       0
       1
       0
       1
       0
       0
       0
       2
       1
       0
       0
       0
       0
       0
       0
       1
       0
       1
       1
       2
       0
       1
       1
       0
       0
       0
       0
       0
       1
       1
       0
       1
       0
       0
       0
       0
       0
       0
       0
       0
       0
       0
       0
       0
       0
       0
       0
       0
       0
       0
       0
       0
       0
       0
       1
       0
       0
       0
       0
       1
       0
       0
       1
       0
       0
       0
       0
       0
       0
       0
       0
       0
       0
       0
       0
       0
       0
       0
       0
       0
       0
       0
       0
       0
       1
       0
       2
      24
      21
       1
       0
       0
       0
       0
       0
       0
       0
       0
       0
       0
       0
       0
       0
       0
       0
       0
       0
       0
       0
       0
       0
       0
       0
       0
       0
       0
       0
       0
       0
       0
       0
       0
       0
       0
       0
       0
       0
       0
       0
       0
       0
       0
       0
       0
       0
       0
       0
       0
       0
       0
       0
       0
       0
       0
       0
       0
       0
       0
       0
       0
       0
       0
       0
       0
       0
       0
       0
       0
       0
       0
       0
       0
       0
       0
       0
       0
       0
       0
       0
       0
       0
       0
       0
       0
       0
       0
       0
       0
       0
       0
       0
       0
       0
       0
       0
       0
       0
       0
       0
       0
       0
       0
       0
       0
       0
       0
       0
       0
       0
       0
       0
       0
       0
       0
       0
       0
       0
       0
       0
       0
       0
       0
       0
       0
       0
       0
       0
       0
       0
       0
       0
       0
       0
       0
       0
       0
       0
       0
       0
       0
       0
       0
       0
       0
       0
       0
       0
       0
       0
       0
       0
       0
       0
       0
       0
       0
       0
       0
       0
       0
       0
       0
       0
       0
       0
       0
       0
       0
       0
       0
       0
       0
       0
       0
       0
       0
       0
       0
       0
       0
       0
       0
       0
       0
       0
       0
       0
       0
       0
       0
       0
       0
       0
       0
       0
       0
       0
       0
       0
       0
       0
       0
       0
       0
       0
       0
       0
       0
       0
       0
       0
       0
       0
       0
       0
       0
       0
       0
       0
       0
       0
       0
       0
       0
       0
       0
       0
       0
       0
       0
       0
       0
       0
       0
       0
       0
       0
       0
       0
       0
       0
       0
       0
       0
       0
       0
       0
       0
       0
       0
       0
       0
       0
       0
       0
       0
       0
       0
       0
       0
       0
       0
       0
       0
       0
       0
       0
       0
       0
       0
       0
       0
       0
       0
       0
       0
       0
       0
       0
       0
       0
       0
       0
       0
       0
       0
       0
       0
       0
       0
       0
       0
       0
       0
       0
       0
       0
       0
       0
       0
       0
       0
       0
       0
       0
       0
       0
       0
       0
       0
       0
       0
       0
       0
       0
       0
       0
       0
       0
       0
       0
       0
       0
       0
       0
       0
       0
       0
       0
       0
       0
       0
       0
       0
       0
       0
       0
       0
       0
       0
       0
       0
       0
       0
       0
       0
       0
       0
       0
       0
       0
       0
       0
       0
       0
       0
       0
       0
       0
       0
       0
       0
       0
       0
       0
       0
       0
       0
       0
       0
       0
       0
       0
       0
       0
       0
       0
       0
       0
       0
       0
       0
       0
       0
       0
       0
       0
       0
       0
       0
       0
       0
       0
       0
       0
       0
       0
       0
       0
       0
       0
       0
       0
       0
       0
       0
       0
       0
       0
       0
       0
       0
       0
       0
       0
       0
       0
       0
       0
       0
       0
       0
       0
       0
       0
       0
       0
       0
       0
       0
       0
       0
       0
       0
       0
       0
       0
       0
       0
       0
       0
       0
       0
       0
       0
       0
       0
       0
       0
       0
       0
       0
       0
       0
       0
       0
       0
       0
       0
       0
       0
       0
       0
       0
       0
       0
       0
       0
       0
       0
       0
       0
       0
       0
       0
       0
       0
       0
       0
       0
       0
       0
       0
       0
       0
       0
       0
       0
       0
       0
       0
       0
       0
       0
       0
       0
       0
       0
       0
       0
       0
       0
       0
       0
       0
       0
       0
       0
       0
       0
$ROI:
0
$PRESETS:
None
0
0
$ENER_FIT:
0.000000 0.000000
$MCA_CAL:
3
0.000000E+000 0.000000E+000 0.000000E+000 
$SHAPE_CAL:
3
0.000000E+000 0.000000E+000 0.000000E+000
