$SPEC_ID:
Run01_Am241
$SPEC_REM:
DET# 1
DETDESC# GRAD-LAB Easy-MCA-2k SN 14127175
AP# Maestro Version 7.01
$DATE_MEA:
10/12/2016 12:14:40
$MEAS_TIM:
327 329
$DATA:
0 2047
       0
       0
       0
       0
       0
       0
       0
       0
       0
       0
       0
       0
       0
       0
       1
       0
       0
       0
       0
       0
       0
       0
       4
       2
       0
       0
       0
       0
       0
       0
       0
       0
       0
       1
       0
       0
       0
       0
       0
       0
       0
       0
       1
       0
       1
       0
       2
       0
       1
       0
       0
       2
       2
       0
       2
       1
       1
       1
       1
       1
       1
       5
       2
       0
       4
       2
       2
       2
       0
       3
       4
       6
       6
       3
       6
       5
       3
       5
       5
       2
       4
       5
       1
       5
       5
       5
       4
       4
       5
      11
       4
       6
       2
       5
       5
       7
       7
       8
      10
       5
      11
       7
       5
      11
       8
      10
       5
      16
       4
       5
       4
       7
       6
       3
      11
       6
      10
       8
       1
      10
       6
       7
      11
      10
       8
      10
      10
       7
       6
       9
       7
      11
      11
       8
       9
      10
       6
       7
       3
       6
      10
       7
       7
       4
      11
       4
      12
      12
       3
      11
      14
       5
       9
      11
       9
       6
      11
       4
       8
       7
       9
       3
      12
      11
       6
       5
       9
       4
      13
      10
       8
      10
       6
      10
      10
       8
      12
       8
       4
       4
       9
       9
       6
      12
      10
       7
       9
       4
       8
      11
      10
      16
      16
      14
      17
      10
       5
      10
      12
      11
      11
      13
      11
      11
      17
      13
      17
      16
      14
      16
      12
      10
      14
      25
      18
      27
      31
      67
      75
     111
     199
     297
     386
     437
     446
     463
     408
     323
     275
     161
     117
      74
      42
      33
      18
      16
      20
      19
      25
      32
      44
      57
      80
      95
     103
     126
     129
     131
      85
      90
      77
      41
      19
      43
      39
      75
      76
     125
     253
     409
     624
     840
    1150
    1327
    1458
    1568
    1433
    1195
     921
     648
     416
     240
     141
      74
      45
      21
      17
      12
      15
      14
      10
      20
      18
      29
      37
      63
     107
     107
     154
     218
     244
     233
     231
     213
     194
     137
     119
      73
      43
      34
      27
      22
      37
      53
      43
      85
     106
     121
     138
     109
     111
      96
      75
      53
      37
      23
      18
       7
       5
       3
       2
       2
       1
       0
       1
       3
       3
       3
       5
       7
       7
      13
      11
       9
      13
       9
      13
      20
      17
      20
      22
      24
      22
      18
      16
      11
      16
       6
       8
       4
       1
       0
       2
       4
       1
       2
       1
       1
       3
       1
       0
       1
       4
       2
       1
       1
       3
       1
       3
       2
       1
       3
       0
       0
       1
       2
       3
       1
       0
       2
       0
       1
       0
       0
       2
       1
       2
       3
       2
       0
       1
       2
       0
       0
       2
       0
       2
       1
       3
       0
       0
       1
       0
       2
       0
       1
       1
       2
       1
       1
       2
       2
       1
       1
       2
       0
       1
       0
       1
       1
       3
       2
       0
       0
       1
       3
       0
       3
       5
       2
       2
       1
       4
       2
       4
       2
       3
       0
       1
       4
       3
       2
       2
       2
       0
       1
       3
       3
       0
       1
       2
       1
       0
       2
       2
       0
       3
       1
       1
       0
       0
       1
       2
       1
       3
       2
       1
       2
       2
       3
       1
       2
       0
       1
       0
       2
       1
       2
       1
       2
       3
       1
       2
       2
       0
       1
       4
       2
       2
       1
       1
       0
       0
       0
       1
       2
       0
       2
       1
       4
       0
       0
       1
       3
       0
       4
       0
       0
       1
       1
       4
       4
       0
       1
       1
       1
       1
       5
       0
       4
       4
       3
       4
       1
       7
       3
       3
       4
       4
       3
       1
       1
       1
       2
       1
       3
       0
       1
       1
       0
       1
       0
       1
       2
       1
       0
       0
       3
       0
       0
       0
       2
       2
       2
       1
       0
       1
       0
       1
       0
       0
       1
       0
       1
       2
       1
       0
       1
       0
       0
       2
       1
       1
       3
       2
       1
       0
       0
       1
       2
       2
       0
       3
       2
       0
       2
       0
       0
       0
       1
       0
       3
       1
       3
       2
       0
       1
       0
       1
       1
       0
       0
       1
       4
       0
       0
       0
       2
       0
       1
       0
       0
       0
       0
       2
       0
       1
       1
       0
       0
       0
       1
       0
       0
       1
       1
       1
       0
       2
       0
       1
       2
       1
       0
       0
       0
       1
       0
       1
       1
       0
       3
       1
       1
       2
       2
       3
       1
       1
       0
       1
       1
       2
       0
       0
       1
       2
       0
       0
       1
       1
       1
       0
       2
       1
       1
       0
       5
       2
       1
       0
       1
       4
       1
       1
       0
       0
       1
       1
       0
       2
       1
       3
       3
       0
       5
       5
       3
       3
       3
       3
       4
       2
       0
       3
       3
       2
       4
       8
       4
       5
       5
       3
       5
       5
       2
       5
       5
      10
       6
      10
       8
       9
      17
      16
      13
       8
      14
      12
      12
       9
       7
       3
       6
       4
       1
       3
       1
       2
       1
       1
       1
       2
       2
       2
       0
       0
       2
       2
       4
       0
       0
       1
       1
       2
       1
       1
       1
       0
       1
       1
       0
       3
       1
       2
       0
       0
       2
       2
       0
       1
       0
       2
       0
       1
       0
       2
       1
       2
       1
       0
       0
       0
       1
       0
       1
       1
       1
       1
       1
       2
       0
       1
       0
       0
       2
       5
       0
       0
       0
       1
       0
       2
       1
       1
       1
       1
       3
       0
       3
       1
       3
       2
       2
       1
       6
       4
       5
       1
       3
       4
       0
       8
       1
       1
       0
       2
       0
       2
       0
       1
       1
       5
       0
       1
       1
       1
       1
       0
       0
       0
       0
       1
       0
       0
       0
       0
       3
       0
       0
       0
       0
       2
       1
       0
       0
       1
       3
       0
       0
       0
       0
       0
       0
       1
       1
       1
       2
       1
       0
       0
       0
       0
       1
       1
       0
       3
       0
       1
       2
       0
       2
       0
       1
       4
       0
       0
       1
       0
       0
       1
       1
       2
       0
       1
       0
       0
       0
       0
       0
       0
       1
       3
       2
       0
       0
       1
       0
       1
       1
       0
       1
       2
       2
       0
       0
       1
       1
       0
       0
       0
       1
       0
       1
       0
       0
       0
       0
       0
       0
       0
       1
       1
       0
       0
       1
       0
       0
       1
       1
       0
       0
       0
       2
       0
       0
       4
       1
       0
       0
       2
       1
       0
       0
       0
       1
       0
       0
       0
       1
       1
       0
       0
       0
       0
       0
       0
       1
       1
       0
       0
       1
       0
       0
       0
       1
       0
       0
       0
       1
       1
       0
       0
       0
       0
       2
       0
       0
       2
       0
       0
       0
       1
       0
       1
       1
       1
       1
       1
       1
       0
       1
       1
       1
       0
       2
       1
       0
       3
       1
       1
       0
       0
       0
       0
       0
       0
       0
       1
       2
       1
       2
       0
       0
       0
       0
       0
       1
       1
       1
       2
       0
       0
       1
       0
       0
       0
       0
       0
       0
       0
       0
       0
       0
       1
       0
       1
       0
       2
       1
       1
       0
       1
       1
       0
       0
       0
       0
       0
       2
       1
       1
       2
       0
       0
       0
       1
       0
       0
       0
       0
       0
       1
       2
       0
       0
       0
       0
       1
       0
       0
       1
       0
       0
       1
       1
       0
       0
       0
       0
       2
       0
       0
       1
       0
       0
       0
       2
       0
       0
       0
       0
       0
       0
       0
       0
       0
       0
       0
       0
       0
       0
       1
       0
       0
       0
       0
       0
       0
       0
       0
       0
       0
       1
       0
       0
       0
       0
       0
       0
       0
       1
       0
       0
       1
       0
       0
       2
       0
       0
       0
       0
       0
       0
       0
       0
       0
       0
       0
       1
       2
       0
       1
       0
       1
       2
       1
       0
       0
       0
       0
       0
       5
       0
       0
       2
       0
       0
       1
       0
       0
       1
       0
       0
       0
       1
       0
       0
       0
       0
       0
       0
       0
       0
       0
       0
       0
       0
       0
       0
       0
       0
       0
       0
       0
       0
       1
       1
       0
       0
       1
       0
       0
       0
       1
       0
       0
       0
       1
       0
       4
       0
       0
       0
       1
       0
       0
       0
       0
       0
       0
       0
       0
       0
       1
       0
       1
       0
       0
       0
       0
       1
       0
       1
       0
       1
       0
       0
       0
       0
       0
       0
       0
       0
       0
       0
       1
       0
       0
       0
       0
       0
       0
       0
       1
       0
       1
       1
       0
       0
       0
       0
       0
       0
       0
       0
       0
       0
       0
       0
       0
       0
       0
       0
       0
       0
       0
       0
       0
       0
       0
       1
       0
       1
       1
       0
       0
       0
       0
       0
       1
       0
       0
       0
       0
       0
       1
       0
       0
       0
       0
       0
       0
       0
       0
       0
       0
       0
       0
       0
       0
       0
       0
       1
       0
       0
       1
       0
       1
       0
       0
       0
       0
       0
       0
       1
       0
       0
       0
       0
       0
       0
       0
       2
       1
       0
       0
       0
       0
       0
       0
       0
       1
       0
       0
       0
       0
       0
       0
       1
       0
       0
       0
       0
       0
       0
       0
       0
       0
       0
       0
       0
       0
       0
       0
       0
       0
       0
       0
       0
       0
       0
       0
       0
       0
       0
       0
       0
       0
       0
       0
       0
       0
       1
       0
       0
       0
       0
       0
       0
       0
       0
       0
       0
       0
       0
       0
       0
       1
       0
       0
       0
       0
       0
       0
       0
       0
       0
       0
       0
       0
       0
       0
       0
       0
       0
       0
       0
       0
       0
       0
       0
       0
       0
       0
       0
       0
       0
       0
       1
       0
       0
       0
       0
       0
       0
       0
       0
       0
       0
       0
       0
       0
       1
       0
       0
       0
       0
       0
       0
       0
       0
       1
       0
       0
       0
       0
       0
       0
       0
       0
       0
       0
       0
       1
       0
       0
       0
       0
       0
       0
       0
       1
       0
       1
       0
       0
       0
       0
       0
       0
       0
       0
       0
       0
       0
       0
       0
       0
       0
       0
       0
       0
       0
       0
       0
       0
       1
       0
       0
       0
       0
       0
       0
       0
       0
       0
       0
       0
       0
       0
       0
       0
       0
       0
       0
       0
       0
       0
       0
       0
       0
       0
       0
       0
       0
       0
       0
       0
       0
       0
       0
       0
       0
       0
       0
       0
       0
       0
       0
       0
       1
       0
       1
       2
       0
       0
       0
       0
       0
       0
       0
       0
       0
       0
       0
       0
       0
       0
       0
       0
       0
       0
       0
       0
       0
       0
       0
       0
       0
       0
       0
       0
       0
       0
       0
       0
       0
       0
       0
       0
       0
       0
       0
       0
       0
       0
       0
       0
       0
       0
       0
       0
       0
       0
       0
       0
       0
       0
       0
       0
       0
       0
       0
       0
       0
       0
       0
       0
       0
       0
       0
       0
       0
       0
       0
       0
       0
       0
       0
       0
       0
       0
       0
       0
       0
       0
       0
       0
       0
       0
       0
       0
       0
       0
       0
       0
       0
       0
       0
       0
       0
       0
       0
       0
       0
       0
       0
       0
       0
       0
       0
       0
       0
       0
       0
       0
       0
       0
       0
       0
       0
       0
       0
       0
       0
       0
       0
       0
       0
       0
       0
       0
       0
       0
       0
       0
       0
       0
       0
       0
       0
       0
       0
       0
       0
       0
       0
       0
       0
       0
       0
       0
       0
       0
       0
       0
       0
       0
       0
       0
       0
       0
       0
       0
       0
       0
       0
       0
       0
       0
       0
       0
       0
       0
       0
       0
       0
       0
       0
       0
       0
       0
       0
       0
       0
       0
       0
       0
       0
       0
       0
       0
       0
       0
       0
       0
       0
       0
       0
       0
       0
       0
       0
       0
       0
       0
       0
       0
       0
       0
       0
       0
       0
       0
       0
       0
       0
       0
       0
       0
       0
       0
       0
       0
       0
       0
       0
       0
       0
       0
       0
       0
       0
       0
       0
       0
       0
       0
       0
       0
       0
       0
       0
       0
       0
       0
       0
       0
       0
       0
       0
       0
       0
       0
       0
       0
       0
       0
       0
       0
       0
       0
       0
       0
       0
       0
       0
       0
       0
       0
       0
       0
       0
       0
       0
       0
       0
       0
       0
       0
       0
       0
       0
       0
       0
       0
       0
       0
       0
       0
       0
       0
       0
       0
       0
       0
       0
       0
       0
       0
       0
       0
       0
       0
       0
       0
       0
       0
       0
       0
       0
       0
       0
       0
       0
       0
       0
       0
       0
       0
       0
       0
       0
       0
       0
       0
       0
       0
       0
       0
       0
       0
       0
       0
       0
       0
       0
       0
       0
       0
       0
       0
       0
       0
       0
       0
       0
       0
       0
       0
       0
       0
       0
       0
       0
       0
       0
       0
       0
       0
       0
       0
       0
       0
       0
       0
       0
       0
       0
       0
       0
       0
       0
       0
       0
       0
       0
       0
       0
       0
       0
       0
       0
       0
       0
       0
       0
       0
       0
       0
       0
       0
       0
       0
       0
       0
       0
       0
       0
       0
       0
       0
       0
       0
       0
       0
       0
       0
       0
       0
       0
       0
       0
       0
       0
       0
       0
       0
       0
       0
       0
       0
       0
       0
       0
       0
       0
       0
       0
       0
       0
       0
       0
       0
       0
       0
       0
       0
       0
       0
       0
       0
       0
       0
       0
       0
       0
       0
       0
       0
       0
       0
       0
       0
       0
       0
       0
       0
       0
       0
       0
       0
       0
       0
       0
       0
       0
       0
       0
       0
       0
       0
       0
       0
       0
       0
       0
       0
       0
       0
       0
       0
       0
       0
       0
       0
       0
       0
       0
       0
       0
       0
       0
       0
       0
       0
       0
       0
       0
       0
       0
       0
       0
       0
       0
       0
       0
       0
       0
       0
       0
       0
       0
       0
       0
       0
       0
$ROI:
0
$PRESETS:
None
0
0
$ENER_FIT:
0.000000 0.000000
$MCA_CAL:
3
0.000000E+000 0.000000E+000 0.000000E+000 
$SHAPE_CAL:
3
0.000000E+000 0.000000E+000 0.000000E+000
