$SPEC_ID:
Run01_Am241
$SPEC_REM:
DET# 1
DETDESC# GRAD-LAB Easy-MCA-2k SN 14127175
AP# Maestro Version 7.01
$DATE_MEA:
10/10/2016 13:46:02
$MEAS_TIM:
1016 1017
$DATA:
0 2047
       0
       0
       0
       0
       0
       0
       1
       0
       0
       0
       1
       0
       1
       1
       6
       8
       2
       3
       0
       0
       2
       0
       2
       0
       1
       0
       2
       0
       1
       0
       0
       0
       1
       0
       2
       0
       1
       0
       0
       1
       0
       1
       0
       1
       0
       0
       1
       0
       0
       2
       0
       0
       1
       0
       2
       1
       0
       0
       0
       1
       0
       1
       1
       1
       1
       1
       0
       0
       0
       0
       0
       2
       0
       1
       2
       1
       2
       0
       1
       0
       0
       0
       1
       0
       0
       0
       0
       0
       2
       2
       2
       0
       0
       0
       2
       0
       1
       1
       1
       3
       0
       1
       1
       1
       0
       0
       3
       0
       1
       0
       1
       1
       1
       2
       0
       0
       2
       1
       1
       1
       0
       2
       4
       0
       1
       0
       2
       1
       0
       1
       3
       4
       2
       3
       3
       2
       2
       1
       1
       1
       0
       1
       1
       2
       1
       0
       0
       1
       1
       2
       1
       0
       1
       1
       2
       3
       1
       2
       0
       0
       0
       1
       1
       0
       0
       1
       1
       0
       0
       0
       0
       0
       0
       1
       3
       0
       0
       2
       1
       1
       2
       1
       1
       0
       1
       1
       3
       1
       0
       1
       1
       1
       3
       2
       3
       0
       2
       1
       1
       0
       0
       2
       1
       0
       0
       1
       0
       1
       3
       1
       0
       3
       2
       1
       0
       1
       0
       1
       1
       0
       2
       1
       1
       2
       1
       1
       4
       1
       0
       1
       2
       4
       0
       2
       0
       0
       1
       0
       1
       1
       2
       2
       1
       0
       1
       2
       3
       0
       0
       3
       0
       0
       1
       2
       1
       2
       0
       3
       7
       1
       1
       3
       2
       2
       4
       1
       0
       4
       2
       0
       5
       1
       0
       0
       1
       0
       0
       0
       0
       1
       0
       0
       1
       2
       1
       0
       2
       0
       2
       2
       0
       2
       6
       1
       1
       2
       2
       1
       1
       2
       1
       2
       4
       1
       2
       5
       3
       5
       2
       3
       3
       0
       3
       2
       2
       2
       3
       4
       4
       3
       4
       3
       8
       3
       6
      11
       8
      11
      13
      19
      25
      19
      30
      12
      18
      12
       9
       9
       3
       5
       1
       0
       3
       1
       2
       4
       1
       3
       1
       1
       6
       4
       3
       7
       4
       3
      10
       4
       1
       7
       3
       7
       0
       3
       7
       8
       3
       4
       3
       1
       3
       1
       2
       2
       0
       4
       0
       1
       2
       2
       1
       0
       1
       1
       4
       1
       1
       3
       2
       3
       1
       2
       0
       0
       1
       2
       1
       1
       2
       0
       1
       4
       2
       1
       2
       1
       0
       5
       0
       0
       1
       0
       1
       1
       1
       1
       1
       3
       3
       3
       6
       3
       5
       6
       3
       5
       3
       3
       2
      11
      11
       8
      12
      10
       8
       5
      15
       1
       3
       4
       4
       2
       2
       2
       0
       3
       0
       0
       4
       1
       2
       2
       1
       2
       4
       2
       2
       2
       8
       2
       2
       8
       1
       1
       3
       1
       5
       2
       4
       4
       7
       5
       6
       6
       9
       3
       6
       9
       5
       5
      11
       5
       3
       7
       6
       3
       3
       5
       5
       5
       4
       3
       2
       2
       6
       4
       2
       6
       3
      13
       9
       2
       8
      13
       3
       6
       5
       4
       6
       9
       9
       5
       9
       8
      12
      12
      17
       6
      14
      11
      13
       8
      12
       9
       7
       6
       6
       2
       6
       2
       2
       3
       5
       6
       3
       3
       9
       7
       3
       6
       5
      11
       8
      12
       2
       9
       5
      11
       9
       8
      11
      14
      25
      19
      23
      19
      31
      28
      32
      31
      24
      16
      25
      11
       8
      13
       5
       9
       5
       6
       5
       3
       5
       8
       4
       6
       6
       7
       5
       1
       9
       7
       6
      10
       6
       4
       3
       9
       5
       3
       2
       3
      12
       8
      11
       6
       8
       8
       8
       7
       9
      10
      11
      11
       6
       9
       8
       7
       8
       4
      12
       9
       4
       8
       8
      11
      12
       6
       8
       7
       7
       9
       9
       6
      10
       7
       7
       8
       9
      12
       7
       4
      11
       8
       5
       7
       7
      14
       7
      12
      10
       5
       9
       9
       6
      10
      16
      10
      15
       8
      14
      13
      16
       7
       8
      13
      12
       8
       9
       9
      10
      14
      16
      12
      13
      13
      13
      14
      13
      11
      18
      10
      21
      35
      28
      21
      28
      28
      28
      22
      33
      28
      29
      28
      51
      38
      43
      48
      48
      39
      47
      35
      29
      42
      35
      31
      18
      25
      22
      27
      25
      24
      15
      19
      23
      14
      20
      13
       5
      16
      20
      23
      17
      11
      17
      20
      19
      12
      10
      17
      14
       8
       8
       9
       8
       6
       9
       7
      10
       6
       6
       6
       4
       5
       5
       6
       9
       5
       6
       2
       7
       4
       5
       7
       9
      13
       4
       4
      11
       5
      10
       9
       1
      10
       9
       7
       7
      13
       6
       6
      10
       9
      13
      13
       9
       8
       7
       8
      11
      10
      13
      12
      14
       5
       8
      15
      10
      17
       8
       4
      12
       9
       8
       6
       4
       2
       1
       3
       8
      10
       7
       4
       6
       1
       4
       4
       8
       5
       2
       4
       5
       3
       6
       9
       7
       8
       3
       0
       5
       4
       4
       4
       5
       4
       3
       4
       5
       6
       5
      11
       3
       3
       3
       2
       5
       6
       7
       4
       6
       2
       4
       1
       5
       2
       5
       5
       5
       1
       3
       8
       7
       0
       1
       2
       3
       2
       2
       1
       4
       5
       1
       3
       4
       0
       4
       5
       4
       4
       5
       4
       4
       0
       1
       5
       4
       1
       6
       3
       5
       1
       0
       1
       3
       4
       3
       2
       6
       5
       2
       3
       3
       0
       2
       0
       1
       2
       5
       6
       1
       0
       3
       5
       2
       3
       2
       2
       3
       2
       5
       2
       4
       1
       2
       2
       2
       4
       2
       2
       1
       1
       8
       5
       2
       1
       2
       3
       4
       2
       2
       3
       2
       0
       1
       0
       3
       1
       2
       1
       2
       3
       1
       5
       2
       1
       0
       0
       3
       0
       5
       2
       3
       3
       1
       4
       3
       1
       2
       3
       0
       0
       0
       1
       1
       2
       1
       1
       3
       4
       3
       4
       2
       3
       1
       4
       1
       3
       2
       2
       1
       1
       0
       1
       3
       0
       0
       0
       0
       2
       2
       0
       0
       3
       4
       3
       0
       1
       2
       0
       0
       3
       0
       0
       2
       0
       0
       5
       2
       2
       1
       1
       2
       0
       1
       0
       1
       2
       2
       0
       1
       2
       1
       2
       2
       1
       2
       2
       3
       2
       3
       1
       0
       0
       1
       2
       1
       4
       0
       0
       2
       4
       0
       0
       2
       1
       0
       0
       2
       1
       1
       0
       3
       0
       2
       2
       1
       3
       1
       3
       1
       0
       2
       1
       0
       0
       3
       1
       2
       2
       2
       0
       0
       2
       1
       2
       1
       3
       0
       3
       2
       1
       1
       3
       2
       2
       1
       1
       0
       2
       2
       2
       0
       0
       4
       1
       0
       1
       0
       0
       0
       1
       2
       1
       2
       1
       0
       1
       1
       2
       1
       1
       0
       2
       1
       1
       0
       1
       4
       2
       0
       1
       2
       3
       2
       1
       1
       1
       1
       1
       2
       0
       1
       1
       3
       0
       0
       0
       0
       0
       1
       2
       1
       1
       0
       1
       2
       0
       4
       0
       0
       0
       0
       1
       1
       0
       1
       1
       0
       0
       0
       0
       0
       2
       1
       1
       1
       2
       2
       0
       0
       0
       2
       2
       1
       1
       0
       3
       0
       0
       3
       1
       2
       2
       1
       0
       2
       0
       1
       1
       0
       0
       1
       0
       1
       2
       1
       0
       0
       0
       0
       1
       1
       0
       0
       0
       2
       1
       0
       0
       0
       0
       0
       0
       0
       1
       3
       0
       1
       0
       1
       0
       0
       0
       1
       2
       1
       0
       0
       0
       0
       2
       1
       0
       0
       1
       2
       0
       1
       0
       1
       0
       0
       1
       2
       0
       2
       0
       0
       1
       1
       0
       0
       0
       1
       1
       0
       0
       0
       0
       0
       0
       1
       1
       1
       1
       1
       1
       0
       0
       0
       1
       0
       0
       0
       0
       0
       0
       0
       1
       0
       0
       0
       0
       0
       0
       1
       0
       0
       2
       0
       0
       0
       0
       0
       0
       0
       0
       0
       1
       1
       0
       0
       0
       0
       0
       1
       0
       0
       0
       0
       1
       0
       0
       0
       0
       0
       1
       0
       0
       0
       0
       0
       0
       2
       0
       2
       0
       0
       0
       0
       0
       0
       0
       0
       0
       0
       0
       0
       0
       0
       1
       0
       0
       0
       0
       0
       0
       0
       0
       0
       0
       0
       0
       0
       0
       0
       0
       1
       1
       0
       1
       0
       1
       0
       0
       0
       0
       1
       1
       0
       0
       0
       0
       0
       1
       0
       0
       0
       0
       0
       1
       1
       1
       0
       0
       1
       0
       0
       0
       0
       1
       0
       0
       0
       0
       0
       0
       0
       0
       0
       0
       0
       1
       0
       0
       0
       0
       0
       0
       0
       0
       0
       0
       0
       0
       0
       0
       1
       0
       0
       0
       0
       0
       0
       1
       0
       0
       0
       0
       0
       0
       0
       0
       0
       0
       0
       0
       1
       0
       0
       0
       0
       0
       0
       0
       0
       0
       0
       0
       0
       0
       0
       0
       0
       0
       0
       0
       0
       0
       0
       0
       0
       0
       0
       0
       0
       1
       0
       0
       0
       0
       0
       0
       1
       0
       0
       0
       0
       0
       0
       0
       0
       0
       0
       0
       0
       0
       0
       0
       0
       0
       0
       0
       0
       0
       0
       0
       0
       0
       0
       0
       1
       0
       0
       0
       0
       0
       0
       0
       0
       0
       0
       0
       0
       0
       0
       0
       0
       0
       0
       0
       0
       0
       0
       0
       0
       0
       0
       0
       0
       0
       0
       0
       0
       0
       0
       0
       0
       0
       0
       0
       0
       0
       0
       0
       1
       5
       1
       0
       0
       0
       0
       0
       0
       0
       0
       0
       0
       0
       0
       0
       0
       0
       0
       0
       0
       0
       0
       0
       0
       0
       0
       0
       0
       0
       0
       0
       0
       0
       0
       0
       0
       0
       0
       0
       0
       0
       0
       0
       0
       0
       0
       0
       0
       0
       0
       0
       0
       0
       0
       0
       0
       0
       0
       0
       0
       0
       0
       0
       0
       0
       0
       0
       0
       0
       0
       0
       0
       0
       0
       0
       0
       0
       0
       0
       0
       0
       0
       0
       0
       0
       0
       0
       0
       0
       0
       0
       0
       0
       0
       0
       0
       0
       0
       0
       0
       0
       0
       0
       0
       0
       0
       0
       0
       0
       0
       0
       0
       0
       0
       0
       0
       0
       0
       0
       0
       0
       0
       0
       0
       0
       0
       0
       0
       0
       0
       0
       0
       0
       0
       0
       0
       0
       0
       0
       0
       0
       0
       0
       0
       0
       0
       0
       0
       0
       0
       0
       0
       0
       0
       0
       0
       0
       0
       0
       0
       0
       0
       0
       0
       0
       0
       0
       0
       0
       0
       0
       0
       0
       0
       0
       0
       0
       0
       0
       0
       0
       0
       0
       0
       0
       0
       0
       0
       0
       0
       0
       0
       0
       0
       0
       0
       0
       0
       0
       0
       0
       0
       0
       0
       0
       0
       0
       0
       0
       0
       0
       0
       0
       0
       0
       0
       0
       0
       0
       0
       0
       0
       0
       0
       0
       0
       0
       0
       0
       0
       0
       0
       0
       0
       0
       0
       0
       0
       0
       0
       0
       0
       0
       0
       0
       0
       0
       0
       0
       0
       0
       0
       0
       0
       0
       0
       0
       0
       0
       0
       0
       0
       0
       0
       0
       0
       0
       0
       0
       0
       0
       0
       0
       0
       0
       0
       0
       0
       0
       0
       0
       0
       0
       0
       0
       0
       0
       0
       0
       0
       0
       0
       0
       0
       0
       0
       0
       0
       0
       0
       0
       0
       0
       0
       0
       0
       0
       0
       0
       0
       0
       0
       0
       0
       0
       0
       0
       0
       0
       0
       0
       0
       0
       0
       0
       0
       0
       0
       0
       0
       0
       0
       0
       0
       0
       0
       0
       0
       0
       0
       0
       0
       0
       0
       0
       0
       0
       0
       0
       0
       0
       0
       0
       0
       0
       0
       0
       0
       0
       0
       0
       0
       0
       0
       0
       0
       0
       0
       0
       0
       0
       0
       0
       0
       0
       0
       0
       0
       0
       0
       0
       0
       0
       0
       0
       0
       0
       0
       0
       0
       0
       0
       0
       0
       0
       0
       0
       0
       0
       0
       0
       0
       0
       0
       0
       0
       0
       0
       0
       0
       0
       0
       0
       0
       0
       0
       0
       0
       0
       0
       0
       0
       0
       0
       0
       0
       0
       0
       0
       0
       0
       0
       0
       0
       0
       0
       0
       0
       0
       0
       0
       0
       0
       0
       0
       0
       0
       0
       0
       0
       0
       0
       0
       0
       0
       0
       0
       0
       0
       0
       0
       0
       0
       0
       0
       0
       0
       0
       0
       0
       0
       0
       0
       0
       0
       0
       0
       0
       0
       0
       0
       0
       0
       0
       0
       0
       0
       0
       0
       0
       0
       0
       0
       0
       0
       0
       0
       0
       0
       0
       0
       0
       0
       0
       0
       0
       0
       0
       0
       0
       0
       0
       0
$ROI:
0
$PRESETS:
None
0
0
$ENER_FIT:
0.000000 0.000000
$MCA_CAL:
3
0.000000E+000 0.000000E+000 0.000000E+000 
$SHAPE_CAL:
3
0.000000E+000 0.000000E+000 0.000000E+000
