$SPEC_ID:
Run01_Am241
$SPEC_REM:
DET# 1
DETDESC# GRAD-LAB Easy-MCA-2k SN 14127175
AP# Maestro Version 7.01
$DATE_MEA:
10/05/2016 14:40:30
$MEAS_TIM:
288 295
$DATA:
0 2047
       0
       0
       0
       0
       0
       0
       0
       0
       0
       0
       0
       0
       1
       0
       1
       0
       1
       1
       0
       0
       0
       0
       0
       0
       1
       0
       0
       1
       0
       0
       0
       0
       0
       0
       0
       0
       2
       0
       2
       1
       1
       1
       0
       1
       0
       1
       0
       0
       0
       0
       1
       0
       1
       1
       1
       2
       1
       2
       1
       2
       3
       2
       6
       2
       1
       5
       3
       7
       1
       6
       4
      12
       7
       8
       5
       4
       7
       4
       3
       6
       8
      11
       8
      10
      11
       9
       7
      11
       7
      16
       8
      16
      11
      14
       8
      15
      15
      11
      10
       8
       6
       9
      12
      10
      17
      14
      15
      12
      16
       9
      14
      17
      10
       8
      11
       9
      16
      13
      13
      12
      16
      14
       9
      11
      16
      19
      16
      15
      17
      15
      25
      10
      18
      17
      16
      17
      12
      20
      12
      15
      18
      12
      13
      19
       8
      20
      11
      12
      11
      10
      20
      13
      13
      13
       9
      19
      17
      16
      10
      10
      17
      25
      10
      11
      18
      16
      15
      20
      16
      19
      13
      15
      14
      15
      16
      21
      12
      13
       8
      14
      18
      15
      19
      19
      12
      12
      14
      11
      12
      12
      17
      18
      18
      12
      17
      15
      22
      20
      12
      10
      16
      16
       7
      15
      12
       8
      13
      18
      12
      12
      17
      16
      15
      21
       9
      12
      18
      12
      15
      22
      20
      14
      21
      15
      22
      16
      18
      18
      15
      19
      10
      23
      12
      21
      21
      24
      27
      16
      22
      20
      16
      14
      34
      17
      17
      18
      17
      13
      21
      21
      18
      15
      18
      15
      24
      30
      27
      29
      25
      35
      25
      21
      32
      30
      26
      28
      34
      23
      24
      27
      20
      22
      21
      22
      19
      24
      24
      20
      23
      20
      31
      17
      28
      25
      23
      21
      24
      24
      24
      19
      29
      22
      37
      20
      17
      18
      29
      29
      24
      25
      40
      28
      40
      41
      27
      47
      43
      41
      52
      31
      50
      52
      59
      49
      45
      65
      57
      80
      84
     117
     141
     225
     344
     586
     931
    1403
    2057
    2927
    3561
    4436
    4833
    4726
    4628
    3944
    3315
    2379
    1662
    1058
     617
     376
     240
     104
      71
      43
      35
      31
      26
      28
      30
      31
      36
      31
      39
      45
      52
      54
      68
      82
     115
     172
     269
     312
     482
     551
     640
     740
     744
     696
     571
     487
     390
     261
     173
     127
      69
      31
      26
      18
      11
      11
       5
       5
      10
       6
       9
       7
      10
       8
       6
      11
       5
       5
       8
      10
       4
      10
      12
       5
       8
       9
       8
       7
       6
       7
      10
       8
       9
       3
       7
       9
       2
       5
       5
       9
       7
       5
       4
       6
       6
       4
       5
       4
       6
       8
       6
      12
       8
       5
      12
       6
       4
       9
       6
       5
      10
       9
       8
       4
       6
       7
       7
       4
       7
       6
       7
       4
       5
       1
       6
       1
      11
       9
       2
      10
      10
       6
       6
       7
       5
       4
       9
       7
       3
       9
       5
       3
       8
      10
       7
       4
       8
      10
       7
       7
       8
       5
       2
       6
       7
      12
       3
       9
       5
       3
       6
       3
       4
       4
       6
       6
       4
       6
       5
       5
       5
      10
       7
       5
       8
       7
       5
       6
      10
       7
       4
       3
       5
      10
       5
       7
       4
       6
       6
       7
       9
       7
      10
       9
       9
       8
       7
       6
       8
       5
       5
      12
       7
       9
       8
       2
       2
       2
       8
       7
       3
      10
       4
       9
       5
       8
       5
       3
       7
       5
       9
       7
      11
       6
       9
       7
       5
       4
       9
       3
       9
       7
       6
       5
       4
       9
       5
       7
       5
       7
       9
       6
       4
       8
      14
      10
       3
       7
       2
      14
       5
       7
      10
       5
      13
       5
       8
      13
       6
       6
       6
       8
       5
      12
      14
       6
       3
       6
       5
       8
       5
       7
       3
       5
       6
       6
       8
      13
      17
      14
      11
      10
       9
      10
      10
       8
       7
       9
       3
       8
      10
      14
       7
      12
       6
       6
       7
       5
       6
      11
      11
      10
      13
      11
       5
      10
       8
       8
       9
      10
       8
      14
      15
       9
       8
       8
       6
       8
       8
      14
      14
      13
      18
      14
      14
      12
      21
      25
      18
      15
      14
      16
      15
      15
      11
       9
      13
      12
      17
       9
       7
       6
       3
       4
       7
       2
       3
       5
       7
       2
       4
       4
       4
       6
       5
       8
       5
       4
       5
       5
       5
       7
       7
       6
       9
       1
       7
       6
       5
       6
       2
       3
       6
       2
       3
       3
       3
       1
       2
       4
       4
       3
       3
      10
       6
       7
      10
      15
       9
       7
      13
       9
      14
      12
       6
       2
       3
       1
       5
       4
       2
       1
       1
       2
       1
       1
       0
       0
       0
       1
       2
       0
       0
       1
       2
       0
       0
       1
       0
       0
       0
       1
       0
       2
       0
       2
       0
       1
       0
       2
       1
       2
       0
       0
       0
       0
       1
       0
       1
       1
       0
       1
       2
       1
       1
       0
       0
       2
       3
       1
       0
       0
       1
       0
       1
       1
       1
       2
       2
       1
       2
       2
       3
       3
       1
       0
       0
       0
       0
       2
       1
       1
       2
       0
       0
       1
       2
       2
       1
       2
       2
       2
       1
       0
       1
       1
       2
       0
       0
       1
       3
       0
       1
       1
       0
       0
       0
       0
       0
       1
       0
       1
       1
       0
       2
       1
       2
       1
       0
       0
       0
       1
       2
       1
       0
       0
       1
       2
       1
       0
       0
       0
       1
       0
       0
       1
       1
       0
       2
       0
       1
       0
       0
       0
       1
       0
       0
       1
       0
       1
       1
       2
       2
       0
       2
       1
       0
       1
       1
       0
       0
       1
       0
       0
       1
       3
       0
       0
       0
       2
       0
       1
       1
       1
       0
       0
       0
       2
       2
       1
       0
       1
       1
       1
       0
       0
       0
       0
       0
       0
       2
       0
       0
       0
       0
       0
       1
       0
       0
       0
       0
       1
       0
       0
       1
       2
       1
       0
       1
       0
       2
       0
       0
       0
       0
       0
       0
       1
       0
       0
       0
       0
       0
       0
       0
       0
       2
       1
       0
       0
       1
       1
       1
       1
       2
       1
       1
       1
       2
       1
       0
       0
       0
       1
       1
       0
       0
       0
       1
       1
       0
       0
       1
       1
       0
       2
       1
       0
       1
       0
       0
       2
       0
       1
       0
       1
       0
       1
       0
       1
       1
       0
       0
       0
       0
       0
       0
       1
       0
       0
       0
       0
       1
       1
       1
       0
       0
       2
       0
       1
       0
       1
       0
       0
       0
       0
       0
       1
       1
       0
       0
       0
       0
       0
       1
       0
       0
       1
       0
       1
       0
       1
       0
       1
       0
       0
       0
       3
       2
       0
       0
       1
       0
       0
       1
       1
       0
       0
       0
       0
       0
       0
       1
       0
       0
       0
       0
       0
       0
       0
       1
       1
       0
       0
       1
       1
       0
       0
       0
       0
       1
       2
       1
       1
       1
       0
       0
       1
       0
       0
       2
       2
       1
       0
       1
       0
       0
       0
       0
       0
       0
       0
       0
       2
       0
       0
       0
       0
       1
       0
       1
       0
       1
       1
       2
       0
       0
       0
       0
       0
       0
       1
       0
       0
       1
       1
       0
       0
       0
       0
       0
       0
       0
       0
       0
       1
       0
       1
       0
       0
       1
       0
       1
       1
       0
       1
       0
       1
       0
       1
       0
       0
       0
       1
       0
       1
       0
       0
       0
       1
       0
       2
       1
       1
       0
       0
       0
       0
       0
       0
       1
       0
       0
       0
       0
       1
       0
       0
       0
       0
       0
       0
       0
       1
       0
       0
       2
       0
       0
       0
       0
       0
       1
       0
       0
       0
       0
       1
       1
       0
       0
       0
       0
       0
       0
       0
       0
       0
       0
       0
       0
       0
       0
       1
       0
       0
       0
       0
       0
       0
       0
       0
       0
       0
       1
       0
       1
       0
       0
       1
       0
       0
       0
       0
       0
       0
       0
       0
       0
       0
       0
       0
       1
       0
       0
       0
       0
       0
       0
       0
       0
       0
       1
       2
       0
       0
       1
       0
       0
       1
       0
       0
       0
       0
       1
       1
       0
       0
       0
       0
       0
       0
       0
       0
       0
       0
       0
       1
       0
       0
       0
       0
       0
       0
       1
       0
       1
       0
       0
       0
       0
       0
       0
       0
       0
       0
       0
       0
       0
       0
       0
       0
       0
       0
       0
       0
       0
       0
       0
       0
       0
       0
       0
       0
       0
       0
       0
       1
       0
       0
       0
       0
       0
       1
       0
       0
       0
       0
       0
       0
       1
       0
       0
       0
       0
       0
       1
       0
       0
       0
       0
       0
       0
       0
       0
       0
       0
       0
       0
       0
       0
       0
       0
       0
       1
       0
       0
       0
       0
       0
       0
       0
       0
       0
       0
       0
       0
       0
       0
       0
       0
       0
       0
       0
       0
       1
       0
       0
       0
       0
       0
       0
       0
       0
       0
       0
       0
       0
       0
       0
       0
       0
       0
       0
       0
       0
       0
       0
       0
       0
       0
       1
       0
       0
       0
       0
       0
       0
       0
       0
       0
       0
       0
       0
       0
       0
       0
       0
       0
       0
       0
       0
       0
       0
       0
       0
       0
       0
       0
       0
       0
       0
       0
       0
       0
       0
       0
       0
       0
       0
       0
       0
       0
       0
       0
       0
       0
       1
       0
       0
       0
       0
       0
       0
       0
       0
       0
       0
       0
       0
       0
       0
       0
       0
       0
       0
       0
       0
       0
       0
       0
       0
       0
       0
       0
       0
       0
       0
       0
       0
       0
       0
       0
       0
       0
       0
       0
       0
       0
       0
       0
       0
       0
       0
       0
       0
       0
       0
       1
       0
       0
       0
       0
       0
       0
       0
       0
       0
       0
       0
       0
       0
       0
       0
       0
       0
       0
       0
       0
       0
       0
       0
       0
       0
       0
       0
       0
       0
       0
       1
       0
       0
       0
       0
       0
       0
       0
       0
       0
       0
       0
       0
       0
       0
       0
       0
       0
       0
       0
       0
       0
       0
       1
       0
       0
       0
       0
       0
       0
       0
       0
       0
       0
       0
       0
       0
       0
       0
       0
       0
       0
       0
       0
       0
       0
       0
       0
       0
       0
       0
       0
       0
       0
       0
       0
       0
       0
       0
       0
       0
       0
       0
       0
       0
       0
       0
       0
       0
       0
       0
       0
       0
       0
       0
       0
       0
       0
       0
       0
       0
       0
       0
       0
       0
       0
       0
       0
       0
       0
       0
       0
       0
       0
       0
       0
       0
       0
       0
       0
       0
       0
       0
       0
       0
       0
       0
       0
       0
       0
       0
       0
       0
       0
       0
       0
       0
       0
       0
       0
       0
       0
       0
       0
       0
       0
       0
       0
       0
       0
       0
       0
       0
       0
       0
       0
       0
       0
       0
       0
       0
       0
       0
       0
       0
       0
       0
       0
       0
       0
       0
       0
       0
       0
       0
       0
       0
       0
       0
       0
       0
       0
       0
       0
       0
       0
       0
       0
       0
       0
       0
       0
       0
       0
       0
       0
       0
       0
       0
       0
       0
       0
       0
       0
       0
       0
       0
       0
       0
       0
       0
       0
       0
       0
       0
       0
       0
       0
       0
       0
       0
       0
       0
       0
       0
       0
       0
       0
       0
       0
       0
       0
       0
       0
       0
       0
       0
       0
       0
       0
       0
       0
       0
       0
       0
       0
       0
       0
       0
       0
       0
       0
       0
       0
       0
       0
       0
       0
       0
       0
       0
       0
       0
       0
       0
       0
       0
       0
       0
       0
       0
       0
       0
       0
       0
       0
       0
       0
       0
       0
       0
       0
       0
       0
       0
       0
       0
       0
       0
       0
       0
       0
       0
       0
       0
       0
       0
       0
       0
       0
       0
       0
       0
       0
       0
       0
       0
       0
       0
       0
       0
       0
       0
       0
       0
       0
       0
       0
       0
       0
       0
       0
       0
       0
       0
       0
       0
       0
       0
       0
       0
       0
       0
       0
       0
       0
       0
       0
       0
       0
       0
       0
       0
       0
       0
       0
       0
       0
       0
       0
       0
       0
       0
       0
       0
       0
       0
       0
       0
       0
       0
       0
       0
       0
       0
       0
       0
       0
       0
       0
       0
       0
       0
       0
       0
       0
       0
       0
       0
       0
       0
       0
       0
       0
       0
       0
       0
       0
       0
       0
       0
       0
       0
       0
       0
       0
       0
       0
       0
       0
       0
       0
       0
       0
       0
       0
       0
       0
       0
       0
       0
       0
       0
       0
       0
       0
       0
       0
       0
       0
       0
       0
       0
       0
       0
       0
       0
       0
       0
       0
       0
       0
       0
       0
       0
       0
       0
       0
       0
       0
       0
       0
       0
       0
       0
       0
       0
       0
       0
       0
       0
       0
       0
       0
       0
       0
       0
       0
       0
       0
       0
       0
       0
       0
       0
       0
       0
       0
       0
       0
       0
       0
       0
       0
       0
       0
       0
       0
       0
       0
       0
       0
       0
       0
       0
       0
       0
       0
       0
       0
       0
       0
       0
       0
       0
       0
       0
       0
       0
       0
       0
       0
       0
       0
       0
       0
       0
       0
       0
       0
       0
       0
       0
       0
       0
       0
       0
       0
       0
       0
       0
       0
       0
       0
       0
       0
       0
       0
       0
       0
       0
       0
       0
       0
       0
       0
       0
       0
       0
       0
       0
       0
       0
       0
       0
       0
       0
       0
       0
       0
       0
       0
       0
       0
       0
$ROI:
0
$PRESETS:
None
0
0
$ENER_FIT:
0.000000 0.000000
$MCA_CAL:
3
0.000000E+000 0.000000E+000 0.000000E+000 
$SHAPE_CAL:
3
0.000000E+000 0.000000E+000 0.000000E+000
