$SPEC_ID:
Run01_Am241
$SPEC_REM:
DET# 1
DETDESC# GRAD-LAB Easy-MCA-2k SN 14127175
AP# Maestro Version 7.01
$DATE_MEA:
10/24/2016 13:20:46
$MEAS_TIM:
301 307
$DATA:
0 2047
       0
       0
      53
      12
      11
       5
       2
       4
       5
       2
       2
       1
       0
       0
       2
       1
       1
       1
       0
       1
       0
       1
       0
       3
       1
       0
       1
       0
       1
       0
       0
       1
       0
       1
       1
       0
       3
       0
       0
       0
       0
       2
       0
       1
       0
       1
       1
       0
       0
       0
       1
       1
       2
       0
       1
       1
       1
       0
       2
       2
       2
       3
       2
       6
       2
       4
       8
       3
       2
       4
       8
       3
       5
      11
       7
       4
       9
       4
       7
       6
      13
       9
       8
       9
      11
       8
      16
       8
       9
      12
      10
       9
      12
      15
      10
      18
      12
      11
      15
       9
       8
      10
      13
      14
      13
      14
       8
       8
       9
      14
      11
      10
      14
      17
      14
      12
      11
      11
      13
      16
      17
      16
      13
      18
      18
      11
      10
      17
      19
      15
      13
      13
      20
      12
      13
      14
      12
      17
      18
      11
       7
      22
      11
      17
      14
      13
      15
      10
      10
      13
      10
      14
      16
      10
      15
       9
      16
       8
      13
      15
      22
      14
      14
      19
      17
      15
      16
      18
      12
      16
      11
      16
      13
      10
      19
       8
      16
      11
      16
      19
      15
      19
      16
      18
      15
       9
       9
      14
      21
      12
      13
      19
      18
      17
      14
      12
      21
      15
      13
      14
      19
      12
      19
      15
      16
       9
      10
      12
      17
      11
      14
      16
      26
      15
      22
      15
      14
      24
      13
      11
      13
      15
      21
      13
      12
      17
       6
      16
      20
      12
      14
      10
      14
      18
      23
      13
      24
      12
      18
      17
      16
      13
      18
      14
      15
      21
      14
      12
      18
      12
      17
      12
      23
      15
      22
      17
      21
      25
      22
      29
      13
      20
      20
      18
      17
      16
      28
      11
      14
      17
      21
      14
      24
      19
      21
      26
      19
      29
      17
      22
      24
      13
      26
      21
      17
      23
      22
      31
      33
      28
      28
      32
      18
      26
      18
      21
      19
      32
      18
      26
      22
      28
      28
      32
      34
      27
      31
      28
      37
      48
      52
      46
      36
      30
      41
      37
      47
      38
      40
      47
      63
      72
     113
     176
     299
     418
     665
     973
    1395
    1660
    2081
    2210
    2156
    2111
    1714
    1399
    1017
     742
     450
     297
     186
     131
      86
     106
      82
     120
     150
     240
     390
     560
     852
    1180
    1748
    2042
    2510
    2665
    2650
    2477
    2146
    1846
    1369
    1036
     783
     544
     453
     347
     343
     309
     318
     233
     214
     164
     128
      80
      51
      31
      28
      10
      15
      12
      15
      10
      16
      14
      20
      30
      30
      20
      36
      44
      49
      76
      82
      99
     102
      84
      92
      75
      62
      44
      26
      19
      11
       9
       5
       8
       9
       3
       4
      11
       5
       4
       4
       6
       5
       8
       7
       4
      12
       6
       5
       9
       3
       5
       3
       4
       2
      11
       3
       5
       2
       4
       8
       7
       9
       4
       5
       9
       4
       7
       7
       7
       4
       4
       7
       6
       6
       3
       9
       4
       9
       3
       8
       4
       1
       9
       7
       7
       5
       7
       5
       4
       5
       3
       3
      10
       2
      11
       4
      11
      10
      10
      10
       4
       4
       5
       3
       7
       3
       7
       4
       3
       1
       6
       7
       3
       2
       6
       7
       5
       7
       6
       3
       3
       6
       6
       4
       4
       8
       5
       6
       6
       5
       3
       5
       7
       6
      10
       3
       5
       7
       6
       8
       5
       3
       2
       3
       3
       6
       7
       5
       6
       8
       6
       6
       6
       6
       9
       2
       1
       5
       4
       6
       3
       4
       7
       3
       3
       4
       5
       5
       3
       3
       4
       7
       5
       6
       2
       3
       4
       5
       6
       2
       8
       9
       2
       4
       6
       9
       5
       3
       6
       4
       5
       4
       3
       8
       4
       5
       8
       3
       5
       7
       8
       8
       4
       2
       5
       4
       5
       4
       6
       7
       3
       5
       4
       7
       7
       5
       7
       3
       6
       2
       7
       7
       5
       5
       3
       6
       5
       2
       5
       5
       5
       4
       6
       6
       3
       5
       6
       8
       6
       7
       5
       6
       4
       9
       9
       3
       9
       7
       6
      10
       5
       3
       4
       2
       7
       6
      12
       7
       7
       2
       9
       6
       7
       5
       7
       6
       5
       8
       6
      19
       8
       8
       6
       9
       8
      10
      13
       5
       6
       2
      11
       7
       9
       9
       6
      18
       6
      10
       3
      10
       9
       8
      10
       3
       5
       4
       3
      10
       6
       7
      14
       5
      10
      11
       8
      16
      12
      11
      11
       9
       6
      11
      10
      17
       6
       6
       5
       6
      11
      11
       5
       7
       9
       5
       4
       9
       5
       6
       4
      10
      10
       4
      13
       5
       5
       5
       6
       6
       8
       6
       6
       9
       7
       3
       5
       5
       6
       8
      10
       5
       5
       2
       3
       2
       0
       0
       0
       3
       0
       1
       0
       0
       1
       1
       2
       1
       1
       1
       1
       0
       0
       4
       1
       1
       2
       0
       0
       0
       1
       0
       1
       1
       1
       0
       0
       0
       0
       0
       0
       0
       0
       0
       1
       0
       1
       1
       2
       0
       0
       0
       0
       1
       0
       1
       0
       2
       1
       0
       0
       0
       0
       1
       1
       0
       0
       0
       0
       0
       0
       0
       4
       0
       0
       1
       2
       2
       1
       0
       0
       1
       1
       3
       1
       0
       1
       1
       2
       1
       4
       2
       1
       1
       0
       1
       2
       1
       2
       1
       0
       1
       0
       1
       1
       1
       0
       0
       0
       1
       0
       0
       0
       0
       0
       0
       1
       0
       0
       0
       3
       1
       2
       0
       1
       0
       2
       1
       0
       0
       0
       0
       0
       0
       2
       0
       0
       1
       0
       0
       1
       1
       0
       0
       0
       1
       0
       1
       1
       0
       0
       1
       1
       0
       0
       2
       2
       0
       0
       0
       1
       0
       0
       1
       2
       1
       0
       0
       0
       0
       1
       0
       0
       0
       0
       0
       0
       0
       0
       0
       0
       1
       0
       1
       1
       0
       1
       0
       0
       0
       0
       1
       0
       1
       0
       0
       0
       0
       1
       0
       2
       1
       0
       0
       0
       1
       0
       1
       0
       0
       1
       0
       0
       1
       0
       2
       0
       0
       0
       0
       0
       1
       1
       0
       0
       1
       0
       0
       0
       0
       1
       0
       1
       0
       0
       0
       0
       0
       1
       2
       1
       0
       1
       1
       0
       0
       2
       0
       0
       1
       0
       0
       0
       1
       0
       0
       0
       1
       0
       0
       0
       0
       0
       0
       1
       0
       1
       1
       1
       1
       2
       1
       2
       1
       1
       0
       0
       1
       0
       0
       0
       0
       1
       1
       0
       0
       0
       1
       0
       0
       0
       1
       0
       2
       1
       1
       0
       0
       1
       0
       0
       0
       1
       0
       0
       1
       0
       0
       0
       1
       0
       0
       0
       0
       1
       0
       0
       0
       0
       0
       0
       1
       0
       2
       0
       1
       0
       0
       0
       0
       1
       0
       0
       0
       1
       0
       0
       0
       0
       2
       0
       0
       0
       0
       0
       1
       0
       0
       0
       0
       1
       0
       0
       0
       2
       0
       0
       1
       0
       0
       0
       0
       0
       0
       0
       1
       0
       0
       0
       0
       0
       0
       0
       0
       0
       0
       1
       0
       0
       0
       0
       0
       0
       1
       0
       0
       0
       0
       0
       2
       0
       0
       1
       0
       0
       0
       0
       0
       0
       0
       1
       0
       0
       0
       0
       0
       1
       0
       0
       0
       0
       2
       0
       0
       2
       0
       0
       1
       0
       0
       0
       0
       0
       0
       0
       0
       0
       0
       0
       0
       1
       0
       0
       0
       0
       1
       0
       0
       0
       0
       0
       0
       0
       0
       0
       1
       1
       0
       0
       0
       0
       0
       0
       0
       0
       0
       0
       1
       1
       1
       0
       1
       0
       0
       0
       0
       0
       1
       0
       0
       0
       0
       0
       0
       0
       0
       0
       0
       0
       0
       0
       0
       0
       1
       0
       0
       1
       0
       0
       0
       0
       0
       1
       2
       0
       0
       0
       0
       0
       1
       0
       1
       0
       0
       0
       0
       0
       0
       0
       0
       0
       0
       0
       0
       0
       0
       0
       2
       0
       0
       0
       0
       0
       0
       0
       0
       0
       0
       0
       0
       0
       0
       0
       0
       0
       0
       0
       0
       0
       0
       0
       0
       0
       0
       0
       0
       0
       0
       0
       1
       0
       0
       0
       0
       0
       1
       0
       1
       0
       0
       0
       0
       0
       0
       0
       0
       0
       0
       0
       0
       0
       0
       0
       0
       0
       0
       0
       0
       1
       0
       0
       2
       0
       0
       0
       0
       0
       0
       0
       0
       0
       0
       0
       0
       0
       0
       0
       0
       0
       0
       0
       1
       0
       0
       0
       0
       0
       0
       0
       0
       0
       0
       0
       0
       0
       0
       0
       0
       0
       0
       0
       0
       0
       0
       0
       0
       0
       0
       0
       0
       0
       0
       0
       0
       0
       0
       1
       0
       0
       1
       0
       0
       0
       1
       0
       0
       0
       0
       0
       0
       0
       0
       0
       0
       0
       0
       0
       0
       0
       0
       0
       0
       0
       0
       0
       0
       0
       0
       0
       0
       0
       0
       0
       0
       0
       0
       0
       0
       0
       0
       0
       0
       0
       0
       0
       0
       0
       0
       0
       0
       0
       0
       0
       0
       0
       0
       0
       0
       1
       0
       0
       0
       0
       0
       0
       0
       1
       0
       0
       1
       0
       1
       1
       0
       0
       0
       0
       0
       0
       0
       0
       0
       0
       0
       0
       0
       0
       0
       0
       0
       0
       0
       0
       0
       0
       0
       0
       0
       0
       0
       0
       0
       0
       0
       0
       0
       0
       0
       0
       0
       1
       0
       0
       0
       0
       0
       0
       0
       0
       0
       0
       0
       0
       0
       0
       0
       0
       0
       0
       0
       0
       0
       0
       0
       0
       0
       0
       0
       0
       0
       1
       0
       0
       0
       0
       0
       0
       0
       0
       0
       0
       0
       0
       0
       0
       0
       0
       0
       0
       0
       0
       0
       0
       0
       0
       0
       0
       0
       0
       0
       0
       0
       0
       0
       0
       0
       0
       0
       0
       0
       0
       0
       0
       0
       0
       0
       0
       0
       0
       0
       0
       0
       0
       0
       0
       0
       0
       0
       0
       0
       0
       0
       0
       0
       0
       0
       0
       0
       0
       0
       0
       0
       0
       0
       0
       0
       0
       0
       0
       0
       0
       0
       0
       0
       0
       0
       0
       0
       0
       0
       0
       0
       0
       0
       0
       0
       0
       0
       0
       0
       0
       0
       0
       0
       0
       0
       0
       0
       0
       0
       0
       0
       0
       0
       0
       0
       0
       0
       0
       0
       0
       0
       0
       0
       0
       0
       0
       0
       0
       0
       0
       0
       0
       0
       0
       0
       0
       0
       0
       0
       0
       0
       0
       0
       0
       0
       0
       0
       0
       0
       0
       0
       0
       0
       0
       0
       0
       0
       0
       0
       0
       0
       0
       0
       0
       0
       0
       0
       0
       0
       0
       0
       0
       0
       0
       0
       0
       0
       0
       0
       0
       0
       0
       0
       0
       0
       0
       0
       0
       0
       0
       0
       0
       0
       0
       0
       0
       0
       0
       0
       0
       0
       0
       0
       0
       0
       0
       0
       0
       0
       0
       0
       0
       0
       0
       0
       0
       0
       0
       0
       0
       0
       0
       0
       0
       0
       0
       0
       0
       0
       0
       0
       0
       0
       0
       0
       0
       0
       0
       0
       0
       0
       0
       0
       0
       0
       0
       0
       0
       0
       0
       0
       0
       0
       0
       0
       0
       0
       0
       0
       0
       0
       0
       0
       0
       0
       0
       0
       0
       0
       0
       0
       0
       0
       0
       0
       0
       0
       0
       0
       0
       0
       0
       0
       0
       0
       0
       0
       0
       0
       0
       0
       0
       0
       0
       0
       0
       0
       0
       0
       0
       0
       0
       0
       0
       0
       0
       0
       0
       0
       0
       0
       0
       0
       0
       0
       0
       0
       0
       0
       0
       0
       0
       0
       0
       0
       0
       0
       0
       0
       0
       0
       0
       0
       0
       0
       0
       0
       0
       0
       0
       0
       0
       0
       0
       0
       0
       0
       0
       0
       0
       0
       0
       0
       0
       0
       0
       0
       0
       0
       0
       0
       0
       0
       0
       0
       0
       0
       0
       0
       0
       0
       0
       0
       0
       0
       0
       0
       0
       0
       0
       0
       0
       0
       0
       0
       0
       0
       0
       0
       0
       0
       0
       0
       0
       0
       0
       0
       0
       0
       0
       0
       0
       0
       0
       0
       0
       0
       0
       0
       0
       0
       0
       0
       0
       0
       0
       0
       0
       0
       0
       0
       0
       0
       0
       0
       0
       0
       0
       0
       0
       0
       0
       0
       0
       0
       0
       0
       0
       0
       0
       0
       0
       0
       0
       0
       0
       0
       0
       0
       0
       0
       0
       0
       0
       0
       0
       0
       0
       0
       0
       0
       0
       0
       0
       0
       0
       0
       0
       0
       0
       0
       0
       0
       0
       0
       0
       0
       0
       0
       0
       0
       0
       0
       0
       0
       0
       0
       0
       0
       0
       0
       0
       0
       0
       0
       0
       0
       0
       0
       0
       0
       0
       0
       0
       0
       0
       0
       0
       0
       0
       0
       0
       0
       0
       0
       0
       0
       0
       0
       0
       0
       0
       0
       0
       0
       0
       0
       0
       0
       0
       0
       0
       0
       0
       0
       0
       0
       0
       0
       0
       0
       0
       0
       0
       0
       0
$ROI:
0
$PRESETS:
None
0
0
$ENER_FIT:
0.000000 0.000000
$MCA_CAL:
3
0.000000E+000 0.000000E+000 0.000000E+000 
$SHAPE_CAL:
3
0.000000E+000 0.000000E+000 0.000000E+000
