$SPEC_ID:
Run01_Am241
$SPEC_REM:
DET# 1
DETDESC# GRAD-LAB Easy-MCA-2k SN 14127175
AP# Maestro Version 7.01
$DATE_MEA:
10/12/2016 12:07:31
$MEAS_TIM:
341 349
$DATA:
0 2047
       0
       0
       0
       0
       0
       0
       0
       0
       0
       0
       1
       0
       0
       0
       3
       2
       0
       0
       0
       0
       1
       2
       2
       2
       1
       0
       1
       0
       1
       1
       0
       0
       0
       0
       0
       0
       0
       0
       0
       1
       0
       1
       0
       1
       1
       3
       2
       1
       3
       0
       0
       3
       0
       0
       2
       3
       3
       5
       3
       4
       4
       1
       3
       5
       2
       6
       6
       2
       7
       6
      11
       3
      10
       5
       7
       8
       8
       9
      12
       8
      10
       2
       4
       8
       8
       9
      16
      16
      17
      21
       9
      19
      17
      12
       8
       8
      11
      20
      11
      16
      16
      14
      19
      15
      22
      20
      20
      11
      13
      21
      17
      17
      15
      16
      19
      17
      11
      15
      16
      16
      21
      18
      20
      13
      17
      15
      27
      16
      20
      29
      13
      25
      22
      12
      10
      14
      17
      18
      11
      16
      23
      18
      17
      19
      11
      19
      13
      22
      23
      17
      16
      21
      18
      12
      18
      21
      16
      19
      18
      13
      16
      18
      17
      19
      16
      20
      17
      27
      19
      14
      24
      13
      18
      24
      14
      16
      16
      10
      18
      24
      16
      19
      20
      28
      16
      23
      12
      24
      15
      18
      22
      17
      24
      19
      20
      24
      14
      16
      17
      24
      19
      17
      20
      23
      16
      15
      17
      10
      27
      14
      17
      17
      19
      22
      22
      23
      17
      17
      16
      15
      20
      18
      21
      21
      17
      21
      25
      26
      24
      16
      13
      28
      20
      25
      31
      12
      21
      14
      20
      19
      21
      19
      26
      17
      20
      22
      28
      21
      20
      17
      15
      24
      17
      22
      21
      33
      36
      27
      24
      22
      30
      34
      27
      31
      35
      29
      21
      36
      25
      26
      26
      27
      26
      15
      24
      25
      23
      23
      33
      23
      25
      23
      24
      19
      36
      29
      26
      32
      41
      20
      30
      25
      23
      18
      36
      21
      30
      21
      22
      28
      32
      33
      39
      36
      44
      39
      48
      45
      59
      48
      48
      61
      51
      44
      62
      49
      54
      65
      65
      76
     109
     133
     213
     299
     514
     799
    1266
    1844
    2467
    3069
    3555
    3913
    3851
    3659
    2919
    2446
    1783
    1153
     761
     479
     285
     197
     121
      91
      96
     113
     132
     201
     288
     441
     710
     966
    1311
    1632
    1822
    1950
    2020
    1795
    1658
    1310
    1134
     824
     707
     557
     606
     573
     607
     544
     515
     457
     399
     282
     202
     134
      88
      66
      33
      21
      19
      21
      17
      16
      17
      19
      16
      29
      39
      38
      51
      53
      61
      90
      94
     112
     116
      99
     102
      80
      55
      55
      38
      23
      13
      16
       8
       5
      11
       7
       7
       5
       9
       5
      11
       8
       5
      10
       9
      10
       8
       9
       6
       7
      11
       8
       6
       7
       9
      10
      12
       9
       8
      10
       8
       9
       9
      14
       7
      12
      10
       5
       8
      20
       4
       2
       5
       7
       3
      12
       6
       6
       3
       3
       6
       4
       6
       8
       8
       2
       8
       7
       2
       7
       3
      10
       6
       9
       6
      12
       3
      14
       9
       3
       6
       7
       6
       6
       7
       4
       5
       5
       6
       5
       6
       5
       4
       5
      14
       7
       9
       3
      11
       9
       4
      13
       9
       3
       7
       8
       1
       7
       7
      10
       8
       9
       9
      11
       6
       3
       7
       8
      12
       5
      10
       5
       4
      11
       8
      12
       6
      11
       2
       9
       6
       9
      11
       9
       4
      10
       6
       6
      10
      10
      10
       9
       8
      10
       5
       6
       7
       4
       6
       3
      10
       8
       6
       6
       8
      11
       9
       4
       6
       9
       9
       7
       8
      11
       5
       7
       7
       5
       5
       8
       7
       8
      11
       4
       8
       6
       9
       8
       3
       3
       6
      10
       5
       2
       9
       5
       1
       8
      10
       9
      12
       8
      10
       9
       8
      10
       9
       6
      10
       5
      14
      10
       7
      10
       5
       6
       7
       5
      12
       6
       4
      10
       8
       8
       9
       5
       7
       8
       7
       8
       6
       8
      10
      13
       9
      11
       9
      10
       6
      15
      10
       5
      12
       8
       8
       8
       4
      10
       6
      11
      10
       8
      15
      11
      10
      14
       9
      13
      12
      12
       9
      11
       8
       9
       8
      15
      11
      15
      16
      17
      17
      18
      13
      19
      20
      16
      14
      17
      14
      13
      17
      13
      13
      10
      16
      12
       6
      10
       7
      18
       4
      14
       8
      10
      17
      10
      17
      12
      18
      11
      14
      13
      13
      12
       9
       6
      15
       8
       8
       3
       8
       9
       3
       8
       3
       7
       5
       8
       6
      13
      10
      10
       6
       8
       5
       7
       6
       5
       3
       6
       8
      15
      16
       9
       8
      10
       8
      11
       6
       6
       6
       4
       4
       3
       3
       1
       1
       4
       1
       1
       0
       0
       2
       0
       0
       2
       1
       1
       2
       3
       4
       0
       1
       2
       1
       1
       1
       0
       1
       2
       1
       1
       0
       0
       1
       2
       1
       0
       0
       1
       3
       1
       2
       3
       0
       1
       0
       1
       3
       2
       1
       0
       2
       1
       0
       0
       0
       0
       0
       1
       2
       0
       1
       1
       1
       0
       1
       2
       2
       1
       0
       1
       1
       0
       1
       2
       1
       3
       1
       1
       1
       0
       0
       4
       5
       1
       2
       2
       3
       0
       1
       2
       1
       1
       2
       3
       1
       3
       2
       1
       2
       0
       2
       1
       0
       1
       0
       2
       0
       0
       0
       1
       0
       0
       0
       1
       0
       0
       0
       0
       3
       0
       0
       1
       1
       0
       0
       3
       1
       1
       1
       2
       0
       2
       3
       1
       0
       0
       1
       0
       1
       0
       0
       0
       1
       1
       0
       1
       1
       1
       1
       0
       3
       1
       0
       2
       1
       2
       0
       2
       2
       0
       2
       2
       2
       0
       0
       1
       1
       0
       0
       0
       1
       0
       0
       0
       2
       2
       0
       0
       1
       2
       0
       2
       1
       1
       1
       0
       1
       0
       1
       1
       0
       4
       0
       0
       0
       2
       0
       1
       0
       0
       0
       0
       0
       1
       0
       2
       1
       1
       1
       0
       1
       0
       1
       0
       0
       0
       0
       1
       0
       1
       0
       1
       0
       0
       0
       0
       1
       0
       0
       1
       0
       1
       1
       1
       3
       0
       1
       0
       0
       0
       0
       1
       2
       0
       0
       0
       0
       1
       0
       0
       1
       0
       0
       1
       1
       1
       0
       0
       0
       2
       0
       2
       0
       1
       0
       0
       0
       1
       0
       0
       2
       0
       0
       0
       0
       1
       0
       0
       0
       1
       1
       0
       0
       0
       0
       1
       0
       2
       1
       0
       1
       1
       1
       1
       0
       0
       0
       1
       0
       1
       0
       0
       1
       0
       0
       1
       0
       1
       3
       0
       1
       1
       1
       0
       0
       1
       0
       1
       1
       0
       1
       0
       0
       0
       1
       1
       0
       0
       0
       1
       0
       0
       0
       0
       0
       1
       0
       0
       0
       1
       0
       0
       0
       1
       0
       0
       1
       0
       1
       1
       0
       1
       1
       0
       0
       0
       0
       0
       0
       1
       2
       0
       0
       0
       0
       0
       2
       0
       0
       0
       0
       0
       0
       0
       1
       0
       0
       0
       1
       1
       0
       0
       0
       1
       1
       0
       0
       0
       0
       0
       0
       0
       0
       0
       0
       1
       0
       0
       1
       0
       0
       0
       0
       0
       1
       0
       1
       0
       1
       0
       0
       0
       0
       1
       0
       0
       0
       0
       0
       0
       1
       0
       0
       0
       1
       0
       1
       1
       0
       0
       0
       0
       0
       0
       0
       2
       0
       0
       0
       0
       0
       0
       0
       1
       0
       0
       0
       0
       1
       0
       0
       0
       2
       0
       0
       0
       0
       0
       0
       0
       0
       0
       0
       0
       0
       0
       0
       0
       1
       0
       0
       0
       0
       0
       0
       0
       0
       0
       0
       0
       0
       0
       0
       0
       1
       0
       0
       0
       0
       0
       0
       1
       0
       0
       0
       0
       0
       0
       0
       0
       0
       2
       0
       0
       0
       0
       0
       1
       0
       0
       1
       0
       0
       0
       0
       0
       0
       0
       0
       0
       0
       0
       0
       0
       0
       0
       0
       0
       0
       0
       0
       0
       0
       0
       0
       0
       0
       0
       0
       0
       0
       0
       0
       0
       0
       1
       0
       0
       1
       0
       0
       0
       0
       0
       0
       0
       0
       0
       0
       0
       0
       0
       1
       0
       0
       0
       1
       0
       1
       0
       0
       0
       0
       0
       0
       0
       0
       0
       0
       0
       0
       0
       0
       0
       0
       0
       1
       0
       0
       0
       0
       0
       0
       0
       0
       0
       0
       0
       0
       0
       0
       0
       0
       0
       0
       0
       0
       0
       0
       0
       0
       0
       0
       0
       0
       0
       2
       0
       0
       0
       0
       0
       0
       0
       0
       0
       0
       0
       0
       0
       0
       0
       0
       0
       0
       0
       0
       0
       0
       0
       0
       0
       0
       0
       0
       0
       0
       0
       0
       0
       0
       0
       0
       1
       0
       0
       1
       0
       0
       0
       0
       0
       0
       0
       0
       0
       0
       0
       0
       0
       0
       0
       0
       0
       0
       0
       0
       1
       1
       0
       0
       0
       0
       0
       1
       0
       0
       0
       0
       0
       0
       0
       0
       0
       0
       0
       0
       0
       0
       0
       0
       0
       0
       0
       0
       0
       0
       0
       1
       0
       0
       0
       0
       0
       0
       0
       0
       0
       0
       0
       0
       0
       0
       0
       0
       0
       0
       0
       0
       0
       0
       0
       0
       0
       0
       0
       0
       0
       0
       0
       0
       0
       0
       0
       0
       0
       0
       0
       0
       0
       0
       0
       0
       0
       0
       0
       0
       0
       0
       0
       0
       0
       0
       0
       0
       0
       0
       0
       1
       0
       0
       0
       0
       0
       0
       0
       0
       0
       0
       0
       0
       0
       0
       0
       0
       0
       0
       0
       0
       0
       0
       0
       0
       0
       0
       0
       0
       0
       1
       0
       0
       0
       0
       0
       0
       0
       0
       0
       0
       0
       0
       0
       0
       0
       0
       0
       0
       0
       0
       0
       0
       0
       0
       0
       0
       0
       0
       0
       0
       0
       0
       0
       0
       0
       0
       0
       0
       0
       0
       0
       0
       0
       0
       0
       0
       0
       0
       0
       0
       0
       0
       0
       0
       0
       0
       0
       0
       0
       0
       0
       0
       0
       0
       0
       0
       0
       0
       0
       0
       0
       0
       0
       0
       0
       0
       0
       0
       0
       0
       0
       0
       0
       0
       0
       0
       0
       0
       0
       0
       0
       0
       0
       0
       0
       0
       0
       0
       0
       0
       0
       0
       0
       0
       0
       0
       0
       0
       0
       0
       0
       0
       0
       0
       0
       0
       0
       0
       0
       0
       0
       0
       0
       0
       0
       0
       0
       0
       0
       0
       0
       0
       0
       0
       0
       0
       0
       0
       0
       0
       0
       0
       0
       0
       0
       0
       0
       0
       0
       0
       0
       0
       0
       0
       0
       0
       0
       0
       0
       0
       0
       0
       0
       0
       0
       0
       0
       0
       0
       0
       0
       0
       0
       0
       0
       0
       0
       0
       0
       0
       0
       0
       0
       0
       0
       0
       0
       0
       0
       0
       0
       0
       0
       0
       0
       0
       0
       0
       0
       0
       0
       0
       0
       0
       0
       0
       0
       0
       0
       0
       0
       0
       0
       0
       0
       0
       0
       0
       0
       0
       0
       0
       0
       0
       0
       0
       0
       0
       0
       0
       0
       0
       0
       0
       0
       0
       0
       0
       0
       0
       0
       0
       0
       0
       0
       0
       0
       0
       0
       0
       0
       0
       0
       0
       0
       0
       0
       0
       0
       0
       0
       0
       0
       0
       0
       0
       0
       0
       0
       0
       0
       0
       0
       0
       0
       0
       0
       0
       0
       0
       0
       0
       0
       0
       0
       0
       0
       0
       0
       0
       0
       0
       0
       0
       0
       0
       0
       0
       0
       0
       0
       0
       0
       0
       0
       0
       0
       0
       0
       0
       0
       0
       0
       0
       0
       0
       0
       0
       0
       0
       0
       0
       0
       0
       0
       0
       0
       0
       0
       0
       0
       0
       0
       0
       0
       0
       0
       0
       0
       0
       0
       0
       0
       0
       0
       0
       0
       0
       0
       0
       0
       0
       0
       0
       0
       0
       0
       0
       0
       0
       0
       0
       0
       0
       0
       0
       0
       0
       0
       0
       0
       0
       0
       0
       0
       0
       0
       0
       0
       0
       0
       0
       0
       0
       0
       0
       0
       0
       0
       0
       0
       0
       0
       0
       0
       0
       0
       0
       0
       0
       0
       0
       0
       0
       0
       0
       0
       0
       0
       0
       0
       0
       0
       0
       0
       0
       0
       0
       0
       0
       0
       0
       0
       0
       0
       0
       0
       0
       0
       0
       0
       0
       0
       0
       0
       0
       0
       0
       0
       0
       0
       0
       0
       0
       0
       0
       0
       0
       0
       0
       0
       0
       0
       0
       0
       0
       0
       0
       0
       0
       0
       0
       0
       0
       0
       0
       0
       0
       0
       0
       0
       0
       0
       0
       0
       0
       0
       0
       0
       0
       0
       0
       0
       0
       0
       0
       0
       0
       0
       0
       0
       0
       0
       0
       0
       0
       0
       0
       0
       0
       0
       0
       0
       0
       0
       0
       0
       0
       0
       0
       0
       0
       0
       0
       0
       0
       0
       0
       0
       0
       0
       0
       0
       0
       0
$ROI:
0
$PRESETS:
None
0
0
$ENER_FIT:
0.000000 0.000000
$MCA_CAL:
3
0.000000E+000 0.000000E+000 0.000000E+000 
$SHAPE_CAL:
3
0.000000E+000 0.000000E+000 0.000000E+000
