$SPEC_ID:
Run01_Am241
$SPEC_REM:
DET# 1
DETDESC# GRAD-LAB Easy-MCA-2k SN 14127175
AP# Maestro Version 7.01
$DATE_MEA:
10/10/2016 14:29:17
$MEAS_TIM:
174 175
$DATA:
0 2047
       0
       0
       0
       0
       0
       0
       0
       0
       0
       0
       0
       0
       2
       0
       1
       0
       1
       0
       0
       0
       0
       0
       0
       0
       0
       0
       0
       0
       0
       1
       0
       0
       0
       0
       0
       0
       0
       1
       0
       0
       0
       0
       0
       0
       0
       0
       3
       0
       0
       0
       1
       0
       1
       0
       0
       0
       0
       0
       0
       0
       0
       0
       1
       2
       1
       1
       1
       2
       2
       1
       2
       2
       3
       1
       3
       2
       0
       2
       2
       1
       1
       1
       1
       4
       1
       4
       4
       2
       1
       5
       4
       3
       4
       4
       5
       5
       0
       1
       5
       4
       3
       1
       4
       4
       4
       3
       1
       3
       1
       2
       7
       6
       5
       4
       2
       3
       5
       4
       5
       5
       5
       0
       3
       5
       4
       2
       6
       1
       3
       1
       5
       2
       4
       2
       3
       3
       3
       4
       3
       4
       4
       7
       3
       2
       5
       4
       4
       2
       9
       4
       2
       3
       4
       1
       6
       4
       2
       4
       0
       5
       1
       5
       1
       2
       1
       6
       3
       3
       4
       5
       8
       3
       3
       7
       2
       3
       1
       3
       4
       3
       3
       1
       4
       1
       1
       3
       3
       9
       3
       1
       2
       3
       2
       4
       3
       5
       5
       3
       3
       2
       4
       7
       6
       2
       5
       7
       5
       3
       4
       0
       0
       5
       4
       3
       3
       2
       3
       8
       5
       2
       2
       4
       4
       3
       2
       5
       2
       4
       9
       3
       4
       2
       5
       3
       2
       1
       8
       2
       4
       6
       4
       4
       2
       1
       4
       8
       2
       4
       2
       2
       3
       8
       4
       3
       5
       6
       5
       7
       2
       4
       3
       3
       2
       9
       4
       7
       5
       9
       3
       3
       2
       4
      12
       5
       7
       8
       5
       5
       4
       8
       7
      10
       5
       4
       6
       5
       2
       1
       5
       5
       5
       5
       3
       8
       8
       3
       6
      10
       5
       8
      13
      21
      32
      18
      27
      17
      32
      22
      20
      24
      12
       8
      14
       4
       8
       9
       6
       6
       7
       6
       9
       4
       9
       1
       9
      13
      10
       9
      12
      13
      14
      13
      16
      14
      22
      39
      38
      46
      67
     137
     134
     216
     319
     426
     485
     541
     551
     527
     510
     407
     334
     226
     167
     118
      70
      42
      41
      31
      21
      22
      23
       7
      19
      10
       8
       9
      13
       6
      12
       6
       7
       6
       9
       7
       9
      10
       7
       9
      14
      12
      10
       8
       9
      24
      19
      27
      30
      44
      50
      94
     100
     121
     171
     184
     287
     276
     359
     384
     425
     380
     360
     335
     303
     232
     203
     195
     178
     173
     131
     138
     144
     116
      95
      83
      58
      44
      39
      31
      21
      20
      10
      16
      10
       9
       7
       5
       4
       4
       5
       2
       3
       5
       6
       3
       4
       3
       4
       4
       1
       1
       4
       2
       2
       0
       3
       2
       5
       3
       1
       2
       3
       9
       3
       5
      11
       8
      11
      10
      16
      20
      26
      25
      42
      45
      46
      46
      53
      37
      23
      22
      25
       9
      17
      15
      17
      15
      15
      23
      20
      16
      10
       9
      11
       7
       6
       5
       5
       1
       2
       5
       3
       0
       4
       3
       4
       3
       3
       4
       7
       3
       3
       2
       1
       1
       3
       1
       1
       0
       0
       1
       1
       1
       0
       2
       0
       1
       0
       4
       0
       2
       2
       0
       0
       2
       1
       1
       3
       1
       1
       0
       0
       3
       1
       0
       1
       1
       2
       1
       1
       0
       2
       1
       0
       0
       1
       0
       2
       0
       0
       3
       1
       1
       0
       0
       0
       1
       1
       0
       0
       1
       0
       0
       1
       0
       0
       0
       1
       2
       3
       0
       4
       1
       3
       2
       1
       2
       0
       3
       0
       3
       2
       1
       1
       4
       5
       1
       0
       1
       1
       2
       1
       1
       3
       0
       4
       1
       1
       2
       2
       0
       3
       1
       0
       0
       2
       1
       0
       1
       0
       0
       0
       1
       0
       3
       1
       1
       0
       0
       1
       0
       1
       0
       0
       2
       1
       0
       0
       1
       0
       1
       1
       1
       1
       3
       0
       1
       2
       3
       4
       0
       3
       1
       1
       2
       4
       3
       1
       1
       0
       0
       1
       2
       2
       1
       1
       1
       2
       1
       1
       1
       2
       1
       2
       2
       0
       1
       2
       2
       5
       4
       3
       1
       0
       4
       6
       3
       5
       2
       3
       3
       4
       5
       3
       2
       1
       6
       1
       2
       3
       4
       0
       2
       4
       1
       3
       2
       1
       6
       3
       2
       3
       6
       1
       3
       4
       2
       0
       2
       2
       3
       2
       9
       3
       7
       5
       4
       4
       2
       4
       2
       1
       3
       2
       0
       2
       2
       0
       1
       0
       2
       0
       1
       1
       2
       1
       0
       2
       1
       1
       3
       2
       0
       2
       0
       1
       0
       0
       0
       1
       1
       1
       0
       1
       0
       1
       0
       0
       0
       1
       0
       1
       1
       0
       3
       1
       2
       1
       0
       0
       0
       3
       3
       0
       3
       0
       3
       0
       0
       2
       2
       0
       2
       0
       2
       2
       2
       1
       2
       0
       3
       0
       1
       5
       4
       2
       3
       4
       2
       3
       4
       1
       8
       2
       3
       7
       3
       7
       3
       4
       3
       1
       1
       0
       0
       0
       1
       1
       0
       1
       1
       2
       0
       0
       0
       0
       1
       1
       1
       0
       0
       1
       1
       1
       0
       1
       0
       1
       2
       1
       0
       0
       0
       1
       0
       2
       1
       1
       0
       0
       0
       0
       0
       0
       1
       0
       1
       0
       1
       0
       0
       1
       1
       0
       1
       0
       1
       0
       0
       1
       1
       0
       1
       1
       1
       1
       0
       0
       0
       1
       0
       2
       0
       0
       1
       1
       1
       0
       0
       0
       0
       1
       0
       0
       2
       0
       2
       3
       1
       1
       0
       0
       1
       2
       0
       0
       0
       0
       1
       1
       0
       0
       1
       0
       2
       0
       0
       2
       1
       0
       0
       0
       0
       0
       1
       0
       1
       0
       0
       0
       0
       0
       1
       0
       0
       0
       0
       1
       0
       1
       0
       0
       0
       0
       0
       0
       0
       0
       0
       0
       0
       1
       1
       0
       0
       1
       0
       0
       0
       0
       0
       0
       0
       0
       0
       0
       0
       1
       0
       0
       1
       0
       1
       2
       0
       0
       0
       0
       0
       0
       0
       1
       0
       1
       0
       0
       0
       0
       0
       1
       0
       0
       0
       0
       2
       1
       0
       0
       0
       1
       1
       0
       0
       0
       0
       0
       1
       0
       0
       1
       0
       0
       0
       0
       0
       1
       1
       0
       1
       1
       0
       0
       0
       1
       2
       0
       1
       1
       0
       1
       0
       0
       0
       0
       0
       0
       0
       1
       0
       0
       1
       1
       0
       1
       0
       0
       0
       0
       1
       0
       0
       0
       0
       0
       0
       0
       0
       0
       1
       0
       0
       1
       1
       0
       0
       0
       0
       0
       0
       0
       0
       0
       0
       0
       1
       1
       0
       0
       0
       0
       0
       1
       0
       0
       0
       0
       1
       0
       1
       0
       0
       2
       0
       1
       0
       0
       1
       0
       0
       0
       0
       0
       0
       0
       0
       0
       0
       0
       0
       0
       0
       0
       1
       0
       0
       0
       0
       1
       0
       0
       1
       0
       1
       0
       0
       0
       1
       0
       0
       0
       0
       0
       0
       0
       0
       0
       0
       0
       0
       0
       0
       0
       0
       0
       1
       0
       0
       0
       0
       1
       0
       1
       0
       0
       0
       1
       0
       0
       0
       0
       1
       0
       0
       0
       1
       0
       0
       0
       0
       0
       0
       0
       0
       0
       0
       0
       0
       0
       1
       1
       0
       0
       0
       0
       0
       0
       0
       1
       1
       0
       0
       0
       0
       0
       0
       0
       0
       0
       0
       0
       0
       0
       1
       0
       0
       0
       0
       0
       0
       0
       0
       0
       0
       0
       0
       0
       0
       0
       0
       0
       0
       0
       0
       0
       0
       0
       0
       0
       0
       0
       0
       0
       0
       1
       0
       0
       0
       0
       0
       0
       0
       0
       1
       1
       0
       0
       0
       1
       0
       0
       0
       0
       0
       0
       0
       0
       0
       0
       0
       0
       0
       0
       0
       0
       1
       0
       0
       0
       0
       1
       0
       0
       0
       1
       0
       0
       0
       0
       0
       0
       0
       0
       0
       0
       0
       0
       1
       0
       0
       0
       0
       0
       0
       0
       0
       0
       0
       0
       0
       0
       1
       0
       0
       0
       0
       0
       0
       0
       0
       0
       0
       0
       0
       0
       0
       0
       0
       0
       0
       0
       0
       0
       0
       0
       0
       0
       0
       0
       0
       0
       0
       0
       0
       0
       0
       0
       0
       0
       0
       0
       1
       0
       0
       0
       0
       0
       0
       0
       0
       0
       0
       1
       0
       0
       0
       0
       0
       0
       0
       0
       0
       0
       0
       0
       0
       0
       0
       0
       0
       0
       0
       0
       0
       0
       0
       0
       0
       0
       0
       0
       0
       0
       0
       0
       0
       0
       0
       0
       0
       0
       0
       0
       0
       0
       0
       0
       0
       0
       1
       0
       0
       0
       0
       0
       0
       0
       0
       0
       0
       0
       1
       0
       0
       0
       0
       0
       0
       0
       0
       0
       0
       0
       0
       0
       0
       0
       0
       0
       0
       0
       0
       0
       0
       0
       0
       0
       0
       0
       0
       0
       0
       0
       0
       0
       0
       0
       0
       0
       0
       0
       0
       0
       0
       0
       0
       0
       0
       0
       0
       0
       0
       0
       0
       0
       0
       0
       0
       0
       0
       0
       0
       0
       1
       0
       0
       0
       0
       0
       0
       0
       0
       0
       0
       0
       0
       0
       0
       0
       0
       0
       0
       0
       0
       0
       0
       0
       0
       0
       0
       0
       0
       0
       0
       0
       0
       0
       0
       0
       0
       0
       0
       0
       0
       0
       0
       0
       0
       0
       0
       0
       0
       0
       0
       0
       0
       0
       0
       0
       0
       0
       0
       0
       0
       0
       0
       0
       0
       0
       0
       0
       0
       0
       0
       0
       0
       0
       0
       0
       0
       0
       0
       0
       0
       0
       0
       0
       0
       0
       0
       0
       0
       0
       0
       0
       0
       0
       0
       0
       0
       0
       0
       0
       0
       0
       0
       0
       0
       0
       0
       0
       0
       0
       0
       0
       0
       0
       0
       0
       0
       0
       0
       0
       0
       0
       0
       0
       0
       0
       0
       0
       0
       0
       0
       0
       0
       0
       0
       0
       0
       0
       0
       0
       0
       0
       0
       0
       0
       0
       0
       0
       0
       0
       0
       0
       0
       0
       0
       0
       0
       0
       0
       0
       0
       0
       0
       0
       0
       0
       0
       0
       0
       0
       0
       0
       0
       0
       0
       0
       0
       0
       0
       0
       0
       0
       0
       0
       0
       0
       0
       0
       0
       0
       0
       0
       0
       0
       0
       0
       0
       0
       0
       0
       0
       0
       0
       0
       0
       0
       0
       0
       0
       0
       0
       0
       0
       0
       0
       0
       0
       0
       0
       0
       0
       0
       0
       0
       0
       0
       0
       0
       0
       0
       0
       0
       0
       0
       0
       0
       0
       0
       0
       0
       0
       0
       0
       0
       0
       0
       0
       0
       0
       0
       0
       0
       0
       0
       0
       0
       0
       0
       0
       0
       0
       0
       0
       0
       0
       0
       0
       0
       0
       0
       0
       0
       0
       0
       0
       0
       0
       0
       0
       0
       0
       0
       0
       0
       0
       0
       0
       0
       0
       0
       0
       0
       0
       0
       0
       0
       0
       0
       0
       0
       0
       0
       0
       0
       0
       0
       0
       0
       0
       0
       0
       0
       0
       0
       0
       0
       0
       0
       0
       0
       0
       0
       0
       0
       0
       0
       0
       0
       0
       0
       0
       0
       0
       0
       0
       0
       0
       0
       0
       0
       0
       0
       0
       0
       0
       0
       0
       0
       0
       0
       0
       0
       0
       0
       0
       0
       0
       0
       0
       0
       0
       0
       0
       0
       0
       0
       0
       0
       0
       0
       0
       0
       0
       0
       0
       0
       0
       0
       0
       0
       0
       0
       0
       0
       0
       0
       0
       0
       0
       0
       0
       0
       0
       0
       0
       0
       0
       0
       0
       0
       0
       0
       0
       0
       0
       0
       0
       0
       0
       0
       0
       0
       0
       0
       0
       0
       0
       0
       0
       0
       0
       0
       0
       0
       0
       0
       0
       0
       0
       0
       0
       0
       0
       0
       0
       0
       0
       0
       0
       0
       0
       0
       0
       0
       0
       0
       0
       0
       0
       0
       0
       0
       0
       0
       0
       0
       0
       0
       0
       0
       0
       0
       0
       0
       0
       0
       0
       0
       0
       0
       0
       0
       0
       0
       0
       0
       0
       0
       0
       0
       0
       0
       0
       0
       0
       0
       0
       0
       0
       0
       0
       0
       0
       0
       0
       0
       0
       0
       0
       0
       0
       0
       0
       0
       0
       0
       0
       0
       0
       0
       0
       0
       0
       0
       0
       0
       0
       0
       0
       0
       0
       0
       0
       0
       0
       0
       0
       0
       0
       0
       0
       0
       0
       0
       0
       0
       0
       0
       0
       0
       0
       0
       0
       0
       0
       0
       0
       0
       0
       0
       0
       0
       0
       0
       0
       0
       0
       0
       0
       0
       0
       0
       0
       0
       0
       0
       0
       0
       0
       0
       0
       0
       0
       0
       0
       0
       0
$ROI:
0
$PRESETS:
None
0
0
$ENER_FIT:
0.000000 0.000000
$MCA_CAL:
3
0.000000E+000 0.000000E+000 0.000000E+000 
$SHAPE_CAL:
3
0.000000E+000 0.000000E+000 0.000000E+000
