$SPEC_ID:
Run01_Am241
$SPEC_REM:
DET# 1
DETDESC# GRAD-LAB Easy-MCA-2k SN 14127175
AP# Maestro Version 7.01
$DATE_MEA:
10/05/2016 14:30:56
$MEAS_TIM:
444 445
$DATA:
0 2047
       0
       0
     175
     136
      91
      44
      13
      11
       9
       4
       4
       1
       4
       8
      89
     106
      56
      41
      41
      33
      27
      23
      17
      21
      20
      19
      16
      12
      18
      14
      13
      19
       5
      10
       8
       4
       3
       5
       5
       8
       4
       5
       5
       6
       6
       5
       2
       3
       9
       2
       3
       5
       4
       5
       6
       1
       2
       0
       3
       1
       3
       0
       4
       0
       5
       2
       1
       1
       1
       4
       2
       4
       4
       4
       1
       4
       2
       2
       1
       1
       2
       3
       2
       4
       4
       1
       0
       1
       1
       0
       6
       2
       1
       1
       2
       2
       2
       3
       1
       1
       0
       0
       6
       0
       1
       1
       0
       1
       3
       2
       0
       2
       1
       3
       2
       1
       6
       3
       2
       4
       1
       0
       2
       1
       1
       2
       2
       5
       2
       2
       3
       2
       3
       0
       2
       2
       1
       2
       0
       2
       2
       0
       1
       1
       0
       1
       3
       1
       0
       0
       2
       0
       3
       1
       0
       0
       2
       3
       3
       0
       0
       0
       1
       0
       2
       0
       1
       1
       2
       1
       0
       1
       3
       1
       0
       0
       3
       2
       0
       0
       2
       3
       0
       2
       5
       0
       1
       3
       0
       1
       1
       0
       1
       1
       2
       0
       0
       1
       1
       0
       0
       0
       0
       0
       0
       1
       4
       1
       3
       2
       2
       1
       0
       0
       1
       3
       0
       0
       2
       2
       2
       0
       1
       2
       1
       2
       2
       1
       2
       1
       0
       2
       1
       1
       1
       2
       2
       2
       0
       1
       2
       2
       4
       1
       0
       1
       2
       3
       0
       3
       3
       0
       0
       1
       0
       1
       0
       5
       0
       0
       1
       0
       1
       0
       0
       1
       0
       1
       3
       1
       0
       1
       1
       1
       1
       2
       1
       2
       2
       0
       0
       0
       1
       2
       0
       0
       0
       1
       0
       0
       0
       1
       2
       1
       0
       3
       0
       2
       1
       2
       1
       0
       3
       1
       1
       3
       3
       4
       2
       2
       2
       0
       0
       0
       2
       2
       0
       1
       5
       0
       0
       0
       1
       1
       2
       0
       2
       1
       9
       1
       3
       2
       4
       1
       3
       2
       1
       0
       0
       1
       1
       3
       1
       0
       1
       1
       0
       1
       2
       0
       0
       1
       0
       0
       1
       2
       1
       2
       1
       2
       3
       0
       0
       3
       0
       1
       3
       0
       2
       2
       0
       0
       2
       2
       0
       2
       1
       1
       2
       2
       1
       1
       2
       2
       2
       2
       0
       0
       4
       2
       1
       2
       4
       1
       3
       0
       1
       3
       3
       0
       2
       1
       0
       3
       2
       1
       3
       2
       1
       0
       2
       2
       3
       0
       2
       1
       1
       3
       2
       1
       1
       2
       0
       3
       3
       3
       2
       3
       2
       3
       2
       5
       5
       3
       4
       3
       1
       2
       2
       0
       0
       1
       2
       2
       0
       1
       2
       1
       2
       1
       2
       2
       2
       1
       1
       0
       0
       2
       2
       4
       1
       0
       4
       4
       0
       3
       2
       1
       1
       1
       2
       0
       0
       5
       2
       6
       3
       2
       0
       0
       3
       1
       2
       2
       3
       0
       2
       1
       1
       1
       2
       2
       1
       3
       0
       2
       5
       7
       3
       2
       4
       6
       6
       4
       4
       2
       3
       2
       3
       2
       3
       5
       1
       0
       5
       4
       3
       2
       5
       4
       5
       1
       1
       2
       6
       1
       4
       2
       1
       3
       0
       1
       3
       2
       1
       4
       3
       1
       3
       3
       4
       3
       4
       1
       2
       2
       2
       2
       4
       7
       2
       2
       1
       5
       2
       6
       1
       1
       1
       5
       0
       2
       0
       4
       3
       1
       2
       3
       2
       0
       1
       3
       3
       1
       3
       2
       2
       5
       4
       2
       2
       1
       4
       3
       2
       0
       2
       2
       1
       2
       0
       4
       5
       5
       4
       4
       9
       3
       2
       0
       5
       6
       5
       2
       1
       8
       4
       3
       5
       1
       0
       5
       2
       4
      10
       4
       5
       1
       6
       0
       3
       1
       4
       5
       3
       6
       6
       4
       2
       7
       7
       4
       3
       6
       1
       6
       5
       4
       6
       6
       5
       4
       2
       4
       5
       6
       5
       3
       1
       7
       6
       5
       1
       7
       3
       4
       1
       1
       4
       3
       5
       7
       1
       5
       6
       4
       6
       4
       2
       5
       2
       4
       5
       1
       5
       6
       7
      10
       5
       6
      11
       8
       2
       3
       7
       7
       9
      12
      16
      10
       3
       5
      11
       7
       7
      10
       9
      11
       4
       9
       9
      12
      10
       8
       7
      21
      28
      18
      16
      22
      28
      27
      22
      29
      37
      22
      20
      24
      20
      16
      12
       7
      10
       5
       6
       6
       4
       7
       5
       5
       6
       3
       9
       5
       2
       2
       6
       2
       4
       1
       8
       3
       9
       3
       4
       7
       5
       3
       3
       6
       2
       2
       3
       9
       6
       8
       3
       5
       6
       7
       4
       4
       3
       7
       8
       2
       2
       5
       3
       9
       7
       4
       7
       6
       5
       6
      11
       5
       6
       9
       5
       9
       4
       7
       7
       7
       3
       7
       1
       7
       8
       6
       6
       7
      10
      10
      13
      11
       7
       6
      12
      10
       7
      10
       4
      11
       9
       7
       8
      10
       6
       7
       8
       6
      11
       4
       6
       4
      10
       5
       7
      10
       8
       6
      13
      10
      10
       4
      10
       9
       9
       9
      15
       7
      10
       8
      12
      10
      16
       9
      12
      12
       9
      10
       9
      17
       7
      18
      15
      14
       9
      15
      11
      18
      16
      13
      17
      18
      14
      17
      13
      24
      15
      23
      20
      24
      32
      17
      17
      14
      21
      20
      34
      35
      38
      40
      32
      33
      56
      48
      54
      57
      61
      57
      66
      78
     106
      92
     106
     139
     148
     188
     210
     187
     257
     282
     310
     314
     340
     372
     407
     416
     395
     371
     397
     385
     309
     304
     239
     200
     169
     145
      92
      82
      46
      30
      21
      19
      20
       5
       9
       2
       4
       4
       3
       4
       5
      11
       3
       3
       3
       2
       4
       3
       1
       3
       2
       3
       2
       1
       6
       3
       1
       2
       2
       2
       4
       1
       3
       8
       3
       3
       2
       3
       3
       3
       4
       5
       5
       2
       3
       3
       2
       4
       6
       2
       2
       6
       4
       4
       2
       4
       2
       2
       4
       3
       4
       0
       2
       5
       3
       3
       6
       3
       2
       7
       9
       3
       6
       5
       6
       2
       5
       6
       9
       9
      10
       1
       9
      11
       6
      10
      11
      19
      18
      25
      16
      21
      34
      34
      37
      35
      57
      47
      72
      59
      72
      65
      60
      77
      63
      56
      46
      32
      33
      24
      17
      18
      10
      12
      13
       7
       7
       8
      11
      11
      16
      12
      13
      13
       9
      12
       9
       4
       5
       3
       7
       1
       2
       2
       1
       0
       0
       0
       0
       1
       0
       0
       0
       0
       0
       0
       0
       0
       0
       1
       1
       0
       0
       0
       1
       0
       0
       0
       0
       0
       0
       0
       1
       0
       0
       0
       1
       0
       1
       1
       0
       0
       0
       0
       0
       0
       1
       0
       0
       0
       0
       1
       0
       0
       1
       0
       1
       1
       0
       0
       0
       1
       1
       0
       0
       0
       0
       1
       0
       0
       0
       1
       0
       0
       0
       0
       0
       0
       0
       0
       0
       0
       0
       0
       0
       0
       0
       1
       0
       0
       0
       0
       0
       0
       0
       0
       0
       0
       1
       0
       1
       1
       0
       0
       0
       0
       0
       0
       0
       0
       0
       0
       0
       0
       0
       1
       1
       0
       0
       0
       0
       0
       0
       0
       0
       0
       0
       0
       0
       0
       0
       0
       0
       0
       0
       0
       0
       0
       0
       0
       0
       0
       0
       0
       0
       0
       0
       0
       0
       1
       1
       0
       0
       0
       0
       0
       1
       0
       0
       0
       0
       0
       0
       1
       0
       0
       0
       1
       0
       1
       0
       0
       1
       1
       0
       1
       1
       0
       0
       0
       0
       0
       1
       0
       0
       0
       0
       0
       0
       0
       0
       2
       1
       0
       0
       1
       0
       0
       1
       0
       0
       0
       0
       0
       0
       1
       0
       1
       0
       0
       0
       0
       1
       0
       0
       0
       0
       0
       0
       1
       0
       0
       0
       0
       0
       0
       0
       0
       0
       1
       0
       0
       0
       0
       0
       0
       0
       1
       0
       1
       0
       0
       0
       0
       0
       0
       0
       0
       0
       0
       1
       0
       0
       0
       0
       0
       1
       0
       0
       0
       0
       0
       1
       0
       0
       0
       0
       1
       1
       0
       1
       0
       0
       0
       0
       1
       0
       0
       2
       0
       0
       0
       0
       0
       0
       0
       0
       0
       0
       1
       0
       0
       0
       0
       0
       0
       0
       0
       1
       0
       0
       0
       0
       0
       0
       2
       0
       0
       0
       0
       0
       1
       0
       0
       0
       0
       0
       1
       1
       0
       0
       0
       0
       0
       0
       0
       0
       0
       0
       0
       1
       0
       0
       0
       1
       0
       0
       0
       0
       0
       0
       1
       0
       0
       1
       0
       0
       0
       0
       0
       0
       0
       2
       0
       1
       0
       0
       1
       0
       0
       0
       0
       0
       0
       0
       0
       0
       0
       1
       0
       0
       0
       0
       0
       0
       0
       0
       1
       0
       0
       0
       0
       0
       0
       0
       0
       0
       0
       0
       0
       2
       2
       0
       0
       0
       0
       0
       1
       0
       0
       0
       0
       0
       1
       0
       0
       0
       0
       0
       0
       0
       0
       1
       0
       0
       0
       0
       1
       1
       0
       0
       1
       0
       0
       0
       0
       0
       0
       1
       0
       0
       0
       0
       0
       0
       0
       0
       0
       3
       0
       0
       0
       0
       0
       0
       1
       0
       1
       0
       1
       0
       1
       0
       0
       0
       0
       0
       0
       0
       0
       0
       0
       0
       0
       0
       1
       0
       0
       0
       0
       0
       0
       0
       0
       0
       0
       0
       0
       0
       0
       0
       0
       0
       0
       0
       0
       0
       0
       0
       3
      27
      23
      11
       0
       0
       0
       0
       0
       0
       0
       0
       0
       0
       0
       0
       0
       0
       0
       0
       0
       0
       0
       0
       0
       0
       0
       0
       0
       0
       0
       0
       0
       0
       0
       0
       0
       0
       0
       0
       0
       0
       0
       0
       0
       0
       0
       0
       0
       0
       0
       0
       0
       0
       0
       0
       0
       0
       0
       0
       0
       0
       0
       0
       0
       0
       0
       0
       0
       0
       0
       0
       0
       0
       0
       0
       0
       0
       0
       0
       0
       0
       0
       0
       0
       0
       0
       0
       0
       0
       0
       0
       0
       0
       0
       0
       0
       0
       0
       0
       0
       0
       0
       0
       0
       0
       0
       0
       0
       0
       0
       0
       0
       0
       0
       0
       0
       0
       0
       0
       0
       0
       0
       0
       0
       0
       0
       0
       0
       0
       0
       0
       0
       0
       0
       0
       0
       0
       0
       0
       0
       0
       0
       0
       0
       0
       0
       0
       0
       0
       0
       0
       0
       0
       0
       0
       0
       0
       0
       0
       0
       0
       0
       0
       0
       0
       0
       0
       0
       0
       0
       0
       0
       0
       0
       0
       0
       0
       0
       0
       0
       0
       0
       0
       0
       0
       0
       0
       0
       0
       0
       0
       0
       0
       0
       0
       0
       0
       0
       0
       0
       0
       0
       0
       0
       0
       0
       0
       0
       0
       0
       0
       0
       0
       0
       0
       0
       0
       0
       0
       0
       0
       0
       0
       0
       0
       0
       0
       0
       0
       0
       0
       0
       0
       0
       0
       0
       0
       0
       0
       0
       0
       0
       0
       0
       0
       0
       0
       0
       0
       0
       0
       0
       0
       0
       0
       0
       0
       0
       0
       0
       0
       0
       0
       0
       0
       0
       0
       0
       0
       0
       0
       0
       0
       0
       0
       0
       0
       0
       0
       0
       0
       0
       0
       0
       0
       0
       0
       0
       0
       0
       0
       0
       0
       0
       0
       0
       0
       0
       0
       0
       0
       0
       0
       0
       0
       0
       0
       0
       0
       0
       0
       0
       0
       0
       0
       0
       0
       0
       0
       0
       0
       0
       0
       0
       0
       0
       0
       0
       0
       0
       0
       0
       0
       0
       0
       0
       0
       0
       0
       0
       0
       0
       0
       0
       0
       0
       0
       0
       0
       0
       0
       0
       0
       0
       0
       0
       0
       0
       0
       0
       0
       0
       0
       0
       0
       0
       0
       0
       0
       0
       0
       0
       0
       0
       0
       0
       0
       0
       0
       0
       0
       0
       0
       0
       0
       0
       0
       0
       0
       0
       0
       0
       0
       0
       0
       0
       0
       0
       0
       0
       0
       0
       0
       0
       0
       0
       0
       0
       0
       0
       0
       0
       0
       0
       0
       0
       0
       0
       0
       0
       0
       0
       0
       0
       0
       0
       0
       0
       0
       0
       0
       0
       0
       0
       0
       0
       0
       0
       0
       0
       0
       0
       0
       0
       0
       0
       0
       0
       0
       0
       0
       0
       0
       0
       0
       0
       0
       0
       0
       0
       0
       0
       0
       0
       0
       0
       0
       0
       0
       0
       0
       0
       0
       0
       0
       0
       0
       0
       0
       0
       0
       0
       0
       0
       0
       0
       0
       0
       0
       0
       0
       0
       0
       0
       0
       0
       0
       0
       0
       0
       0
       0
       0
       0
       0
       0
       0
       0
       0
       0
       0
       0
$ROI:
0
$PRESETS:
None
0
0
$ENER_FIT:
0.000000 0.000000
$MCA_CAL:
3
0.000000E+000 0.000000E+000 0.000000E+000 
$SHAPE_CAL:
3
0.000000E+000 0.000000E+000 0.000000E+000
