$SPEC_ID:
Run01_Am241
$SPEC_REM:
DET# 1
DETDESC# GRAD-LAB Easy-MCA-2k SN 14127175
AP# Maestro Version 7.01
$DATE_MEA:
10/12/2016 12:21:25
$MEAS_TIM:
310 317
$DATA:
0 2047
       0
       0
       0
       0
       0
       0
       0
       0
       0
       0
       1
       0
       1
       1
      48
      65
      37
      18
      17
      10
       8
       5
      11
       5
       5
       8
       3
       7
       7
       1
       7
       2
       3
       5
       3
       2
       3
       4
       5
       6
       4
       4
       6
       2
       2
       2
       2
       3
       5
       1
       4
       1
       3
       3
       3
       2
       4
       5
       2
       4
       5
       3
       4
       4
       3
       5
       5
       6
       2
       4
       6
       2
       5
       9
       5
      11
       7
       4
       7
       7
      10
       8
       8
       5
       9
       6
       8
       8
      11
      11
      12
      15
      16
      19
       5
      14
      14
      14
       6
      16
      12
      16
       9
      13
      18
      11
      14
       9
      11
      11
       7
      19
      13
      13
      15
      16
      17
      14
      14
      21
      17
      20
      19
      15
      12
      14
      16
      16
      18
      15
      15
      11
      10
      12
       9
      16
      15
      16
      16
      19
      16
      10
      22
      12
      17
      10
      11
      18
      13
      16
      16
      14
      18
      20
      20
      19
      26
      10
       9
      19
      16
      21
      15
      25
      19
      16
      23
      12
      14
      20
      12
      21
      11
      15
      14
      17
      21
      15
      16
      21
      18
      16
      17
      19
      23
      14
      25
      15
      20
      20
      21
      21
      20
      20
      18
      19
      17
      20
      16
      22
      25
      17
      15
      22
      26
      13
      12
      18
      12
      10
      20
      17
      22
      13
      20
      25
      17
      21
      20
      13
      14
      27
      15
      22
      15
      17
      25
      21
      22
      28
      19
      26
      18
      14
      14
      16
      20
      17
      20
      15
      27
      22
      27
      21
      16
      18
      18
      27
      23
      26
      20
      22
      22
      21
      30
      34
      26
      27
      26
      20
      32
      41
      39
      23
      29
      22
      26
      33
      15
      31
      28
      32
      27
      32
      25
      25
      25
      26
      27
      29
      30
      28
      29
      19
      31
      29
      35
      30
      22
      27
      28
      27
      41
      29
      35
      34
      43
      36
      37
      30
      34
      40
      49
      54
      46
      42
      55
      57
      63
      82
      75
      64
      86
      88
      87
     107
      94
     110
     145
     151
     173
     280
     375
     564
     829
    1252
    1884
    2536
    3304
    4242
    4801
    5277
    5129
    4790
    4056
    3305
    2420
    1626
    1040
     612
     398
     194
     123
      87
      59
      62
      81
      76
      80
     125
     161
     237
     287
     351
     443
     430
     449
     427
     410
     395
     388
     457
     467
     535
     614
     696
     797
     786
     698
     641
     480
     375
     275
     174
     114
      68
      32
      28
      21
      17
      13
      12
       6
       4
      12
      11
      13
      12
      17
      17
      16
      21
      22
      23
      22
      28
      24
      22
      18
      16
      13
       7
      15
       9
       9
       8
       7
      13
       7
       3
      13
       4
       6
       7
       7
       6
       8
       6
       8
       3
       4
       5
      13
      15
       7
       8
       8
       7
       3
      12
       9
       8
       8
       9
      11
       8
       7
      10
       7
      11
       8
       3
       6
       9
       9
       7
       8
       8
       5
      13
       9
       7
       6
      10
       7
       5
      15
       4
       7
       5
      11
       7
      16
       9
      13
      11
       7
       6
       9
       8
       7
       5
      10
       5
       8
       5
       9
       7
       4
       9
      13
      11
       9
      15
       6
       8
      10
       8
      14
       6
       6
       6
       3
       7
       8
       7
      10
       6
       5
       7
       6
       4
      10
       6
       6
       7
       8
       6
       6
      11
       7
       6
      10
      12
       7
       5
      12
       7
      10
       8
      10
       6
      10
       7
       5
       8
      12
       7
       5
      12
      13
      13
       5
       9
      11
       8
       5
       5
       3
       9
       6
      14
       5
       5
       7
       7
       9
       7
       2
       3
      10
       6
       2
      12
       6
       8
       3
       7
       6
      15
       7
       7
       9
      11
      10
      10
       9
       2
       9
       4
      14
      12
       4
      13
       7
       7
      11
       9
       7
       8
       4
      11
       9
      12
       8
       6
      11
       8
       7
      12
       9
      12
       6
       6
      10
      11
       7
      11
      11
      11
       7
       6
       7
       9
       4
       8
       9
      11
      10
       7
      15
       9
      10
      13
      14
      10
      12
      17
      14
       7
      22
      20
      11
      11
       7
      11
       9
      13
       9
      16
      12
      16
      12
       6
      10
       8
      14
      15
      14
      17
       8
       8
      16
      15
      14
      16
      19
       7
      19
      17
      18
      18
      19
      19
      19
      21
      21
      21
      16
      22
      18
      18
      13
      12
       9
       7
       5
      13
       7
      10
       7
       8
       7
       8
       5
      12
       8
       7
       8
      10
       9
       6
       8
       6
       8
       7
       8
       3
      14
      10
       8
       3
       5
       5
       8
       6
       8
       5
       5
       4
       7
       5
       2
       5
       2
       1
       5
       0
       5
       7
       9
       1
       7
       5
       8
       8
       7
       7
       8
      10
       0
       5
       5
       4
       0
       5
       2
       3
       0
       1
       0
       2
       1
       1
       1
       2
       0
       0
       0
       1
       1
       1
       0
       4
       0
       1
       0
       1
       3
       0
       1
       1
       0
       3
       1
       1
       1
       1
       2
       0
       0
       1
       0
       1
       2
       0
       2
       2
       2
       1
       1
       1
       4
       2
       3
       0
       0
       1
       2
       2
       0
       1
       2
       0
       2
       0
       3
       1
       0
       1
       4
       1
       0
       2
       0
       0
       1
       1
       1
       1
       2
       0
       4
       2
       2
       1
       0
       0
       2
       2
       0
       0
       1
       1
       0
       0
       3
       1
       0
       4
       1
       0
       1
       0
       2
       0
       0
       0
       0
       0
       2
       2
       1
       2
       1
       1
       1
       1
       1
       0
       0
       0
       1
       1
       0
       1
       0
       0
       0
       1
       1
       0
       1
       2
       2
       2
       1
       1
       1
       0
       0
       0
       2
       0
       1
       0
       0
       3
       0
       4
       1
       1
       2
       5
       1
       1
       0
       1
       1
       2
       0
       0
       1
       0
       0
       0
       1
       0
       0
       1
       0
       1
       0
       0
       1
       1
       0
       2
       0
       0
       1
       0
       1
       1
       0
       0
       0
       1
       1
       0
       1
       3
       0
       0
       0
       1
       1
       1
       0
       1
       2
       0
       1
       0
       2
       0
       1
       0
       0
       0
       0
       1
       2
       1
       1
       1
       0
       0
       0
       0
       1
       0
       0
       1
       0
       1
       0
       0
       1
       0
       0
       0
       1
       1
       0
       0
       1
       1
       0
       1
       0
       0
       0
       0
       0
       1
       0
       0
       1
       0
       0
       3
       2
       1
       0
       0
       0
       2
       0
       1
       2
       3
       0
       0
       1
       1
       2
       1
       0
       0
       2
       1
       1
       0
       0
       2
       0
       0
       3
       1
       0
       0
       1
       0
       0
       1
       1
       1
       1
       2
       1
       0
       1
       1
       0
       0
       1
       0
       0
       0
       0
       1
       0
       0
       0
       0
       0
       0
       0
       0
       0
       0
       1
       0
       3
       3
       0
       1
       0
       1
       3
       0
       1
       0
       0
       1
       0
       0
       0
       0
       0
       0
       0
       0
       0
       0
       0
       0
       0
       0
       0
       0
       0
       0
       0
       0
       0
       0
       0
       1
       0
       0
       1
       0
       0
       0
       0
       1
       0
       0
       0
       2
       2
       1
       0
       0
       1
       0
       0
       1
       0
       0
       0
       0
       0
       0
       0
       1
       0
       0
       0
       0
       0
       0
       0
       1
       0
       0
       0
       0
       0
       0
       1
       0
       0
       0
       0
       0
       0
       1
       1
       0
       1
       0
       0
       0
       0
       1
       1
       0
       0
       0
       0
       0
       0
       2
       0
       0
       0
       0
       0
       0
       0
       0
       2
       0
       0
       0
       0
       0
       0
       1
       1
       1
       0
       1
       0
       0
       0
       0
       0
       0
       0
       0
       0
       0
       0
       0
       0
       0
       0
       0
       0
       0
       0
       0
       1
       1
       0
       0
       0
       0
       0
       0
       0
       0
       1
       0
       0
       0
       0
       0
       0
       0
       0
       0
       0
       1
       0
       1
       0
       0
       0
       1
       0
       0
       0
       0
       0
       0
       0
       0
       0
       0
       0
       1
       0
       0
       1
       1
       0
       0
       1
       0
       0
       0
       0
       0
       0
       0
       0
       0
       0
       0
       2
       1
       1
       0
       0
       0
       0
       0
       0
       0
       0
       0
       0
       0
       0
       0
       1
       0
       0
       0
       0
       0
       0
       0
       0
       0
       0
       0
       0
       0
       0
       0
       0
       0
       0
       0
       0
       0
       1
       0
       1
       0
       0
       0
       0
       1
       0
       0
       0
       0
       0
       0
       0
       0
       0
       0
       0
       0
       0
       0
       0
       0
       0
       0
       0
       0
       1
       0
       0
       0
       0
       0
       1
       0
       0
       0
       0
       0
       0
       0
       0
       0
       0
       0
       0
       0
       0
       0
       0
       1
       0
       2
       0
       0
       1
       0
       0
       0
       0
       0
       0
       0
       0
       0
       0
       0
       0
       0
       0
       1
       0
       0
       0
       0
       0
       0
       0
       0
       0
       0
       0
       0
       1
       0
       0
       0
       1
       0
       0
       0
       0
       0
       0
       0
       0
       0
       0
       0
       0
       1
       0
       0
       1
       0
       0
       0
       0
       1
       0
       1
       0
       0
       0
       0
       0
       0
       1
       0
       0
       0
       0
       0
       0
       0
       0
       0
       0
       0
       0
       0
       0
       0
       0
       0
       0
       0
       0
       0
       0
       0
       0
       0
       1
       0
       1
       0
       0
       0
       0
       0
       0
       0
       0
       0
       1
       0
       0
       0
       0
       0
       0
       0
       0
       0
       0
       0
       0
       0
       0
       0
       0
       0
       0
       0
       0
       0
       0
       0
       0
       0
       0
       0
       0
       0
       0
       0
       0
       1
       0
       0
       0
       0
       0
       0
       0
       0
       0
       0
       0
       0
       0
       0
       0
       0
       0
       0
       0
       0
       0
       0
       0
       0
       0
       0
       0
       0
       0
       0
       0
       0
       0
       0
       0
       0
       0
       0
       0
       0
       0
       0
       1
       1
       0
       0
       0
       1
       0
       0
       0
       0
       0
       0
       0
       0
       0
       0
       0
       0
       0
       0
       0
       0
       1
       0
       0
       0
       0
       0
       1
       0
       1
       0
       0
       0
       0
       0
       0
       0
       0
       0
       0
       0
       0
       0
       0
       0
       0
       0
       0
       0
       0
       0
       0
       0
       0
       0
       0
       0
       0
       0
       0
       0
       0
       0
       0
       0
       0
       0
       0
       0
       0
       0
       0
       0
       0
       0
       0
       0
       0
       0
       0
       0
       0
       0
       0
       0
       0
       0
       0
       0
       0
       0
       0
       0
       0
       0
       0
       0
       0
       0
       0
       0
       0
       0
       0
       0
       0
       0
       0
       0
       0
       0
       0
       0
       0
       0
       0
       0
       0
       0
       0
       0
       0
       0
       0
       0
       0
       0
       0
       0
       0
       0
       0
       0
       0
       0
       0
       0
       0
       0
       0
       0
       0
       0
       0
       0
       0
       0
       0
       0
       0
       0
       0
       0
       0
       0
       0
       0
       0
       0
       0
       0
       0
       0
       0
       0
       0
       0
       0
       0
       0
       0
       0
       0
       0
       0
       0
       0
       0
       0
       0
       0
       0
       0
       0
       0
       0
       0
       0
       0
       0
       0
       0
       0
       0
       0
       0
       0
       0
       0
       0
       0
       0
       0
       0
       0
       0
       0
       0
       0
       0
       0
       0
       0
       0
       0
       0
       0
       0
       0
       0
       0
       0
       0
       0
       0
       0
       0
       0
       0
       0
       0
       0
       0
       0
       0
       0
       0
       0
       0
       0
       0
       0
       0
       0
       0
       0
       0
       0
       0
       0
       0
       0
       0
       0
       0
       0
       0
       0
       0
       0
       0
       0
       0
       0
       0
       0
       0
       0
       0
       0
       0
       0
       0
       0
       0
       0
       0
       0
       0
       0
       0
       0
       0
       0
       0
       0
       0
       0
       0
       0
       0
       0
       0
       0
       0
       0
       0
       0
       0
       0
       0
       0
       0
       0
       0
       0
       0
       0
       0
       0
       0
       0
       0
       0
       0
       0
       0
       0
       0
       0
       0
       0
       0
       0
       0
       0
       0
       0
       0
       0
       0
       0
       0
       0
       0
       0
       0
       0
       0
       0
       0
       0
       0
       0
       0
       0
       0
       0
       0
       0
       0
       0
       0
       0
       0
       0
       0
       0
       0
       0
       0
       0
       0
       0
       0
       0
       0
       0
       0
       0
       0
       0
       0
       0
       0
       0
       0
       0
       0
       0
       0
       0
       0
       0
       0
       0
       0
       0
       0
       0
       0
       0
       0
       0
       0
       0
       0
       0
       0
       0
       0
       0
       0
       0
       0
       0
       0
       0
       0
       0
       0
       0
       0
       0
       0
       0
       0
       0
       0
       0
       0
       0
       0
       0
       0
       0
       0
       0
       0
       0
       0
       0
       0
       0
       0
       0
       0
       0
       0
       0
       0
       0
       0
       0
       0
       0
       0
       0
       0
       0
       0
       0
       0
       0
       0
       0
       0
       0
       0
       0
       0
       0
       0
       0
       0
       0
       0
       0
       0
       0
       0
       0
       0
       0
       0
       0
       0
       0
       0
       0
       0
       0
       0
       0
       0
       0
       0
       0
       0
       0
       0
       0
       0
       0
       0
       0
       0
       0
       0
       0
       0
       0
       0
       0
       0
       0
       0
       0
       0
       0
       0
       0
       0
       0
       0
       0
       0
       0
       0
       0
       0
       0
       0
       0
       0
       0
       0
       0
       0
       0
       0
       0
       0
       0
       0
       0
       0
       0
       0
       0
       0
       0
       0
$ROI:
0
$PRESETS:
None
0
0
$ENER_FIT:
0.000000 0.000000
$MCA_CAL:
3
0.000000E+000 0.000000E+000 0.000000E+000 
$SHAPE_CAL:
3
0.000000E+000 0.000000E+000 0.000000E+000
