$SPEC_ID:
Run01_Am241
$SPEC_REM:
DET# 1
DETDESC# GRAD-LAB Easy-MCA-2k SN 14127175
AP# Maestro Version 7.01
$DATE_MEA:
10/05/2016 14:18:27
$MEAS_TIM:
448 451
$DATA:
0 2047
       0
       0
       5
      10
       1
       0
       0
       0
       0
       0
       2
       8
      10
     143
    1297
    1477
    1337
    1266
    1106
     978
     705
     531
     431
     295
     239
     197
     187
     166
     178
     147
     130
     130
     125
     125
      99
     100
      96
     106
     100
      94
      94
      88
      81
      88
      97
      95
      79
      77
      90
      89
      71
      72
      64
      76
      74
      79
      77
      71
      62
      71
      60
      75
      68
      48
      58
      64
      64
      66
      62
      62
      55
      56
      59
      55
      52
      39
      58
      50
      65
      53
      50
      56
      52
      56
      52
      46
      43
      52
      45
      53
      50
      57
      45
      56
      64
      44
      52
      51
      46
      50
      48
      49
      46
      42
      51
      45
      41
      59
      51
      43
      50
      39
      44
      60
      50
      45
      50
      45
      43
      51
      56
      39
      43
      34
      29
      44
      45
      36
      54
      41
      35
      45
      31
      44
      49
      41
      37
      43
      41
      52
      47
      44
      52
      42
      45
      34
      48
      36
      52
      41
      39
      36
      32
      35
      30
      48
      45
      27
      34
      53
      38
      45
      38
      53
      39
      48
      35
      37
      32
      41
      41
      42
      47
      44
      41
      33
      51
      34
      39
      40
      46
      43
      33
      31
      36
      45
      35
      32
      38
      38
      39
      37
      44
      45
      31
      36
      32
      40
      36
      38
      31
      36
      31
      33
      33
      33
      39
      31
      34
      43
      28
      39
      37
      43
      45
      40
      26
      39
      25
      38
      34
      28
      24
      28
      33
      29
      32
      33
      40
      23
      33
      27
      39
      23
      33
      30
      41
      30
      25
      40
      31
      40
      29
      38
      35
      28
      23
      33
      31
      32
      28
      25
      28
      33
      32
      24
      31
      35
      32
      37
      35
      28
      19
      23
      21
      31
      32
      37
      27
      31
      42
      41
      31
      35
      28
      26
      22
      32
      28
      40
      31
      33
      33
      27
      27
      28
      36
      25
      34
      31
      32
      31
      30
      33
      37
      33
      33
      45
      33
      34
      37
      24
      30
      35
      25
      34
      40
      29
      48
      47
      45
      27
      31
      34
      32
      35
      44
      33
      31
      38
      43
      35
      37
      52
      38
      44
      37
      27
      45
      39
      35
      46
      49
      47
      36
      44
      55
      54
      53
      47
      50
      49
      46
      64
      50
      49
      51
      50
      48
      59
      59
      51
      54
      62
      45
      57
      50
      67
      56
      56
      50
      74
      74
      55
      52
      67
      66
      82
      72
      68
      73
      77
      86
      95
      91
     102
      97
     109
     100
     105
     103
     115
     110
      94
     128
     128
     147
     143
     163
     150
     149
     181
     187
     210
     246
     198
     182
     205
     210
     186
     184
     150
     143
      86
      89
      66
      55
      49
      46
      47
      50
      39
      27
      41
      31
      39
      42
      34
      42
      37
      45
      44
      39
      48
      49
      52
      53
      56
      49
      59
      47
      59
      78
      59
      53
      54
      76
      69
      69
      64
      78
      76
      81
      76
      94
      77
      88
     103
      92
     112
     116
     121
     113
     134
     161
     139
     137
     138
     164
     163
     200
     173
     193
     212
     235
     221
     236
     239
     280
     275
     242
     218
     200
     184
     181
     128
     118
      98
      79
      65
      65
      28
      36
      19
      25
      17
      15
      17
      13
      12
       8
      12
       8
      10
      12
      13
       4
      14
      11
      13
       6
       4
       4
       5
       3
       8
       7
       8
       8
       8
       9
      13
       9
      11
       6
      11
      11
       4
      11
       9
      14
      13
      10
      12
      16
      11
      14
       7
      19
      14
      16
      19
      19
      18
      21
      19
      20
      32
      24
      33
      29
      36
      45
      42
      51
      49
      44
      42
      35
      38
      23
      33
      22
      18
      12
      16
      20
      19
      16
      10
       4
      17
      27
      12
      17
       9
       9
      11
       7
       7
      11
       4
       3
       2
       3
       1
       2
       2
       3
       0
       1
       2
       3
       3
       4
       5
       3
       2
       1
       1
       0
       4
       1
       2
       2
       3
       1
       2
       2
       2
       2
       2
       3
       3
       2
       2
       5
       4
       2
       1
       0
       2
       1
       3
       2
       0
       5
       1
       2
       1
       2
       6
       2
       3
       1
       1
       3
       2
       1
       0
       3
       1
       4
       3
       2
       3
       2
       1
       1
       1
       2
       2
       1
       2
       3
       2
       2
       5
       4
       4
       3
       4
       4
       2
       6
       4
       6
       2
       4
       4
       1
       0
       3
       5
       2
       4
       4
       6
       2
       1
       3
       4
       4
       5
       3
       0
       5
       4
       1
       2
       6
       0
       5
       5
       4
       5
       4
       8
       5
       4
       3
       3
       3
       6
       5
       4
       4
       9
       4
       8
       3
       3
       3
       4
       4
       4
       6
       8
       8
       6
      10
       3
       5
       7
       4
       6
       4
       4
       9
       1
       6
       7
       4
       5
       1
       6
       3
       6
       3
       2
       2
       3
       0
       6
       2
       2
       1
       1
       3
       0
       2
       2
       1
       3
       1
       5
       1
       1
       1
       2
       1
       4
       1
       0
       3
       4
       0
       2
       3
       3
       2
       1
       3
       4
       3
       1
       2
       2
       3
       3
       2
       0
       4
       4
       7
       4
       5
       2
       2
       2
       3
       7
       2
       3
       3
       6
       8
       3
       2
       8
       4
       5
       3
       2
       1
       2
       4
       4
       1
       5
       4
       4
       1
       0
       3
       6
       4
       2
       4
       0
       3
       0
       0
       1
       0
       2
       0
       5
       1
       4
       3
       2
       1
       1
       2
       2
       3
       0
       1
       2
       1
       1
       4
       3
       3
       3
       3
       3
       3
       2
       1
       3
       1
       7
       2
       2
       3
       3
       2
       2
       2
       4
       4
       4
       0
       0
       5
       3
       2
       3
       3
       4
       4
       2
       6
       0
       0
       3
       1
       2
       5
       0
       0
       2
       0
       1
       0
       1
       1
       4
       1
       1
       2
       1
       1
       4
       1
       1
       1
       0
       4
       0
       0
       0
       1
       2
       2
       4
       1
       5
       0
       3
       0
       3
       0
       3
       5
       4
       1
       1
       1
       2
       0
       0
       0
       3
       0
       1
       0
       0
       0
       2
       1
       2
       0
       1
       0
       2
       0
       3
       1
       1
       4
       2
       1
       1
       2
       1
       0
       1
       1
       3
       3
       2
       0
       0
       2
       2
       1
       0
       0
       0
       0
       1
       1
       3
       0
       0
       0
       1
       1
       0
       1
       1
       2
       0
       1
       4
       0
       3
       1
       0
       0
       0
       0
       0
       3
       0
       1
       0
       0
       0
       1
       0
       0
       0
       0
       0
       0
       0
       0
       3
       1
       0
       1
       0
       1
       1
       3
       0
       2
       2
       0
       1
       1
       0
       1
       1
       1
       0
       1
       1
       1
       1
       0
       0
       0
       2
       1
       1
       0
       3
       1
       0
       0
       1
       1
       0
       3
       0
       0
       0
       0
       0
       0
       0
       0
       0
       0
       0
       1
       0
       1
       1
       0
       0
       0
       0
       1
       0
       1
       1
       1
       0
       0
       0
       0
       0
       0
       4
       1
       0
       1
       1
       1
       0
       0
       0
       1
       0
       0
       1
       0
       0
       0
       0
       0
       0
       0
       0
       0
       1
       0
       1
       0
       0
       0
       0
       1
       1
       1
       0
       0
       1
       0
       0
       1
       1
       1
       1
       1
       0
       0
       0
       1
       0
       2
       0
       1
       0
       1
       4
       1
       0
       0
       0
       0
       0
       0
       0
       0
       2
       1
       1
       0
       1
       0
       1
       0
       1
       0
       0
       0
       0
       1
       0
       0
       1
       1
       1
       0
       0
       0
       0
       0
       2
       0
       0
       0
       0
       1
       0
       2
       0
       0
       0
       0
       0
       0
       0
       0
       0
       1
       1
       0
       0
       0
       0
       0
       0
       0
       1
       0
       0
       0
       1
       1
       0
       0
       0
       1
       0
       2
       0
       0
       0
       0
       0
       0
       2
       0
       1
       0
       1
       1
       0
       0
       0
       0
       0
       0
       0
       1
       0
       0
       0
       0
       1
       0
       1
       1
       1
       2
       0
       0
       0
       0
       0
       0
       1
       0
       1
       0
       0
       0
       1
       0
       0
       1
       1
       0
       0
       0
       0
       0
       0
       0
       0
       1
       1
       0
       0
       0
       0
       1
       0
       0
       0
       0
       0
       0
       1
       1
       1
       0
       0
       0
       0
       0
       0
       0
       0
       0
       0
       0
       0
       0
       0
       0
       0
       0
       1
       0
       0
       0
       0
       0
       0
       1
       0
       0
       0
       0
       0
       1
       0
       0
       1
       0
       1
       0
       0
       0
       0
       0
       0
       0
       0
       0
       0
       0
       0
       0
       0
       0
       0
       0
       0
       0
       1
       1
       0
       0
       1
       0
       0
       0
       0
       0
       0
       0
       0
       0
       0
       0
       0
       0
       0
       0
       1
       0
       0
       0
       0
       1
       0
       0
       1
       0
       0
       0
       0
       1
       0
       0
       0
       0
       0
       0
       0
       0
       0
       0
       0
       0
       0
       0
       0
       1
       0
       0
       0
       0
       0
       0
       1
       0
       0
       0
       0
       0
       0
       0
       0
       1
       0
       0
       0
       0
       0
       0
       0
       0
       0
       0
       0
       0
       0
       0
       0
       0
       0
       0
       0
       0
       0
       0
       0
       0
       0
       0
       0
       0
       0
       1
       0
       0
       0
       0
       0
       0
       0
       0
       0
       0
       0
       0
       2
       0
       0
       0
       0
       0
       0
       0
       0
       0
       0
       0
       0
       0
       0
       0
       0
       0
       0
       0
       0
       0
       0
       0
       0
       0
       0
       0
       0
       0
       0
       0
       0
       0
       0
       0
       0
       0
       0
       0
       0
       0
       0
       0
       0
       0
       0
       0
       0
       0
       0
       0
       0
       0
       0
       0
       0
       0
       0
       0
       0
       0
       0
       1
       0
       0
       0
       0
       0
       0
       0
       0
       0
       0
       0
       0
       0
       0
       0
       0
       0
       0
       0
       0
       0
       0
       0
       0
       0
       0
       1
       0
       1
       0
       0
       1
       0
       0
       0
       0
       0
       0
       0
       0
       0
       0
       0
       0
       0
       0
       0
       0
       0
       0
       0
       0
       0
       0
       0
       2
       0
       0
       0
       0
       0
       0
       0
       0
       0
       0
       0
       0
       0
       0
       0
       0
       0
       0
       0
       0
       0
       0
       0
       0
       0
       0
       0
       0
       0
       0
       0
       0
       0
       0
       0
       0
       0
       0
       0
       0
       0
       0
       0
       0
       0
       0
       0
       0
       0
       0
       0
       0
       0
       0
       0
       0
       0
       0
       0
       0
       0
       0
       0
       0
       0
       0
       0
       0
       0
       0
       0
       0
       0
       0
       0
       0
       0
       0
       0
       0
       0
       0
       0
       0
       0
       0
       0
       0
       0
       0
       0
       0
       0
       0
       0
       0
       0
       0
       0
       0
       0
       0
       0
       0
       0
       0
       0
       0
       0
       0
       0
       0
       0
       0
       0
       0
       0
       0
       0
       0
       0
       0
       0
       0
       0
       0
       0
       0
       0
       0
       0
       0
       0
       0
       0
       0
       0
       0
       0
       0
       0
       0
       0
       0
       0
       0
       0
       0
       0
       0
       0
       0
       0
       0
       0
       0
       0
       0
       0
       0
       0
       0
       0
       0
       0
       0
       0
       0
       0
       0
       0
       0
       0
       0
       0
       0
       0
       0
       0
       0
       0
       0
       0
       0
       0
       0
       0
       0
       0
       0
       0
       0
       0
       0
       0
       0
       0
       0
       0
       0
       0
       0
       0
       0
       0
       0
       0
       0
       0
       0
       0
       0
       0
       0
       0
       0
       0
       0
       0
       0
       0
       0
       0
       0
       0
       0
       0
       0
       0
       0
       0
       0
       0
       0
       0
       0
       0
       0
       0
       0
       0
       0
       0
       0
       0
       0
       0
       0
       0
       0
       0
       0
       0
       0
       0
       0
       0
       0
       0
       0
       0
       0
       0
       0
       0
       0
       0
       0
       0
       0
       0
       0
       0
       0
       0
       0
       0
       0
       0
       0
       0
       0
       0
       0
       0
       0
       0
       0
       0
       0
       0
       0
       0
       0
       0
       0
       0
       0
       0
       0
       0
       0
       0
       0
       0
       0
       0
       0
       0
       0
       0
       0
       0
       0
       0
       0
       0
       0
       0
       0
       0
       0
       0
       0
       0
       0
       0
       0
       0
       0
       0
       0
       0
       0
       0
       0
       0
       0
       0
       0
       0
       0
       0
       0
       0
       0
       0
       0
       0
       0
       0
       0
       0
       0
       0
       0
       0
       0
       0
       0
       0
       0
       0
       0
       0
       0
       0
       0
       0
       0
       0
       0
       0
       0
       0
       0
       0
       0
       0
       0
       0
       0
       0
       0
       0
       0
       0
       0
       0
       0
       0
       0
       0
       0
       0
       0
       0
       0
       0
       0
       0
       0
       0
       0
       0
       0
       0
       0
       0
       0
       0
       0
       0
       0
       0
       0
       0
       0
       0
       0
       0
       0
       0
       0
       0
       0
       0
       0
       0
       0
       0
       0
       0
       0
       0
       0
       0
       0
       0
       0
       0
       0
       0
       0
       0
       0
       0
       0
       0
       0
       0
       0
       0
       0
       0
       0
       0
       0
       0
       0
       0
       0
       0
       0
       0
       0
       0
       0
       0
       0
       0
       0
       0
       0
       0
       0
       0
       0
       0
       0
       0
       0
       0
       0
       0
       0
       0
       0
       0
       0
       0
       0
       0
       0
       0
       0
       0
       0
       0
       0
       0
       0
       0
       0
       0
       0
       0
       0
       0
       0
       0
$ROI:
0
$PRESETS:
None
0
0
$ENER_FIT:
0.000000 0.000000
$MCA_CAL:
3
0.000000E+000 0.000000E+000 0.000000E+000 
$SHAPE_CAL:
3
0.000000E+000 0.000000E+000 0.000000E+000
