$SPEC_ID:
Run01_Am241
$SPEC_REM:
DET# 1
DETDESC# GRAD-LAB Easy-MCA-2k SN 14127175
AP# Maestro Version 7.01
$DATE_MEA:
10/10/2016 14:21:21
$MEAS_TIM:
105 106
$DATA:
0 2047
       0
       0
       0
       0
       0
       0
       0
       0
       0
       0
       1
       0
       0
       0
       2
       0
       0
       0
       0
       0
       0
       0
       0
       0
       0
       0
       0
       0
       0
       0
       0
       0
       0
       0
       0
       0
       0
       0
       0
       0
       0
       0
       0
       0
       0
       1
       0
       0
       0
       0
       1
       0
       0
       0
       0
       0
       0
       1
       0
       1
       0
       1
       0
       1
       1
       1
       2
       1
       0
       0
       0
       0
       1
       0
       0
       1
       1
       0
       0
       1
       0
       1
       0
       1
       1
       0
       1
       2
       0
       3
       0
       1
       2
       3
       0
       0
       2
       0
       3
       1
       1
       2
       2
       0
       0
       0
       2
       0
       0
       2
       0
       0
       1
       1
       1
       1
       0
       0
       0
       2
       0
       0
       1
       1
       1
       3
       0
       3
       0
       1
       1
       0
       0
       2
       1
       2
       2
       2
       2
       1
       1
       0
       2
       1
       3
       1
       0
       0
       1
       3
       0
       0
       2
       0
       2
       0
       0
       1
       1
       1
       0
       0
       1
       0
       0
       1
       1
       1
       1
       2
       1
       0
       3
       1
       2
       2
       4
       0
       2
       1
       1
       2
       1
       0
       2
       0
       2
       1
       1
       4
       0
       1
       2
       0
       2
       3
       1
       4
       0
       2
       2
       3
       1
       0
       0
       0
       2
       1
       2
       1
       2
       0
       0
       4
       4
       0
       2
       0
       5
       3
       3
       2
       1
       2
       1
       2
       1
       4
       2
       1
       1
       0
       1
       1
       1
       2
       2
       0
       3
       0
       2
       2
       2
       2
       0
       0
       1
       0
       0
       1
       3
       0
       4
       2
       1
       0
       1
       2
       2
       2
       2
       1
       5
       0
       5
       0
       1
       2
       1
       2
       1
       1
       1
       1
       2
       1
       1
       3
       0
       1
       1
       1
       0
       1
       2
       2
       0
       2
       0
       2
       2
       3
       0
       3
       1
       1
       1
       2
       4
       2
       1
       1
       1
       2
       2
       2
       4
       5
       3
       4
       5
       2
       2
       3
       2
       1
       1
       2
       1
       3
       2
       1
       1
       0
       1
       2
       2
       4
       0
       4
       0
       1
       1
       3
       2
       2
       0
       1
       4
       3
       0
       3
       2
       2
       1
       1
       2
       2
       3
       1
       1
       1
       2
       2
       3
       2
       1
       2
       1
       1
       1
       1
       1
       0
       1
       2
       1
       2
       1
       2
       0
       1
       1
       1
       2
       1
       1
       3
       6
       0
       0
       1
       0
       0
       0
       2
       1
       3
       2
       1
       0
       4
       0
       1
       0
       3
       1
       1
       1
       3
       0
       3
       3
       2
       2
       2
       1
       0
       2
       2
       2
       0
       1
       2
       1
       1
       0
       1
       1
       0
       1
       0
       0
       0
       1
       4
       1
       4
       5
       6
       3
       1
       7
       4
       5
       5
       1
       3
       2
       1
       3
       3
       2
       1
       0
       1
       1
       2
       1
       0
       1
       1
       4
       1
       2
       1
       1
       1
       1
       1
       1
       0
       2
       0
       1
       2
       0
       0
       1
       4
       7
       0
       3
       3
       2
       3
       2
       3
       4
       2
       4
       2
       1
       1
       0
       3
       2
       3
       2
       1
       4
       2
       2
       1
       3
       2
       1
       3
       1
       1
       3
       2
       2
       0
       1
       1
       3
       2
       0
       3
       3
       1
       0
       2
       2
       0
       1
       4
       5
       1
       2
       4
       5
       8
       0
       4
       2
       1
       1
       3
       2
       1
       0
       2
       3
       1
       1
       1
       3
       2
       2
       2
       1
       1
       2
       2
       0
       2
       2
       1
       4
       2
       5
       4
       2
       4
       4
       3
       5
       0
       6
       1
       2
       1
       2
       1
       2
       5
       3
       5
       2
       1
       1
       1
       1
       1
       1
       1
       1
       3
       4
       1
       2
       1
       1
       1
       1
       2
       1
       3
       2
       0
       2
       2
       1
       1
       0
       5
       4
       1
       2
       2
       2
       2
       6
       4
       5
       2
       2
       1
       0
       5
       3
       4
       3
       0
       0
       4
       5
       5
       3
       1
       5
       1
       5
       4
       3
       1
       5
       0
       4
       2
       5
       4
       2
       3
       5
       3
       7
       3
       5
       6
       7
       5
       7
       4
       4
       5
       3
       1
       2
       7
       6
       9
       6
       2
       4
       5
       6
       3
       5
       5
      11
       9
       7
       7
       8
       5
      11
       5
      13
       3
       9
       9
      10
       8
       6
       7
       8
       9
      11
       9
      12
       3
       8
      13
      11
      12
      15
      12
       9
      10
      10
      15
      19
      15
      21
      28
      17
      26
      28
      31
      57
      62
      67
      72
     104
     141
     174
     222
     238
     269
     306
     362
     376
     364
     430
     335
     378
     314
     243
     204
     160
     131
      88
      62
      29
      26
      23
      16
       5
       7
       7
       2
       3
       5
       3
       6
       0
       1
       5
       6
       3
       4
       3
       4
       2
       3
       4
       7
       4
       3
       1
       3
       3
       1
       2
       3
       4
       1
       3
       2
       1
       2
       4
       4
       8
       3
       3
       2
       3
       2
       2
       3
       4
       2
       1
       0
       1
       3
       1
       7
       4
       3
       3
       4
       3
       7
       7
       6
       2
      10
       8
       6
       8
      18
      20
      28
      49
      41
      48
      60
      52
      65
      63
      54
      39
      49
      33
      25
      21
      19
      17
      12
       7
       6
       9
       9
       6
       7
      13
       9
       3
       5
       3
       7
       2
       2
       3
       0
       0
       1
       1
       0
       0
       1
       1
       1
       1
       2
       0
       2
       1
       0
       1
       0
       2
       1
       0
       0
       0
       0
       0
       0
       0
       0
       0
       0
       0
       1
       0
       0
       0
       0
       0
       0
       0
       1
       0
       1
       0
       0
       1
       0
       0
       0
       0
       1
       0
       0
       0
       2
       0
       1
       0
       0
       0
       0
       0
       0
       0
       1
       0
       0
       0
       1
       1
       0
       0
       0
       1
       1
       0
       0
       3
       1
       0
       1
       0
       0
       0
       1
       0
       2
       0
       0
       0
       0
       0
       0
       0
       2
       1
       2
       1
       0
       1
       0
       0
       0
       2
       0
       0
       0
       1
       0
       2
       0
       0
       0
       1
       1
       0
       0
       0
       0
       0
       0
       0
       0
       0
       0
       0
       0
       0
       0
       1
       0
       0
       1
       1
       2
       0
       0
       0
       0
       0
       0
       0
       1
       0
       0
       0
       0
       0
       0
       1
       0
       1
       0
       0
       1
       0
       1
       0
       0
       1
       0
       0
       1
       2
       0
       0
       0
       0
       0
       1
       0
       1
       0
       0
       1
       0
       0
       3
       0
       0
       0
       0
       1
       0
       0
       1
       3
       1
       1
       1
       0
       0
       0
       0
       0
       0
       0
       0
       0
       0
       1
       0
       0
       0
       0
       1
       1
       0
       0
       0
       0
       0
       0
       0
       0
       1
       0
       0
       0
       1
       0
       0
       0
       0
       0
       0
       1
       2
       0
       0
       0
       0
       0
       0
       1
       0
       0
       0
       0
       0
       0
       0
       2
       0
       0
       0
       0
       0
       0
       1
       0
       0
       0
       0
       0
       1
       0
       0
       0
       0
       0
       0
       0
       0
       0
       0
       0
       1
       0
       0
       0
       0
       0
       0
       0
       0
       0
       1
       0
       0
       1
       0
       0
       0
       0
       0
       1
       0
       0
       0
       1
       0
       0
       0
       0
       0
       0
       0
       0
       0
       0
       0
       0
       1
       0
       1
       0
       0
       0
       0
       1
       0
       0
       0
       0
       0
       0
       0
       0
       0
       0
       0
       0
       0
       0
       0
       0
       0
       1
       0
       1
       1
       0
       0
       0
       0
       0
       0
       1
       0
       0
       1
       0
       1
       0
       0
       0
       0
       0
       1
       0
       0
       0
       1
       0
       0
       0
       0
       0
       1
       0
       1
       1
       0
       1
       0
       0
       0
       0
       0
       0
       0
       0
       0
       0
       0
       0
       0
       0
       0
       0
       0
       0
       0
       0
       0
       0
       0
       0
       0
       1
       1
       0
       0
       1
       1
       1
       0
       0
       0
       0
       1
       1
       0
       0
       0
       0
       0
       1
       0
       0
       0
       1
       0
       0
       0
       0
       0
       0
       0
       0
       0
       1
       0
       3
       1
       0
       0
       1
       0
       0
       1
       0
       2
       0
       0
       1
       1
       0
       1
       1
       0
       0
       0
       0
       0
       0
       1
       0
       0
       1
       1
       0
       0
       0
       0
       0
       0
       1
       0
       0
       0
       1
       0
       0
       0
       0
       0
       1
       0
       0
       0
       0
       1
       1
       0
       0
       0
       0
       0
       0
       0
       0
       1
       0
       0
       1
       0
       1
       0
       1
       0
       0
       0
       0
       0
       0
       0
       0
       2
       0
       0
       1
       1
       0
       0
       0
       0
       0
       0
       0
       0
       0
       0
       0
       0
       1
       0
       1
       1
       0
       1
       1
       1
       0
       0
       1
       0
       0
       0
       0
       0
       1
       0
       1
       0
       0
       0
       0
       0
       0
       0
       0
       0
       0
       1
       0
       0
       0
       0
       0
       2
       0
       0
       0
       0
       0
       1
       0
       1
       1
       1
       0
       0
       1
       1
       0
       0
       0
       0
       0
       1
       1
       0
       1
       2
       2
       0
       0
       0
       0
       0
       0
       1
       0
       0
       0
       0
       0
       0
       0
       0
       1
       1
       0
       0
       0
       0
       0
       1
       0
       1
       0
       0
       0
       1
       1
       0
       0
       0
       0
       0
       0
       0
       0
       0
       1
       0
       0
       0
       1
       0
       0
       0
       0
       0
       0
       1
       0
       0
       1
       0
       0
       0
       1
       0
       0
       0
       0
       0
       0
       0
       0
       0
       0
       0
       1
       0
       0
       0
       0
       0
       1
       0
       0
       0
       0
       0
       0
       1
       0
       0
       0
       0
       0
       0
       0
       0
       0
       0
       0
       0
       0
       0
       0
       1
       0
       0
       0
       0
       1
       0
       1
       0
       0
       0
       0
       0
       0
       0
       1
       0
       0
       0
       0
       0
       0
       0
       0
       0
       0
       0
       0
       0
       0
       1
       0
       0
       5
       2
       0
       0
       0
       0
       0
       0
       0
       0
       0
       0
       0
       0
       0
       0
       0
       0
       0
       0
       0
       0
       0
       0
       0
       0
       0
       0
       0
       0
       0
       0
       0
       0
       0
       0
       0
       0
       0
       0
       0
       0
       0
       0
       0
       0
       0
       0
       0
       0
       0
       0
       0
       0
       0
       0
       0
       0
       0
       0
       0
       0
       0
       0
       0
       0
       0
       0
       0
       0
       0
       0
       0
       0
       0
       0
       0
       0
       0
       0
       0
       0
       0
       0
       0
       0
       0
       0
       0
       0
       0
       0
       0
       0
       0
       0
       0
       0
       0
       0
       0
       0
       0
       0
       0
       0
       0
       0
       0
       0
       0
       0
       0
       0
       0
       0
       0
       0
       0
       0
       0
       0
       0
       0
       0
       0
       0
       0
       0
       0
       0
       0
       0
       0
       0
       0
       0
       0
       0
       0
       0
       0
       0
       0
       0
       0
       0
       0
       0
       0
       0
       0
       0
       0
       0
       0
       0
       0
       0
       0
       0
       0
       0
       0
       0
       0
       0
       0
       0
       0
       0
       0
       0
       0
       0
       0
       0
       0
       0
       0
       0
       0
       0
       0
       0
       0
       0
       0
       0
       0
       0
       0
       0
       0
       0
       0
       0
       0
       0
       0
       0
       0
       0
       0
       0
       0
       0
       0
       0
       0
       0
       0
       0
       0
       0
       0
       0
       0
       0
       0
       0
       0
       0
       0
       0
       0
       0
       0
       0
       0
       0
       0
       0
       0
       0
       0
       0
       0
       0
       0
       0
       0
       0
       0
       0
       0
       0
       0
       0
       0
       0
       0
       0
       0
       0
       0
       0
       0
       0
       0
       0
       0
       0
       0
       0
       0
       0
       0
       0
       0
       0
       0
       0
       0
       0
       0
       0
       0
       0
       0
       0
       0
       0
       0
       0
       0
       0
       0
       0
       0
       0
       0
       0
       0
       0
       0
       0
       0
       0
       0
       0
       0
       0
       0
       0
       0
       0
       0
       0
       0
       0
       0
       0
       0
       0
       0
       0
       0
       0
       0
       0
       0
       0
       0
       0
       0
       0
       0
       0
       0
       0
       0
       0
       0
       0
       0
       0
       0
       0
       0
       0
       0
       0
       0
       0
       0
       0
       0
       0
       0
       0
       0
       0
       0
       0
       0
       0
       0
       0
       0
       0
       0
       0
       0
       0
       0
       0
       0
       0
       0
       0
       0
       0
       0
       0
       0
       0
       0
       0
       0
       0
       0
       0
       0
       0
       0
       0
       0
       0
       0
       0
       0
       0
       0
       0
       0
       0
       0
       0
       0
       0
       0
       0
       0
       0
       0
       0
       0
       0
       0
       0
       0
       0
       0
       0
       0
       0
       0
       0
       0
       0
       0
       0
       0
       0
       0
       0
       0
       0
       0
       0
       0
       0
       0
       0
       0
       0
       0
       0
       0
       0
       0
       0
       0
       0
       0
       0
       0
       0
       0
       0
       0
       0
       0
       0
       0
       0
       0
       0
       0
       0
       0
       0
       0
       0
       0
       0
       0
       0
       0
       0
       0
       0
       0
       0
       0
       0
       0
       0
       0
       0
       0
       0
       0
       0
       0
       0
       0
       0
       0
       0
       0
       0
       0
       0
       0
       0
       0
       0
       0
       0
       0
       0
       0
       0
       0
       0
       0
       0
       0
       0
       0
       0
$ROI:
0
$PRESETS:
None
0
0
$ENER_FIT:
0.000000 0.000000
$MCA_CAL:
3
0.000000E+000 0.000000E+000 0.000000E+000 
$SHAPE_CAL:
3
0.000000E+000 0.000000E+000 0.000000E+000
