$SPEC_ID:
Run01_Am241
$SPEC_REM:
DET# 1
DETDESC# GRAD-LAB Easy-MCA-2k SN 14127175
AP# Maestro Version 7.01
$DATE_MEA:
10/10/2016 14:33:18
$MEAS_TIM:
258 262
$DATA:
0 2047
       0
       0
       0
       0
       0
       0
       0
       0
       0
       0
       0
       0
       2
       0
       0
       1
       0
       0
       0
       0
       0
       0
       0
       0
       0
       0
       0
       0
       0
       0
       0
       0
       0
       1
       0
       1
       1
       0
       1
       0
       1
       0
       1
       0
       1
       0
       0
       0
       1
       0
       0
       2
       1
       0
       0
       1
       0
       4
       0
       0
       2
       1
       0
       1
       1
       1
       3
       2
       3
       1
       1
       1
       3
       5
       2
       1
       4
       3
       1
       1
       1
       3
       2
       0
       3
       0
       3
       6
       7
       7
       4
       5
       4
       1
       4
       6
       8
       3
       5
       2
       4
       5
       7
       4
       2
       5
       8
       7
       6
       7
       6
       5
       3
       7
       3
       4
       8
       9
       3
       4
       3
       0
       6
       5
       6
       3
      12
       7
       6
       5
       4
       4
       5
       7
       5
       2
       7
       8
       7
       3
      11
       8
       6
       6
       6
      11
       4
       5
       9
       4
       5
       4
       3
       5
       5
       7
       5
       4
       8
       5
       7
       8
       2
       4
       8
       7
       5
       6
       7
       3
       5
       7
       5
       5
       4
       9
       7
       8
       7
       7
       3
       5
      10
       6
      10
       6
       6
       9
       8
       4
       5
       6
       9
       7
       6
       3
       6
      11
       8
       6
       7
      10
       5
       8
       5
       9
       3
       5
       9
       6
       5
       7
       6
      10
       4
       6
      13
       8
       6
       5
      12
       6
      10
       4
       6
       9
      10
       8
       8
       4
       6
       6
       7
       5
      10
       7
      10
       8
       6
       4
      12
       5
       5
       9
       5
      10
      13
      10
       5
       3
       4
      11
       8
      10
       7
       4
       9
       8
       4
      13
       7
      15
       8
      14
      13
      15
      13
      15
       9
       5
       9
       9
       8
       9
       7
      13
       9
       7
      14
       3
      10
       6
       6
       7
      11
      10
      14
      13
      10
       9
       9
       6
       7
      11
      11
       7
      13
       8
      11
       6
       6
      11
      10
      10
       5
       9
      13
      13
      15
      13
      11
      11
       8
      12
       5
      10
       8
      11
       9
       6
       7
      11
       9
      14
      14
       6
      10
      15
      11
       9
       8
      14
      11
       7
      12
       9
      10
      13
       6
       7
       9
      10
       6
      12
      10
      11
       9
      10
       8
       7
      10
      12
       9
      11
      10
      12
      19
       9
      15
      13
      15
      12
       8
       6
       8
      17
      13
      10
      19
      17
      23
      19
      39
      32
      48
      52
      47
      67
      72
      78
      65
      63
      67
      53
      47
      28
      26
      19
      16
      19
      14
      14
      16
      18
      20
      15
      18
      12
      12
      10
      17
      11
      16
      19
      21
      12
      16
      18
      23
      25
      21
      33
      24
      23
      29
      37
      27
      30
      36
      57
      43
      71
      82
     109
     149
     182
     248
     366
     437
     623
     786
     929
    1088
    1165
    1271
    1190
    1081
     857
     741
     549
     426
     277
     171
     124
      60
      47
      25
      24
      21
      13
      16
      18
      12
      10
      16
      21
       9
      11
      17
      17
      28
      38
      13
      24
      33
      31
      27
      30
      33
      32
      23
      28
      12
      19
      10
      17
      16
       9
      17
      25
      13
      14
       7
      18
      15
      15
      19
      16
      18
      13
      25
      28
      30
      30
      32
      35
      36
      52
      49
      78
      62
      69
      78
      82
      76
      90
     123
     124
     128
     172
     223
     236
     318
     405
     557
     701
     771
     883
     914
     901
     856
     802
     657
     478
     393
     315
     248
     164
     106
      81
      70
      59
      55
      42
      44
      46
      34
      29
      34
      14
      21
      10
      11
      10
      15
      11
      11
       2
       8
       5
      10
       4
       8
       9
      11
       7
       1
      12
       3
       6
       3
       3
       1
       0
       6
       8
       1
       7
       4
       6
       5
       2
       2
       3
       4
       9
       5
       3
       4
       6
       4
       4
       7
       9
      11
       9
       6
      14
       7
      15
      14
      12
       4
      14
      13
      10
      13
      21
      17
      24
      40
      53
      57
      65
      68
      83
      76
      68
      58
      55
      54
      50
      35
      41
      19
      18
      21
      23
      12
      28
      18
      22
      32
      20
      22
      25
      19
      15
      12
      14
       8
       5
       1
       6
       6
       4
       4
       2
       3
       6
       6
       5
       4
       6
       6
       3
       5
       6
       3
       2
       6
       3
       1
       8
       2
       6
       3
       3
       4
       0
       5
       5
       3
       2
       2
       4
       5
       6
       5
       2
       3
       2
       4
       2
       3
       5
       1
       3
       4
       2
       5
       2
       5
       6
       2
       1
       5
       2
       2
       0
       1
       6
       5
       6
       6
       5
       3
       3
       2
       0
       1
       4
       3
       4
      13
       2
       6
       7
       2
       6
       8
       5
      15
       7
      12
      17
       7
       8
       9
      14
      14
       7
       5
       7
       3
       5
       5
       3
       4
       7
       7
       2
       1
       2
       1
       3
       1
       2
       4
       3
       1
       3
       3
       4
       2
       3
       1
       3
       1
       1
       4
       2
       0
       4
       0
       2
       0
       2
       1
       2
       2
       2
       4
       2
       2
       3
       1
       5
       0
       4
       2
       0
       3
       1
       2
       3
       2
       4
       0
       2
       2
       3
       2
       2
       1
       4
       4
       6
       1
       2
       5
       8
       4
       3
       4
       1
       4
       4
       2
       5
       1
       5
       2
       3
       2
       2
       4
       2
       7
       4
       2
       2
       2
       6
       4
       0
       3
       6
       3
       4
       4
       1
       2
       4
       3
       3
       3
       3
       3
       2
       3
       4
       4
       1
       3
       3
       2
       1
       2
       3
       2
       3
       3
       6
       3
       2
       3
       1
       3
       2
       1
       3
       2
       3
       1
       3
       7
       4
       3
       5
       2
       2
       5
       3
       2
       1
       4
       2
       2
       2
       3
       8
       6
       2
       0
       2
       2
       3
       5
       2
       3
       5
       3
       4
       2
       2
       4
       3
       1
       5
       3
       3
       1
       1
       2
       1
       4
       4
       0
       2
       1
       2
       2
       3
       2
       2
       5
       2
       1
       0
       2
       0
       1
       3
       5
       3
       2
       4
       5
       4
       2
       4
       5
       2
       3
       2
       4
       4
       2
       1
       2
       1
       5
       3
       4
       3
       2
       6
       2
       2
       2
       3
       1
       2
       2
       5
       1
       0
       1
       4
       3
       2
       1
       2
       1
       3
       2
       1
       0
       2
       0
       1
       1
       0
       2
       2
       2
       1
       1
       0
       1
       1
       0
       1
       0
       1
       0
       1
       0
       1
       2
       0
       3
       1
       0
       0
       1
       1
       2
       2
       4
       0
       1
       2
       0
       0
       1
       3
       1
       0
       2
       3
       0
       1
       1
       2
       1
       2
       0
       2
       1
       1
       1
       1
       3
       2
       1
       4
       2
       1
       0
       2
       1
       3
       1
       0
       5
       1
       0
       4
       0
       1
       0
       2
       0
       1
       0
       4
       2
       0
       0
       1
       0
       0
       2
       1
       2
       1
       0
       0
       1
       0
       2
       0
       2
       0
       0
       1
       0
       0
       1
       2
       1
       1
       0
       0
       0
       0
       0
       1
       0
       0
       1
       0
       0
       1
       2
       0
       2
       0
       0
       0
       0
       1
       1
       1
       2
       1
       1
       0
       0
       1
       0
       0
       0
       0
       1
       0
       0
       0
       1
       2
       0
       0
       0
       0
       1
       0
       0
       0
       0
       0
       1
       1
       0
       0
       1
       0
       1
       1
       0
       0
       0
       0
       0
       1
       0
       0
       1
       0
       0
       0
       0
       0
       0
       1
       0
       0
       0
       0
       0
       2
       0
       1
       0
       0
       0
       0
       0
       0
       0
       1
       0
       1
       0
       0
       1
       1
       0
       0
       0
       0
       1
       1
       0
       0
       2
       0
       0
       0
       1
       0
       0
       0
       0
       0
       0
       0
       0
       0
       0
       0
       0
       0
       0
       0
       0
       0
       1
       0
       0
       0
       0
       0
       0
       1
       1
       0
       0
       0
       0
       0
       0
       0
       0
       0
       0
       0
       0
       0
       0
       1
       0
       0
       0
       0
       0
       0
       0
       0
       0
       0
       0
       0
       0
       0
       0
       0
       0
       0
       0
       0
       0
       0
       0
       0
       0
       1
       0
       0
       0
       0
       2
       1
       1
       0
       0
       0
       1
       0
       0
       0
       0
       0
       0
       0
       0
       0
       0
       0
       0
       0
       0
       0
       0
       0
       0
       0
       0
       0
       0
       1
       0
       0
       0
       0
       0
       0
       0
       1
       0
       0
       0
       1
       0
       0
       0
       0
       0
       1
       0
       0
       0
       0
       0
       1
       0
       0
       0
       0
       0
       0
       0
       0
       1
       0
       0
       0
       0
       0
       1
       0
       0
       0
       1
       0
       0
       0
       0
       0
       0
       0
       0
       0
       0
       0
       0
       0
       0
       0
       0
       1
       0
       0
       0
       0
       0
       0
       1
       0
       0
       0
       0
       0
       0
       0
       0
       0
       0
       0
       0
       0
       0
       0
       0
       0
       1
       0
       0
       0
       0
       0
       0
       0
       0
       0
       0
       0
       0
       0
       0
       0
       0
       0
       0
       0
       0
       1
       0
       0
       0
       0
       0
       0
       0
       0
       0
       0
       0
       0
       0
       0
       0
       0
       0
       0
       0
       0
       0
       1
       0
       0
       0
       0
       0
       0
       0
       0
       1
       0
       0
       0
       0
       0
       0
       0
       0
       0
       0
       0
       1
       0
       0
       0
       0
       1
       0
       0
       0
       0
       0
       0
       1
       0
       0
       0
       0
       0
       0
       0
       0
       0
       0
       0
       0
       0
       0
       0
       0
       0
       0
       0
       0
       0
       1
       1
       0
       0
       0
       0
       0
       0
       0
       1
       0
       0
       0
       0
       0
       0
       0
       0
       0
       0
       0
       0
       0
       0
       0
       0
       0
       0
       0
       0
       0
       0
       0
       0
       0
       0
       0
       0
       0
       0
       0
       0
       0
       0
       0
       0
       0
       0
       0
       0
       1
       1
       0
       0
       0
       0
       0
       0
       0
       0
       0
       0
       0
       0
       0
       0
       0
       0
       0
       0
       0
       0
       0
       0
       0
       0
       0
       0
       0
       0
       0
       0
       0
       0
       0
       0
       0
       0
       0
       0
       0
       0
       0
       0
       0
       0
       0
       0
       0
       0
       0
       0
       0
       0
       0
       0
       0
       0
       0
       0
       0
       0
       0
       0
       0
       0
       0
       0
       0
       0
       0
       0
       0
       0
       0
       0
       0
       0
       0
       0
       0
       0
       0
       0
       0
       0
       0
       0
       0
       0
       0
       0
       0
       0
       0
       0
       0
       0
       0
       0
       0
       0
       0
       0
       0
       0
       0
       0
       0
       0
       0
       0
       0
       0
       0
       0
       0
       0
       0
       0
       0
       0
       0
       0
       0
       0
       0
       0
       0
       0
       0
       0
       0
       0
       0
       0
       0
       0
       0
       0
       0
       0
       0
       0
       0
       0
       0
       0
       0
       0
       0
       0
       0
       0
       0
       0
       0
       0
       0
       0
       0
       0
       0
       0
       0
       0
       0
       0
       0
       0
       0
       0
       0
       0
       0
       0
       0
       0
       0
       0
       0
       0
       0
       0
       0
       0
       0
       0
       0
       0
       0
       0
       0
       0
       0
       0
       0
       0
       0
       0
       0
       0
       0
       0
       0
       0
       0
       0
       0
       0
       0
       0
       0
       0
       0
       0
       0
       0
       0
       0
       0
       0
       0
       0
       0
       0
       0
       0
       0
       0
       0
       0
       0
       0
       0
       0
       0
       0
       0
       0
       0
       0
       0
       0
       0
       0
       0
       0
       0
       0
       0
       0
       0
       0
       0
       0
       0
       0
       0
       0
       0
       0
       0
       0
       0
       0
       0
       0
       0
       0
       0
       0
       0
       0
       0
       0
       0
       0
       0
       0
       0
       0
       0
       0
       0
       0
       0
       0
       0
       0
       0
       0
       0
       0
       0
       0
       0
       0
       0
       0
       0
       0
       0
       0
       0
       0
       0
       0
       0
       0
       0
       0
       0
       0
       0
       0
       0
       0
       0
       0
       0
       0
       0
       0
       0
       0
       0
       0
       0
       0
       0
       0
       0
       0
       0
       0
       0
       0
       0
       0
       0
       0
       0
       0
       0
       0
       0
       0
       0
       0
       0
       0
       0
       0
       0
       0
       0
       0
       0
       0
       0
       0
       0
       0
       0
       0
       0
       0
       0
       0
       0
       0
       0
       0
       0
       0
       0
       0
       0
       0
       0
       0
       0
       0
       0
       0
       0
       0
       0
       0
       0
       0
       0
       0
       0
       0
       0
       0
       0
       0
       0
       0
       0
       0
       0
       0
       0
       0
       0
       0
       0
       0
       0
       0
       0
       0
       0
       0
       0
       0
       0
       0
       0
       0
       0
       0
       0
       0
       0
       0
       0
       0
       0
       0
       0
       0
       0
       0
       0
       0
       0
       0
       0
       0
       0
       0
       0
       0
       0
       0
       0
       0
       0
       0
       0
       0
       0
       0
       0
       0
       0
       0
       0
       0
       0
       0
       0
       0
       0
       0
       0
       0
       0
       0
       0
       0
       0
       0
       0
       0
       0
       0
       0
       0
       0
       0
       0
       0
       0
       0
       0
       0
       0
       0
       0
       0
       0
       0
       0
       0
       0
       0
       0
       0
       0
       0
       0
       0
       0
       0
       0
       0
       0
       0
       0
       0
       0
       0
       0
       0
       0
       0
       0
       0
       0
       0
       0
       0
       0
       0
       0
       0
       0
       0
       0
       0
       0
       0
       0
       0
       0
       0
       0
       0
$ROI:
0
$PRESETS:
None
0
0
$ENER_FIT:
0.000000 0.000000
$MCA_CAL:
3
0.000000E+000 0.000000E+000 0.000000E+000 
$SHAPE_CAL:
3
0.000000E+000 0.000000E+000 0.000000E+000
