$SPEC_ID:
Run01_Am241
$SPEC_REM:
DET# 1
DETDESC# GRAD-LAB Easy-MCA-2k SN 14127175
AP# Maestro Version 7.01
$DATE_MEA:
10/10/2016 12:27:56
$MEAS_TIM:
1360 1374
$DATA:
0 2047
       0
       0
       0
       0
       0
       3
       2
       2
       0
       1
       3
       0
       2
       1
       2
       2
       3
       2
       0
       1
       0
       0
       0
       1
       1
       0
       0
       1
       1
       1
       0
       3
       1
       2
       0
       1
       0
       0
       1
       1
       0
       0
       0
       2
       1
       0
       0
       2
       4
       1
       4
       2
       9
       4
       0
       7
       5
       6
       6
       9
       6
       9
      10
       6
      12
      13
      18
      14
      20
      17
      20
      18
      18
      18
      19
      20
      21
      28
      29
      30
      42
      29
      28
      32
      32
      38
      19
      40
      33
      34
      29
      38
      36
      31
      33
      41
      34
      39
      38
      41
      35
      36
      42
      38
      47
      41
      41
      37
      41
      58
      43
      36
      40
      48
      40
      37
      44
      39
      54
      43
      40
      52
      39
      37
      37
      36
      40
      35
      37
      45
      50
      34
      36
      39
      56
      48
      57
      46
      44
      37
      39
      35
      55
      54
      32
      44
      49
      39
      35
      32
      42
      59
      53
      54
      53
      36
      37
      36
      37
      49
      40
      48
      49
      42
      42
      42
      34
      44
      35
      39
      37
      43
      40
      54
      32
      49
      30
      43
      43
      46
      57
      47
      34
      43
      47
      38
      52
      41
      52
      67
      76
      73
      94
      81
      75
      79
      71
      68
      64
      44
      46
      39
      56
      51
      44
      51
      54
      54
      51
      48
      37
      49
      44
      52
      42
      39
      66
      48
      54
      47
      63
      53
      55
      57
      59
      46
      59
      59
      68
      65
      61
      40
      71
      56
      51
      62
      51
      62
      71
      77
     104
     103
     123
     139
     143
     152
     181
     148
     147
     137
     142
     121
     187
     214
     326
     554
    1007
    1774
    2795
    4405
    6611
    8884
   10885
   12193
   12485
   11487
   10032
    7929
    5717
    3834
    2248
    1311
     749
     382
     214
     106
      90
      80
      70
      76
      87
     147
     203
     286
     392
     606
     870
    1198
    1519
    1769
    1865
    1825
    1663
    1508
    1189
     789
     541
     308
     189
     106
      52
      35
      24
      22
      15
      19
      15
      12
      12
      13
      17
      14
       9
       7
       5
       8
       5
      12
      14
      10
      12
       9
      11
       7
       9
      13
      12
      11
      13
      10
      10
       8
       9
      10
       8
       7
       8
       8
       7
      17
       9
      12
      15
      10
      13
      12
       6
      13
      10
       9
      10
      13
       4
      10
      10
       7
       5
      10
      10
       9
      16
       8
      11
       8
       8
      16
      11
      10
       4
      11
       6
       9
       9
      11
       9
       5
      10
       6
       4
      18
      11
       7
       7
       8
       9
       6
       5
      11
      12
       7
       7
       9
       6
      16
      12
      10
      13
       5
       5
       5
      12
       7
       8
       4
       8
       6
       8
      15
       5
       7
      16
       9
       6
      10
      16
       8
      11
       3
       8
      15
      10
       9
      11
      10
       7
      11
      11
      16
      20
      16
      21
      14
      21
      17
      20
      12
      10
       9
       5
      11
      13
       9
       6
      15
      13
      12
      10
       6
       7
      15
       4
       7
      13
      15
      11
       7
       9
       5
       9
       6
       9
       7
       9
      10
       9
      19
       9
      15
       8
       9
       4
      11
      12
       9
      13
       8
      15
      10
       5
      16
      10
      11
       6
      20
      15
      10
       7
      16
       8
      15
       8
       9
      13
      15
      11
      16
      15
      12
       7
      10
      18
      14
      13
      13
      15
      17
      17
      14
      18
      18
      18
      20
      26
      25
      30
      27
      20
      36
      22
      29
      40
      23
      25
      20
      23
      26
      21
      10
       9
       9
      13
       5
       5
       8
       4
       5
       8
      14
      10
       6
       7
       7
       6
       9
       8
      10
       9
      11
       8
       6
       7
      10
       4
       1
       9
       4
       2
       5
       5
       4
       8
       7
       7
       6
       8
       5
       6
       4
       3
       3
       8
       8
       2
       3
       7
       6
       4
       1
       8
       1
       1
       1
       7
       4
       2
       2
       0
       4
       4
       6
       1
       7
       7
       6
       4
       7
       2
       6
       1
       5
       4
       4
       5
       6
       3
       2
       2
       3
       5
       3
       6
       3
       5
       4
       1
       7
       2
       3
       5
       4
       4
       3
       6
       2
       2
       5
       5
       6
       2
       3
       2
       3
       3
       1
       7
       6
       7
       3
       2
       9
       5
       2
       6
       6
       4
       4
       7
       5
       3
       3
       4
       4
       2
       5
       6
       3
       6
       5
       7
       7
       8
       5
       4
       6
       8
       3
      14
       9
      11
       6
      10
      12
       8
      11
      11
       9
       7
      11
      12
      15
      16
      22
      12
      10
      18
      17
      13
      19
      17
      23
      17
      16
      15
      15
      13
       9
      12
      10
       9
      17
       7
      22
      18
      16
      22
      20
      14
      23
      29
      36
      21
      39
      27
      32
      30
      25
      25
      24
      19
      18
       9
       8
       8
       6
       7
      10
       0
       6
       9
       6
       5
       5
       4
       6
       7
       4
       8
       2
       8
       1
       6
       5
      11
       8
       5
       9
       5
      13
       7
       2
       5
       9
       6
       5
       5
       4
       3
       9
       7
       5
       5
       8
       7
       5
       7
       6
       9
       9
       8
       5
      12
       5
      10
       5
       4
       5
      10
       4
       5
       7
       6
       4
       4
       7
       7
       9
       6
       4
       5
       5
       4
       6
       5
       9
       6
       6
       9
       4
      12
       5
       8
       6
       6
       6
       2
       6
       5
      12
       4
       6
       4
       4
       1
       3
       4
       4
       5
       4
       2
       1
       4
       3
       2
       4
       4
       3
       3
       5
       3
       5
       5
       5
       5
       6
       3
       6
       6
       5
       2
       2
       2
       4
       6
       6
       5
       4
      11
       6
       7
       3
       6
       5
       3
       6
       4
       2
       2
       4
       6
       2
       4
       2
       6
       0
       3
       4
       3
       0
       2
       3
       6
       4
       5
       6
       2
       3
       2
       2
       4
       3
       7
       1
       6
       2
       5
       6
       5
       3
       0
       4
       3
       6
       3
       2
       3
       5
       5
       3
       3
       3
       2
       8
       2
       6
       2
       5
       1
       1
       3
       3
       3
       1
       1
       2
       2
       1
       3
       1
       2
       4
       2
       1
       1
       4
       4
       1
       3
       0
       0
       6
       1
       1
       6
       2
       4
       2
       3
       6
       4
       1
       2
       3
       0
       2
       2
       1
       3
       3
       5
       7
       4
       3
       5
       0
       4
       2
       3
       1
       5
       3
       1
       2
       4
       3
       4
       1
       0
       3
       4
       1
       4
       2
       4
       3
       0
       3
       4
       2
       3
       2
       3
       4
       3
       2
       1
       5
       0
       2
       2
       0
       1
       4
       2
       2
       3
       7
       3
       3
       6
       3
       1
       2
       3
       3
       5
       1
       3
       1
       8
       4
       2
       2
       2
       3
       0
       0
       6
       3
       2
       3
       2
       3
       1
       3
       0
       5
       0
       3
       2
       2
       3
       4
       1
       2
       4
       3
       1
       1
       0
       1
       2
       3
       2
       2
       1
       3
       2
       2
       5
       0
       3
       0
       1
       2
       0
       1
       1
       6
       3
       2
       1
       1
       0
       1
       1
       1
       0
       1
       1
       1
       3
       2
       4
       1
       5
       0
       2
       2
       2
       1
       2
       3
       2
       0
       4
       1
       4
       2
       2
       1
       2
       1
       1
       0
       1
       1
       1
       2
       1
       0
       0
       0
       3
       2
       4
       2
       2
       4
       2
       4
       3
       1
       6
       0
       0
       1
       2
       2
       1
       3
       0
       1
       0
       1
       1
       1
       2
       3
       5
       0
       1
       3
       3
       1
       2
       2
       4
       1
       2
       3
       1
       3
       1
       1
       0
       0
       0
       1
       0
       0
       0
       0
       1
       1
       2
       0
       2
       2
       0
       0
       2
       0
       1
       0
       0
       1
       1
       1
       1
       1
       2
       1
       2
       1
       0
       3
       0
       1
       1
       0
       2
       0
       0
       0
       1
       0
       0
       1
       0
       0
       0
       1
       2
       0
       0
       1
       1
       1
       1
       0
       0
       2
       2
       0
       0
       3
       1
       1
       0
       2
       0
       4
       1
       1
       2
       2
       2
       2
       0
       1
       4
       0
       2
       1
       0
       0
       2
       1
       1
       1
       3
       0
       0
       0
       0
       1
       0
       0
       0
       1
       1
       2
       0
       0
       0
       0
       1
       0
       1
       1
       0
       0
       0
       1
       1
       0
       2
       2
       1
       0
       1
       0
       1
       2
       1
       0
       0
       2
       0
       0
       2
       1
       0
       2
       0
       1
       1
       1
       1
       2
       0
       2
       0
       0
       1
       1
       0
       1
       0
       0
       1
       1
       0
       0
       0
       1
       2
       0
       0
       0
       0
       1
       2
       0
       0
       0
       1
       0
       0
       1
       0
       2
       0
       0
       1
       0
       1
       1
       0
       2
       2
       0
       0
       0
       1
       0
       0
       1
       1
       0
       0
       1
       0
       1
       1
       0
       0
       0
       1
       1
       0
       0
       1
       1
       0
       0
       0
       0
       0
       0
       1
       0
       0
       2
       0
       0
       0
       1
       0
       0
       0
       0
       0
       0
       1
       0
       0
       1
       0
       1
       1
       1
       0
       0
       1
       0
       0
       0
       0
       1
       0
       0
       1
       0
       0
       0
       0
       0
       1
       0
       0
       0
       1
       0
       0
       0
       0
       0
       0
       0
       0
       0
       0
       1
       0
       0
       1
       0
       0
       0
       0
       0
       0
       0
       0
       0
       0
       0
       0
       0
       0
       0
       0
       0
       0
       0
       0
       0
       0
       0
       0
       0
       0
       0
       0
       0
       0
       0
       0
       0
       0
       0
       2
       0
       0
       0
       0
       0
       0
       0
       0
       0
       0
       0
       0
       1
       0
       0
       0
       1
       0
       0
       0
       0
       0
       0
       0
       1
       0
       0
       0
       0
       1
       0
       0
       0
       0
       0
       1
       1
       0
       0
       0
       0
       0
       0
       0
       0
       0
       0
       0
       0
       0
       0
       0
       0
       0
       0
       0
       0
       0
       0
       0
       1
       0
       0
       0
       0
       0
       0
       0
       0
       1
       0
       0
       0
       0
       0
       0
       0
       0
       0
       0
       0
       0
       0
       0
       0
       0
       0
       0
       0
       0
       0
       3
       1
       0
       0
       0
       0
       0
       0
       0
       0
       0
       0
       0
       0
       0
       0
       0
       0
       0
       0
       0
       0
       0
       0
       0
       0
       0
       0
       0
       0
       0
       0
       0
       0
       0
       0
       0
       0
       0
       0
       0
       0
       0
       0
       0
       0
       0
       0
       0
       0
       0
       0
       0
       0
       0
       0
       0
       0
       0
       0
       0
       0
       0
       0
       0
       0
       0
       0
       0
       0
       0
       0
       0
       0
       0
       0
       0
       0
       0
       0
       0
       0
       0
       0
       0
       0
       0
       0
       0
       0
       0
       0
       0
       0
       0
       0
       0
       0
       0
       0
       0
       0
       0
       0
       0
       0
       0
       0
       0
       0
       0
       0
       0
       0
       0
       0
       0
       0
       0
       0
       0
       0
       0
       0
       0
       0
       0
       0
       0
       0
       0
       0
       0
       0
       0
       0
       0
       0
       0
       0
       0
       0
       0
       0
       0
       0
       0
       0
       0
       0
       0
       0
       0
       0
       0
       0
       0
       0
       0
       0
       0
       0
       0
       0
       0
       0
       0
       0
       0
       0
       0
       0
       0
       0
       0
       0
       0
       0
       0
       0
       0
       0
       0
       0
       0
       0
       0
       0
       0
       0
       0
       0
       0
       0
       0
       0
       0
       0
       0
       0
       0
       0
       0
       0
       0
       0
       0
       0
       0
       0
       0
       0
       0
       0
       0
       0
       0
       0
       0
       0
       0
       0
       0
       0
       0
       0
       0
       0
       0
       0
       0
       0
       0
       0
       0
       0
       0
       0
       0
       0
       0
       0
       0
       0
       0
       0
       0
       0
       0
       0
       0
       0
       0
       0
       0
       0
       0
       0
       0
       0
       0
       0
       0
       0
       0
       0
       0
       0
       0
       0
       0
       0
       0
       0
       0
       0
       0
       0
       0
       0
       0
       0
       0
       0
       0
       0
       0
       0
       0
       0
       0
       0
       0
       0
       0
       0
       0
       0
       0
       0
       0
       0
       0
       0
       0
       0
       0
       0
       0
       0
       0
       0
       0
       0
       0
       0
       0
       0
       0
       0
       0
       0
       0
       0
       0
       0
       0
       0
       0
       0
       0
       0
       0
       0
       0
       0
       0
       0
       0
       0
       0
       0
       0
       0
       0
       0
       0
       0
       0
       0
       0
       0
       0
       0
       0
       0
       0
       0
       0
       0
       0
       0
       0
       0
       0
       0
       0
       0
       0
       0
       0
       0
       0
       0
       0
       0
       0
       0
       0
       0
       0
       0
       0
       0
       0
       0
       0
       0
       0
       0
       0
       0
       0
       0
       0
       0
       0
       0
       0
       0
       0
       0
       0
       0
       0
       0
       0
       0
       0
       0
       0
       0
       0
       0
       0
       0
       0
       0
       0
       0
       0
       0
       0
       0
       0
       0
       0
       0
       0
       0
       0
       0
       0
       0
       0
       0
       0
       0
       0
       0
       0
       0
       0
       0
       0
       0
       0
       0
       0
       0
       0
       0
       0
       0
       0
       0
       0
       0
       0
       0
       0
       0
       0
       0
       0
       0
       0
       0
       0
       0
       0
       0
       0
       0
       0
       0
       0
       0
       0
       0
       0
       0
       0
       0
       0
       0
       0
       0
       0
       0
       0
       0
       0
       0
       0
       0
       0
       0
       0
       0
       0
       0
       0
       0
       0
       0
       0
       0
       0
       0
       0
       0
       0
       0
$ROI:
0
$PRESETS:
None
0
0
$ENER_FIT:
0.000000 0.000000
$MCA_CAL:
3
0.000000E+000 0.000000E+000 0.000000E+000 
$SHAPE_CAL:
3
0.000000E+000 0.000000E+000 0.000000E+000
